Sample,Ch1,Ch2
0,0.018627451732754707,-0.029411764815449715
1,0.0313725508749485,0.0416666679084301
2,0.0573529414832592,1.404411792755127
3,0.053921569138765335,2.4215686321258545
4,0.07205882668495178,2.899509906768799
5,0.08137255162000656,3.350490093231201
6,0.05539215728640556,3.786764621734619
7,0.07990196347236633,4.26225471496582
8,0.06666667014360428,4.73774528503418
9,0.0730392187833786,5.122549057006836
10,0.05931372568011284,5.580882549285889
11,0.06568627804517746,5.963235378265381
12,0.07009804248809814,6.259803771972656
13,0.06029411777853966,6.553921699523926
14,0.06029411777853966,6.752450942993164
15,0.04754902049899101,6.877450942993164
16,0.052941177040338516,6.985294342041016
17,0.0313725508749485,6.946078300476074
18,0.03529411926865578,6.872549057006836
19,0.045098040252923965,6.703431606292725
20,0.020098039880394936,6.416666507720947
21,0.0313725508749485,6.122549057006836
22,0.022549020126461983,5.767157077789307
23,-0.04901960864663124,5.296568393707275
24,-0.05147058889269829,4.769608020782471
25,-0.005392157007008791,4.230391979217529
26,-0.00147058826405555,3.757352828979492
27,0.019117647781968117,3.1151959896087646
28,0.0024509804788976908,2.566176414489746
29,-0.009803921915590763,1.9950979948043823
30,0.00637254910543561,1.4436274766921997
31,-0.01225490216165781,0.9191176295280457
32,0.0004901961074210703,0.4828431308269501
33,-0.006862745154649019,0.05637254938483238
34,0.0004901961074210703,-0.2916666567325592
35,0.0024509804788976908,-0.5269607901573181
36,0.004411764908581972,-0.7058823704719543
37,0.0117647061124444,-0.8553921580314636
38,0.026470588520169258,-0.8480392098426819
39,0.019117647781968117,-0.8504902124404907
40,0.023039216175675392,-0.6593137383460999
41,0.03186274692416191,-0.4313725531101227
42,0.061764705926179886,-0.14215686917304993
43,0.020588235929608345,0.22794117033481598
44,0.062254901975393295,0.6519607901573181
45,0.05000000074505806,1.1740195751190186
46,0.06323529779911041,1.6936274766921997
47,0.06715686619281769,2.2892158031463623
48,0.062745101749897,2.8848040103912354
49,0.07647059112787247,3.4460785388946533
50,0.06323529779911041,4.053921699523926
51,0.07696078717708588,4.571078300476074
52,0.08578431606292725,5.05637264251709
53,0.07058823853731155,5.588235378265381
54,0.06715686619281769,5.94362735748291
55,0.0730392187833786,6.240196228027344
56,0.05882352963089943,6.514705657958984
57,0.0784313753247261,6.683823585510254
58,0.03333333507180214,6.735294342041016
59,0.08284313976764679,6.732842922210693
60,0.03186274692416191,6.563725471496582
61,0.045588236302137375,6.375
62,-0.15539215505123138,5.982842922210693
63,-2.0578432083129883,5.460784435272217
64,0.7823529243469238,5.159313678741455
65,-1.2107843160629272,4.622549057006836
66,0.11715686321258545,3.9828431606292725
67,-0.26274511218070984,3.4142158031463623
68,-0.06029411777853966,2.720588207244873
69,-0.13872548937797546,2.0098040103912354
70,-0.036764707416296005,1.3504902124404907
71,-0.0936274528503418,0.6960784196853638
72,0.01225490216165781,0.03431372717022896
73,-0.08774510025978088,-0.5906862616539001
74,-0.014215686358511448,-1.1151961088180542
75,-0.05049019679427147,-1.5465686321258545
76,-0.0117647061124444,-1.9877450466156006
77,-0.01568627543747425,-2.3014705181121826
78,-0.01617647148668766,-2.475490093231201
79,-0.0024509804788976908,-2.5857841968536377
80,0.0029411765281111,-2.593137264251709
81,0.0058823530562222,-2.5171568393707275
82,0.02500000037252903,-2.308823585510254
83,0.027450980618596077,-2.0
84,0.03382353112101555,-1.6200979948043823
85,0.045588236302137375,-1.1446079015731812
86,0.04852941259741783,-0.5563725233078003
87,0.06617647409439087,0.09313725680112839
88,0.07009804248809814,0.7328431606292725
89,0.07696078717708588,1.4509804248809814
90,0.07254902273416519,2.191176414489746
91,0.07352941483259201,2.8872549533843994
92,0.07500000298023224,3.600490093231201
93,0.08235294371843338,4.289215564727783
94,0.0676470622420311,4.904411792755127
95,0.1044117659330368,5.529411792755127
96,0.06323529779911041,5.970588207244873
97,0.0941176488995552,6.375
98,0.054901961237192154,6.698529243469238
99,0.07941176742315292,6.919117450714111
100,0.0573529414832592,7.014705657958984
101,0.062745101749897,6.985294342041016
102,0.05147058889269829,6.860294342041016
103,0.03186274692416191,6.583333492279053
104,0.036274511367082596,6.213235378265381
105,0.01666666753590107,5.774509906768799
106,0.009803921915590763,5.227941036224365
107,0.01274509821087122,4.607842922210693
108,-0.007352941203862429,3.867647171020508
109,-0.009803921915590763,3.117647171020508
110,-0.011274510063230991,2.2965686321258545
111,-0.027941176667809486,1.4877450466156006
112,-0.013235294260084629,0.688725471496582
113,-0.030392156913876534,-0.15931372344493866
114,-0.026470588520169258,-0.9093137383460999
115,-0.0313725508749485,-1.6348038911819458
116,-0.03333333507180214,-2.345588207244873
117,-0.021078431978821754,-2.904411792755127
118,-0.0313725508749485,-3.370098114013672
119,-0.03284313902258873,-3.752450942993164
120,-0.01568627543747425,-3.995098114013672
121,0.0049019609577953815,-4.196078300476074
122,-0.0049019609577953815,-4.218137264251709
123,0.018137255683541298,-4.115196228027344
124,0.028431372717022896,-3.8848040103912354
125,0.035784315317869186,-3.5392158031463623
126,0.0024509804788976908,-3.149509906768799
127,-0.46225491166114807,-2.590686321258545
128,0.03480392321944237,-1.8995097875595093
129,0.06862745434045792,-1.1495097875595093
130,-0.11029411852359772,-0.33088234066963196
131,0.20000000298023224,0.5441176295280457
132,-0.052941177040338516,1.377450942993164
133,0.0730392187833786,2.2401959896087646
134,0.1411764770746231,3.151960849761963
135,0.007352941203862429,3.970588207244873
136,0.09215686470270157,4.774509906768799
137,0.05147058889269829,5.480391979217529
138,0.08039215952157974,6.169117450714111
139,0.06470588594675064,6.683823585510254
140,0.05588235333561897,7.151960849761963
141,0.06078431382775307,7.426470756530762
142,0.06421568989753723,7.607842922210693
143,0.06862745434045792,7.674019813537598
144,0.022058824077248573,7.571078300476074
145,0.05000000074505806,7.370098114013672
146,0.015196078456938267,6.990196228027344
147,0.022549020126461983,6.497549057006836
148,0.00637254910543561,5.916666507720947
149,0.0,5.218137264251709
150,-0.011274510063230991,4.406862735748291
151,-0.014215686358511448,3.5710785388946533
152,-0.028921568766236305,2.593137264251709
153,-0.03186274692416191,1.6666666269302368
154,-0.04803921654820442,0.6960784196853638
155,-0.04754902049899101,-0.2965686321258545
156,-0.04019607976078987,-1.2647058963775635
157,-0.04754902049899101,-2.122549057006836
158,-0.08725490421056747,-2.9779412746429443
159,-0.11323529481887817,-3.7941176891326904
160,-0.13921569287776947,-4.409313678741455
161,-0.05098039284348488,-4.938725471496582
162,-0.06862745434045792,-5.377450942993164
163,-0.03382353112101555,-5.615196228027344
164,-0.019117647781968117,-5.754901885986328
165,-0.020588235929608345,-5.718137264251709
166,-0.007843137718737125,-5.627450942993164
167,0.0058823530562222,-5.232842922210693
168,0.023039216175675392,-4.784313678741455
169,0.03872549161314964,-4.213235378265381
170,0.046568628400564194,-3.5171568393707275
171,0.0470588244497776,-2.69362735748291
172,0.05833333358168602,-1.784313678741455
173,0.0681372582912445,-0.8872548937797546
174,0.07990196347236633,0.11764705926179886
175,0.08627451211214066,1.215686321258545
176,0.09264706075191498,2.2377450466156006
177,0.09117647260427475,3.3014705181121826
178,0.09068627655506134,4.311274528503418
179,0.10294117778539658,5.23774528503418
180,0.09803921729326248,6.061274528503418
181,0.09705882519483566,6.852941036224365
182,0.09705882519483566,7.463235378265381
183,0.08235294371843338,7.982842922210693
184,0.07598039507865906,8.264705657958984
185,0.07058823853731155,8.52450942993164
186,0.062745101749897,8.590685844421387
187,0.04754902049899101,8.495098114013672
188,0.04117647185921669,8.198529243469238
189,0.036274511367082596,7.784313678741455
190,-0.04117647185921669,7.242647171020508
191,0.01666666753590107,6.524509906768799
192,-0.005392157007008791,5.705882549285889
193,-0.02500000037252903,4.799019813537598
194,-0.00147058826405555,3.8357841968536377
195,-0.0573529414832592,2.7279412746429443
196,0.02549019642174244,1.622549057006836
197,1.3514705896377563,0.5735294222831726
198,-0.897549033164978,-0.7254902124404907
199,1.0813724994659424,-1.7303920984268188
200,-0.5151960849761963,-2.7622549533843994
201,0.17843137681484222,-3.843137264251709
202,0.006862745154649019,-4.627450942993164
203,-0.04117647185921669,-5.426470756530762
204,0.06715686619281769,-6.088235378265381
205,-0.054901961237192154,-6.61274528503418
206,-0.019607843831181526,-6.921568393707275
207,0.06372549384832382,-7.098039150238037
208,-0.07009804248809814,-7.105391979217529
209,0.04411764815449715,-6.946078300476074
210,0.04754902049899101,-6.629901885986328
211,0.010294117964804173,-6.161764621734619
212,0.07009804248809814,-5.502450942993164
213,0.014215686358511448,-4.757352828979492
214,0.07990196347236633,-3.8921568393707275
215,0.046078432351350784,-2.8627450466156006
216,0.07156863063573837,-1.7990195751190186
217,0.07941176742315292,-0.6666666865348816
218,0.0941176488995552,0.5441176295280457
219,0.09460784494876862,1.7230392694473267
220,0.09558823704719543,2.9166667461395264
221,0.09852941334247589,4.071078300476074
222,0.09950980544090271,5.149509906768799
223,0.10539215803146362,6.154411792755127
224,0.10686274617910385,7.066176414489746
225,0.10098039358854294,7.840686321258545
226,0.09264706075191498,8.526960372924805
227,0.0941176488995552,8.960783958435059
228,0.0676470622420311,9.29411792755127
229,0.06666667014360428,9.401960372924805
230,0.0519607849419117,9.424019813537598
231,0.03480392321944237,9.235294342041016
232,0.030392156913876534,8.835783958435059
233,0.01274509821087122,8.33088207244873
234,0.013235294260084629,7.622549057006836
235,-0.009313725866377354,6.813725471496582
236,0.0,5.865196228027344
237,-0.03186274692416191,4.779411792755127
238,-0.03431372717022896,3.5808823108673096
239,-0.05833333358168602,2.4166667461395264
240,-0.045098040252923965,1.1715686321258545
241,-0.05980392172932625,-0.04411764815449715
242,-0.06029411777853966,-1.313725471496582
243,-0.06862745434045792,-2.5416667461395264
244,-0.07058823853731155,-3.69362735748291
245,-0.07205882668495178,-4.720588207244873
246,-0.05833333358168602,-5.622549057006836
247,-0.06519608199596405,-6.450980186462402
248,-0.04901960864663124,-7.102941036224365
249,-0.062254901975393295,-7.644608020782471
250,-0.03431372717022896,-7.997549057006836
251,-0.03921568766236305,-8.120098114013672
252,-0.019117647781968117,-8.117647171020508
253,-0.003921568859368563,-7.933823585510254
254,0.005392157007008791,-7.55637264251709
255,0.018627451732754707,-7.0
256,0.03480392321944237,-6.289215564727783
257,0.0416666679084301,-5.482842922210693
258,0.04852941259741783,-4.482842922210693
259,0.06715686619281769,-3.4215686321258545
260,0.07745098322629929,-2.2352941036224365
261,0.09215686470270157,-0.9926470518112183
262,0.07107843458652496,0.25
263,0.10882353037595749,1.5367647409439087
264,0.0936274528503418,2.8039214611053467
265,0.13676470518112183,4.029411792755127
266,0.3480392098426819,5.245098114013672
267,0.19019608199596405,6.31862735748291
268,-0.07254902273416519,7.203431606292725
269,0.4367647171020508,8.134803771972656
270,-0.16764706373214722,8.772058486938477
271,0.2544117569923401,9.370098114013672
272,0.05049019679427147,9.735294342041016
273,0.06715686619281769,9.914216041564941
274,0.10735294222831726,9.950980186462402
275,-0.008333333767950535,9.828431129455566
276,0.05882352963089943,9.453431129455566
277,0.021568628028035164,8.928921699523926
278,0.0024509804788976908,8.242647171020508
279,-0.005392157007008791,7.438725471496582
280,-0.02500000037252903,6.514705657958984
281,-0.030392156913876534,5.448529243469238
282,-0.029411764815449715,4.267157077789307
283,-0.05931372568011284,3.05637264251709
284,-0.04852941259741783,1.7745097875595093
285,-0.06715686619281769,0.4779411852359772
286,-0.06617647409439087,-0.8161764740943909
287,-0.07745098322629929,-2.002450942993164
288,-0.07500000298023224,-3.2598040103912354
289,-0.07205882668495178,-4.397058963775635
290,-0.0676470622420311,-5.372549057006836
291,-0.07009804248809814,-6.30637264251709
292,-0.06519608199596405,-7.031862735748291
293,-0.06421568989753723,-7.639705657958984
294,-0.03480392321944237,-8.083333015441895
295,-0.04362745210528374,-8.379901885986328
296,-0.028431372717022896,-8.46813678741455
297,-0.014215686358511448,-8.433823585510254
298,-0.0049019609577953815,-8.161765098571777
299,0.0,-7.696078300476074
300,0.01764705963432789,-7.132352828979492
301,0.03480392321944237,-6.392157077789307
302,0.044607844203710556,-5.524509906768799
303,0.05833333358168602,-4.504901885986328
304,0.05784313753247261,-3.5196077823638916
305,0.08676470816135406,-2.3357841968536377
306,0.08921568840742111,-1.095588207244873
307,0.09264706075191498,0.11029411852359772
308,0.09754902124404907,1.377450942993164
309,0.10490196198225021,2.629901885986328
310,0.09264706075191498,3.7990195751190186
311,0.10245098173618317,4.936274528503418
312,0.10539215803146362,5.997549057006836
313,0.08970588445663452,6.924019813537598
314,0.0833333358168602,7.784313678741455
315,0.09313725680112839,8.463234901428223
316,0.07647059112787247,8.948529243469238
317,0.07745098322629929,9.382352828979492
318,0.0676470622420311,9.61274528503418
319,0.05000000074505806,9.644607543945312
320,0.046568628400564194,9.55637264251709
321,0.014705882407724857,9.301470756530762
322,0.004411764908581972,8.808823585510254
323,0.030882352963089943,8.28186321258545
324,-0.014705882407724857,7.539215564727783
325,-0.00147058826405555,6.700980186462402
326,-0.03333333507180214,5.75
327,-0.03970588371157646,4.669117450714111
328,-0.04313725605607033,3.5808823108673096
329,-0.046078432351350784,2.4509804248809814
330,-0.06617647409439087,1.281862735748291
331,-0.06078431382775307,0.08578431606292725
332,-0.07647059112787247,-1.0735293626785278
333,-0.08382353186607361,-2.2303922176361084
334,-0.06911765038967133,-3.220588207244873
335,-0.06666667014360428,-4.279411792755127
336,-0.06421568989753723,-5.151960849761963
337,-0.062745101749897,-5.933823585510254
338,-0.054411765187978745,-6.580882549285889
339,-0.053921569138765335,-7.142157077789307
340,-0.03921568766236305,-7.480391979217529
341,-0.04264706000685692,-7.76225471496582
342,-0.022058824077248573,-7.813725471496582
343,-0.019607843831181526,-7.740196228027344
344,-0.0019607844296842813,-7.502450942993164
345,0.00637254910543561,-7.122549057006836
346,0.00637254910543561,-6.678921699523926
347,0.01764705963432789,-6.034313678741455
348,0.036764707416296005,-5.225490093231201
349,0.04901960864663124,-4.475490093231201
350,0.0519607849419117,-3.495098114013672
351,0.06421568989753723,-2.507352828979492
352,0.06029411777853966,-1.4558823108673096
353,0.0779411792755127,-0.4117647111415863
354,0.07941176742315292,0.6372548937797546
355,0.08529412001371384,1.7352941036224365
356,0.08431372791528702,2.7671568393707275
357,0.0887254923582077,3.774509906768799
358,0.0941176488995552,4.725490093231201
359,0.0833333358168602,5.588235378265381
360,0.06470588594675064,6.333333492279053
361,0.08578431606292725,6.990196228027344
362,0.07450980693101883,7.546568393707275
363,0.0573529414832592,7.938725471496582
364,0.0784313753247261,8.296568870544434
365,0.04411764815449715,8.463234901428223
366,0.05245098099112511,8.480392456054688
367,0.04117647185921669,8.40686321258545
368,0.029411764815449715,8.151960372924805
369,0.0117647061124444,7.799019813537598
370,0.014215686358511448,7.352941036224365
371,-0.003921568859368563,6.767157077789307
372,-0.0049019609577953815,6.105391979217529
373,-0.015196078456938267,5.352941036224365
374,-0.03921568766236305,4.514705657958984
375,-0.023039216175675392,3.6691176891326904
376,-0.04803921654820442,2.7647058963775635
377,-0.04117647185921669,1.811274528503418
378,-0.045588236302137375,0.8039215803146362
379,-0.0470588244497776,-0.16421568393707275
380,-0.053921569138765335,-1.0784313678741455
381,-0.06078431382775307,-1.9754902124404907
382,-0.05980392172932625,-2.840686321258545
383,-0.05686274543404579,-3.6470587253570557
384,-0.053431373089551926,-4.269608020782471
385,-0.04901960864663124,-4.906862735748291
386,-0.04313725605607033,-5.495098114013672
387,-0.04362745210528374,-5.882352828979492
388,-0.0416666679084301,-6.208333492279053
389,-0.038235295563936234,-6.438725471496582
390,0.013235294260084629,-6.539215564727783
391,-0.03284313902258873,-6.509803771972656
392,0.0029411765281111,-6.438725471496582
393,0.008823529817163944,-6.19362735748291
394,0.0004901961074210703,-5.838235378265381
395,0.02500000037252903,-5.394608020782471
396,0.02450980432331562,-4.889705657958984
397,0.0313725508749485,-4.284313678741455
398,0.03970588371157646,-3.622549057006836
399,0.037254903465509415,-2.8848040103912354
400,0.05049019679427147,-2.1029412746429443
401,0.05686274543404579,-1.2867647409439087
402,0.06715686619281769,-0.4313725531101227
403,0.06666667014360428,0.4387255012989044
404,0.06372549384832382,1.3014706373214722
405,0.0730392187833786,2.1666667461395264
406,0.07156863063573837,2.997549057006836
407,0.06960784643888474,3.7328431606292725
408,0.08137255162000656,4.465686321258545
409,0.07647059112787247,5.078431606292725
410,0.07009804248809814,5.727941036224365
411,0.0676470622420311,6.269608020782471
412,0.06862745434045792,6.700980186462402
413,0.05882352963089943,7.06862735748291
414,0.05637254938483238,7.267157077789307
415,0.0470588244497776,7.424019813537598
416,0.0416666679084301,7.482842922210693
417,0.026960784569382668,7.455882549285889
418,0.03529411926865578,7.308823585510254
419,0.01666666753590107,7.058823585510254
420,0.008823529817163944,6.732842922210693
421,0.01274509821087122,6.286764621734619
422,-0.0009803922148421407,5.764705657958984
423,-0.011274510063230991,5.208333492279053
424,-0.009803921915590763,4.549019813537598
425,-0.027450980618596077,3.8284313678741455
426,-0.027941176667809486,3.0808823108673096
427,-0.05147058889269829,2.242647171020508
428,-0.026960784569382668,1.441176414489746
429,-0.053431373089551926,0.6029411554336548
430,-0.0416666679084301,-0.25245097279548645
431,-0.054411765187978745,-1.0759804248809814
432,-0.04950980469584465,-1.9166666269302368
433,-0.04803921654820442,-2.6789214611053467
434,-0.0470588244497776,-3.3651959896087646
435,-0.05882352963089943,-4.107842922210693
436,-0.038235295563936234,-4.703431606292725
437,-0.036764707416296005,-5.203431606292725
438,-0.03382353112101555,-5.659313678741455
439,-0.03480392321944237,-6.063725471496582
440,-0.03333333507180214,-6.299019813537598
441,-0.02500000037252903,-6.455882549285889
442,-0.02549019642174244,-6.590686321258545
443,-0.010294117964804173,-6.522058963775635
444,-0.00147058826405555,-6.367647171020508
445,0.006862745154649019,-6.11274528503418
446,0.018627451732754707,-5.754901885986328
447,0.018137255683541298,-5.31862735748291
448,0.027450980618596077,-4.81862735748291
449,0.04019607976078987,-4.198529243469238
450,0.04901960864663124,-3.502450942993164
451,0.038235295563936234,-2.725490093231201
452,0.0519607849419117,-1.875
453,0.062254901975393295,-1.0416666269302368
454,0.07156863063573837,-0.10294117778539658
455,0.0676470622420311,0.7745097875595093
456,0.07598039507865906,1.6740195751190186
457,0.08137255162000656,2.5490195751190186
458,0.08480392396450043,3.470588207244873
459,0.08088235557079315,4.316176414489746
460,0.08578431606292725,5.120098114013672
461,0.08235294371843338,5.833333492279053
462,0.06078431382775307,6.55637264251709
463,0.0676470622420311,7.100490093231201
464,0.062745101749897,7.61274528503418
465,0.06323529779911041,8.01225471496582
466,0.061764705926179886,8.26225471496582
467,0.053431373089551926,8.448529243469238
468,0.04215686395764351,8.5
469,0.019117647781968117,8.382352828979492
470,0.026470588520169258,8.227941513061523
471,0.020098039880394936,7.955882549285889
472,0.00637254910543561,7.524509906768799
473,0.003921568859368563,7.007352828979492
474,-0.013725490309298038,6.365196228027344
475,-0.02549019642174244,5.632352828979492
476,-0.010294117964804173,4.81862735748291
477,-0.03382353112101555,3.9215686321258545
478,-0.04313725605607033,3.0441176891326904
479,-0.05098039284348488,2.034313678741455
480,-0.053431373089551926,1.061274528503418
481,-0.05588235333561897,0.04901960864663124
482,-0.07107843458652496,-0.9289215803146362
483,-0.05637254938483238,-1.9632352590560913
484,-0.06960784643888474,-2.936274528503418
485,-0.06029411777853966,-3.813725471496582
486,-0.05980392172932625,-4.674019813537598
487,-0.06666667014360428,-5.485294342041016
488,-0.04901960864663124,-6.147058963775635
489,-0.05049019679427147,-6.713235378265381
490,-0.05686274543404579,-7.230391979217529
491,-0.03970588371157646,-7.553921699523926
492,-0.04068627581000328,-7.811274528503418
493,-0.03235294297337532,-7.894608020782471
494,-0.02598039247095585,-7.892157077789307
495,-0.0019607844296842813,-7.730391979217529
496,0.0,-7.470588207244873
497,0.0117647061124444,-7.06862735748291
498,0.013725490309298038,-6.585784435272217
499,0.026470588520169258,-5.93137264251709
500,0.03970588371157646,-5.151960849761963
501,0.04803921654820442,-4.38725471496582
502,0.05245098099112511,-3.4852941036224365
503,0.06372549384832382,-2.5465686321258545
504,0.06568627804517746,-1.5367647409439087
505,0.07598039507865906,-0.4313725531101227
506,0.07745098322629929,0.5563725233078003
507,0.07696078717708588,1.654411792755127
508,0.09117647260427475,2.7083332538604736
509,0.08382353186607361,3.691176414489746
510,0.0941176488995552,4.666666507720947
511,0.09166666865348816,5.563725471496582
512,0.08774510025978088,6.372549057006836
513,0.0882352963089943,7.083333492279053
514,0.07892157137393951,7.789215564727783
515,0.06323529779911041,8.31862735748291
516,0.06519608199596405,8.732843399047852
517,0.053921569138765335,9.03186321258545
518,0.046568628400564194,9.191176414489746
519,0.08039215952157974,9.232843399047852
520,0.13235294818878174,9.11274528503418
521,0.0833333358168602,8.89950942993164
522,0.037745099514722824,8.61274528503418
523,0.02598039247095585,8.144607543945312
524,-0.00147058826405555,7.602941036224365
525,-0.02598039247095585,6.919117450714111
526,-0.01617647148668766,6.159313678741455
527,-0.02401960827410221,5.313725471496582
528,-0.028431372717022896,4.416666507720947
529,-0.035784315317869186,3.433823585510254
530,-0.04901960864663124,2.502450942993164
531,-0.05049019679427147,1.468137264251709
532,-0.045588236302137375,0.5245097875595093
533,-0.054411765187978745,-0.5196078419685364
534,-0.05784313753247261,-1.5367647409439087
535,-0.05980392172932625,-2.4828431606292725
536,-0.04117647185921669,-3.3529412746429443
537,-0.08088235557079315,-4.178921699523926
538,-0.04019607976078987,-4.958333492279053
539,-0.06323529779911041,-5.595588207244873
540,-0.046078432351350784,-6.235294342041016
541,-0.052941177040338516,-6.676470756530762
542,-0.026470588520169258,-7.093137264251709
543,-0.036274511367082596,-7.375
544,-0.019607843831181526,-7.524509906768799
545,-0.020588235929608345,-7.546568393707275
546,-0.011274510063230991,-7.482842922210693
547,-0.0058823530562222,-7.321078300476074
548,0.007843137718737125,-7.007352828979492
549,0.01617647148668766,-6.625
550,0.011274510063230991,-6.171568393707275
551,0.018627451732754707,-5.607842922210693
552,0.04852941259741783,-4.928921699523926
553,0.026470588520169258,-4.198529243469238
554,0.061764705926179886,-3.44362735748291
555,-0.8161764740943909,-2.7377450466156006
556,-0.40980392694473267,-1.840686321258545
557,0.4955882430076599,-0.8382353186607361
558,-0.7186274528503418,-0.09558823704719543
559,0.44117647409439087,0.8897058963775635
560,-0.12843137979507446,1.779411792755127
561,0.08529412001371384,2.6029412746429443
562,0.05833333358168602,3.441176414489746
563,0.00147058826405555,4.171568393707275
564,0.10637255012989044,4.865196228027344
565,0.023039216175675392,5.549019813537598
566,0.06519608199596405,6.105391979217529
567,0.05049019679427147,6.666666507720947
568,0.05686274543404579,7.051470756530762
569,0.04852941259741783,7.419117450714111
570,0.03529411926865578,7.676470756530762
571,0.026960784569382668,7.843137264251709
572,0.0416666679084301,7.88725471496582
573,0.0235294122248888,7.919117450714111
574,0.028921568766236305,7.80637264251709
575,0.009803921915590763,7.610294342041016
576,0.010294117964804173,7.330882549285889
577,0.005392157007008791,6.968137264251709
578,0.0029411765281111,6.56862735748291
579,-0.009803921915590763,6.085784435272217
580,-0.011274510063230991,5.534313678741455
581,-0.021568628028035164,4.916666507720947
582,-0.03480392321944237,4.245098114013672
583,-0.029411764815449715,3.5710785388946533
584,-0.03872549161314964,2.875
585,-0.04313725605607033,2.117647171020508
586,-0.0313725508749485,1.3284313678741455
587,-0.0034313725773245096,0.5343137383460999
588,-0.06568627804517746,-0.19362744688987732
589,-0.021568628028035164,-1.0171568393707275
590,-0.02401960827410221,-1.7401961088180542
591,-0.0519607849419117,-2.4240195751190186
592,-0.018627451732754707,-3.117647171020508
593,-0.05833333358168602,-3.747549057006836
594,-0.029411764815449715,-4.338235378265381
595,-0.035784315317869186,-4.821078300476074
596,-0.03186274692416191,-5.335784435272217
597,-0.038235295563936234,-5.75
598,-0.021568628028035164,-6.102941036224365
599,-0.02450980432331562,-6.316176414489746
600,-0.02401960827410221,-6.517157077789307
601,-0.021568628028035164,-6.63725471496582
602,-0.007843137718737125,-6.686274528503418
603,-0.006862745154649019,-6.571078300476074
604,-0.0004901961074210703,-6.446078300476074
605,0.010784314014017582,-6.169117450714111
606,0.009313725866377354,-5.906862735748291
607,0.014215686358511448,-5.502450942993164
608,0.014215686358511448,-5.007352828979492
609,0.027450980618596077,-4.51225471496582
610,0.03333333507180214,-3.963235378265381
611,0.04019607976078987,-3.2965686321258545
612,0.046078432351350784,-2.5490195751190186
613,0.061764705926179886,-1.8504902124404907
614,0.053431373089551926,-1.0539215803146362
615,0.06029411777853966,-0.25
616,0.06323529779911041,0.563725471496582
617,0.07009804248809814,1.3799020051956177
618,0.06372549384832382,2.2279412746429443
619,0.05784313753247261,3.0220587253570557
620,0.06862745434045792,3.8235294818878174
621,0.06617647409439087,4.583333492279053
622,0.07009804248809814,5.269608020782471
623,0.062254901975393295,5.963235378265381
624,0.25833332538604736,6.563725471496582
625,0.5058823823928833,7.154411792755127
626,-0.3632352948188782,7.541666507720947
627,0.5740196108818054,7.997549057006836
628,-0.13284313678741455,8.28186321258545
629,0.16029411554336548,8.473039627075195
630,0.06862745434045792,8.573529243469238
631,0.01568627543747425,8.558823585510254
632,0.062745101749897,8.553921699523926
633,0.029411764815449715,8.34313678741455
634,-0.00637254910543561,8.075980186462402
635,0.03284313902258873,7.666666507720947
636,-0.0009803922148421407,7.191176414489746
637,-0.0009803922148421407,6.634803771972656
638,-0.029411764815449715,5.977941036224365
639,-0.03431372717022896,5.340686321258545
640,-0.0004901961074210703,4.507352828979492
641,-0.06372549384832382,3.745098114013672
642,-0.035784315317869186,2.8284313678741455
643,-0.05882352963089943,1.9558823108673096
644,-0.053431373089551926,1.0245097875595093
645,-0.06617647409439087,0.09803921729326248
646,-0.06421568989753723,-0.8700980544090271
647,-0.062745101749897,-1.7745097875595093
648,-0.07500000298023224,-2.6397058963775635
649,-0.05882352963089943,-3.5220587253570557
650,-0.06715686619281769,-4.269608020782471
651,-0.062254901975393295,-5.026960849761963
652,-0.05931372568011284,-5.75
653,-0.054901961237192154,-6.335784435272217
654,-0.01225490216165781,-6.821078300476074
655,-0.03333333507180214,-7.264705657958984
656,0.01568627543747425,-7.632352828979492
657,-0.0058823530562222,-7.803921699523926
658,0.0019607844296842813,-7.950980186462402
659,-0.0034313725773245096,-7.953431606292725
660,0.006862745154649019,-7.833333492279053
661,0.00637254910543561,-7.647058963775635
662,-0.0004901961074210703,-7.328431606292725
663,0.02450980432331562,-6.980391979217529
664,0.02549019642174244,-6.477941036224365
665,0.027941176667809486,-5.911764621734619
666,0.04117647185921669,-5.240196228027344
667,0.03431372717022896,-4.544117450714111
668,0.04803921654820442,-3.725490093231201
669,0.046078432351350784,-2.8872549533843994
670,0.04313725605607033,-2.0490195751190186
671,0.046078432351350784,-1.0980392694473267
672,0.06617647409439087,-0.1985294073820114
673,0.06617647409439087,0.6691176295280457
674,0.0730392187833786,1.6397058963775635
675,0.0730392187833786,2.497549057006836
676,0.06470588594675064,3.3921568393707275
677,0.07549019902944565,4.198529243469238
678,0.07990196347236633,4.901960849761963
679,0.0676470622420311,5.671568393707275
680,0.06715686619281769,6.289215564727783
681,0.06715686619281769,6.884803771972656
682,0.052941177040338516,7.379901885986328
683,0.046568628400564194,7.781862735748291
684,0.06078431382775307,8.122549057006836
685,0.035784315317869186,8.397058486938477
686,0.04411764815449715,8.507352828979492
687,0.03186274692416191,8.595588684082031
688,0.03186274692416191,8.585783958435059
689,0.16078431904315948,8.41911792755127
690,0.3137255012989044,8.215685844421387
691,-0.7745097875595093,7.857842922210693
692,0.7990196347236633,7.553921699523926
693,-1.0004901885986328,7.036764621734619
694,0.49656862020492554,6.617647171020508
695,-0.3651960790157318,6.0
696,0.14215686917304993,5.428921699523926
697,-0.06470588594675064,4.742647171020508
698,-0.0882352963089943,4.017157077789307
699,0.01764705963432789,3.308823585510254
700,-0.06862745434045792,2.5759804248809814
701,-0.07009804248809814,1.7990195751190186
702,-0.02598039247095585,1.0735293626785278
703,-0.04313725605607033,0.29411765933036804
704,-0.014215686358511448,-0.5098039507865906
705,-0.052941177040338516,-1.186274528503418
706,-0.06568627804517746,-1.9215686321258545
707,-0.03872549161314964,-2.595588207244873
708,-0.06960784643888474,-3.218137264251709
709,-0.022058824077248573,-3.840686321258545
710,-0.07696078717708588,-4.355391979217529
711,-0.019117647781968117,-4.879901885986328
712,-0.0519607849419117,-5.345588207244873
713,-0.019607843831181526,-5.696078300476074
714,-0.03284313902258873,-6.063725471496582
715,-0.029901960864663124,-6.269608020782471
716,-0.02549019642174244,-6.463235378265381
717,-0.010784314014017582,-6.590686321258545
718,-0.018137255683541298,-6.696078300476074
719,-0.0235294122248888,-6.63725471496582
720,-0.013725490309298038,-6.580882549285889
721,-0.00147058826405555,-6.426470756530762
722,0.0,-6.218137264251709
723,0.010294117964804173,-5.963235378265381
724,0.0117647061124444,-5.620098114013672
725,0.007352941203862429,-5.230391979217529
726,0.02500000037252903,-4.796568393707275
727,0.01715686358511448,-4.30637264251709
728,0.01715686358511448,-3.7377450466156006
729,0.03284313902258873,-3.1985294818878174
730,0.04068627581000328,-2.590686321258545
731,0.044607844203710556,-1.9240195751190186
732,0.044607844203710556,-1.2377450466156006
733,0.036274511367082596,-0.5
734,0.053921569138765335,0.22549019753932953
735,0.046568628400564194,0.904411792755127
736,0.06666667014360428,1.6397058963775635
737,0.05784313753247261,2.3627450466156006
738,0.05686274543404579,3.1102941036224365
739,0.04019607976078987,3.7916667461395264
740,0.08480392396450043,4.421568393707275
741,0.06029411777853966,5.058823585510254
742,0.05784313753247261,5.69362735748291
743,0.0676470622420311,6.25
744,0.0519607849419117,6.76225471496582
745,0.05686274543404579,7.223039150238037
746,0.04068627581000328,7.583333492279053
747,0.04019607976078987,7.911764621734619
748,0.04362745210528374,8.166666984558105
749,0.035784315317869186,8.338234901428223
750,0.0313725508749485,8.441176414489746
751,0.023039216175675392,8.480392456054688
752,0.01764705963432789,8.411765098571777
753,0.0117647061124444,8.269607543945312
754,0.006862745154649019,8.06862735748291
755,-0.0024509804788976908,7.735294342041016
756,0.010294117964804173,7.397058963775635
757,-0.02549019642174244,6.921568393707275
758,-0.3024509847164154,6.399509906768799
759,-0.32647058367729187,5.803921699523926
760,0.18921568989753723,5.205882549285889
761,-0.4490196108818054,4.458333492279053
762,0.20392157137393951,3.683823585510254
763,-0.3009803891181946,2.9264705181121826
764,-0.01568627543747425,2.1446077823638916
765,-0.046078432351350784,1.281862735748291
766,-0.10784313827753067,0.45588234066963196
767,-0.019607843831181526,-0.4166666567325592
768,-0.0941176488995552,-1.2647058963775635
769,-0.05637254938483238,-2.0784313678741455
770,-0.0519607849419117,-2.882352828979492
771,-0.12401960790157318,-3.6446077823638916
772,-0.04313725605607033,-4.352941036224365
773,-0.0833333358168602,-5.053921699523926
774,-0.05049019679427147,-5.691176414489746
775,-0.05098039284348488,-6.205882549285889
776,-0.062745101749897,-6.715686321258545
777,-0.0416666679084301,-7.115196228027344
778,-0.04852941259741783,-7.379901885986328
779,-0.03480392321944237,-7.63725471496582
780,-0.03333333507180214,-7.791666507720947
781,-0.026470588520169258,-7.867647171020508
782,-0.022058824077248573,-7.848039150238037
783,-0.01617647148668766,-7.732842922210693
784,-0.0058823530562222,-7.553921699523926
785,0.006862745154649019,-7.242647171020508
786,0.0029411765281111,-6.909313678741455
787,0.01274509821087122,-6.433823585510254
788,0.0117647061124444,-5.894608020782471
789,0.028921568766236305,-5.375
790,0.02401960827410221,-4.715686321258545
791,0.03284313902258873,-4.073529243469238
792,0.04313725605607033,-3.3578431606292725
793,0.045588236302137375,-2.598039150238037
794,0.053921569138765335,-1.813725471496582
795,0.04852941259741783,-1.0049020051956177
796,0.05784313753247261,-0.22549019753932953
797,0.04901960864663124,0.6004902124404907
798,0.05539215728640556,1.3799020051956177
799,0.05588235333561897,2.1691176891326904
800,0.05882352963089943,2.938725471496582
801,0.05882352963089943,3.649509906768799
802,0.05882352963089943,4.323529243469238
803,0.05637254938483238,4.973039150238037
804,0.05637254938483238,5.531862735748291
805,0.05637254938483238,6.095588207244873
806,0.05098039284348488,6.598039150238037
807,0.04411764815449715,6.980391979217529
808,0.04264706000685692,7.377450942993164
809,0.046568628400564194,7.639705657958984
810,0.030882352963089943,7.840686321258545
811,0.028921568766236305,8.041666984558105
812,0.030392156913876534,8.10049057006836
813,0.01225490216165781,8.142156600952148
814,0.018137255683541298,8.085783958435059
815,0.015196078456938267,7.982842922210693
816,0.0004901961074210703,7.843137264251709
817,0.0009803922148421407,7.600490093231201
818,-0.013725490309298038,7.355391979217529
819,-0.010294117964804173,6.985294342041016
820,-0.010294117964804173,6.651960849761963
821,-0.02598039247095585,6.200980186462402
822,0.0,5.754901885986328
823,-0.038235295563936234,5.245098114013672
824,-0.022549020126461983,4.742647171020508
825,-0.03529411926865578,4.142157077789307
826,-0.03480392321944237,3.5735294818878174
827,-0.036274511367082596,2.9607841968536377
828,-0.04313725605607033,2.340686321258545
829,-0.03921568766236305,1.7083333730697632
830,-0.04803921654820442,1.0784313678741455
831,-0.0519607849419117,0.44117647409439087
832,-0.0470588244497776,-0.21568627655506134
833,-0.05049019679427147,-0.8406862616539001
834,-0.045588236302137375,-1.4289215803146362
835,-0.04313725605607033,-2.120098114013672
836,-0.04117647185921669,-2.7303922176361084
837,-0.04215686395764351,-3.2598040103912354
838,-0.04313725605607033,-3.8308823108673096
839,-0.03970588371157646,-4.316176414489746
840,-0.03921568766236305,-4.803921699523926
841,-0.054901961237192154,-5.313725471496582
842,-0.05000000074505806,-5.666666507720947
843,-0.03284313902258873,-6.061274528503418
844,-0.03382353112101555,-6.345588207244873
845,-0.01666666753590107,-6.600490093231201
846,-0.03186274692416191,-6.803921699523926
847,-0.01764705963432789,-6.948529243469238
848,-0.023039216175675392,-7.053921699523926
849,-0.01715686358511448,-7.080882549285889
850,-0.008823529817163944,-7.022058963775635
851,-0.009313725866377354,-6.960784435272217
852,-0.0004901961074210703,-6.799019813537598
853,-0.0019607844296842813,-6.585784435272217
854,0.01274509821087122,-6.26225471496582
855,0.020588235929608345,-5.938725471496582
856,0.01568627543747425,-5.524509906768799
857,0.01715686358511448,-5.024509906768799
858,0.023039216175675392,-4.524509906768799
859,0.02598039247095585,-3.936274528503418
860,0.03333333507180214,-3.30637264251709
861,0.027941176667809486,-2.6470587253570557
862,0.038235295563936234,-2.029411792755127
863,0.045588236302137375,-1.2549020051956177
864,0.04754902049899101,-0.49264705181121826
865,0.05539215728640556,0.22058823704719543
866,0.053921569138765335,0.9975489974021912
867,0.05931372568011284,1.845588207244873
868,0.05147058889269829,2.5465686321258545
869,0.06617647409439087,3.308823585510254
870,0.06617647409439087,4.073529243469238
871,0.05637254938483238,4.767157077789307
872,0.05882352963089943,5.409313678741455
873,0.062745101749897,6.036764621734619
874,0.0573529414832592,6.664215564727783
875,0.054411765187978745,7.129901885986328
876,0.05147058889269829,7.651960849761963
877,0.04411764815449715,8.04411792755127
878,0.04215686395764351,8.372549057006836
879,0.03921568766236305,8.642156600952148
880,0.030882352963089943,8.835783958435059
881,0.020098039880394936,8.963234901428223
882,0.030392156913876534,8.980392456054688
883,0.021078431978821754,8.921568870544434
884,0.01274509821087122,8.882352828979492
885,0.00637254910543561,8.644607543945312
886,-0.0029411765281111,8.41911792755127
887,-0.01225490216165781,8.039216041564941
888,-0.010784314014017582,7.656862735748291
889,-0.010294117964804173,7.188725471496582
890,-0.019607843831181526,6.69362735748291
891,-0.018627451732754707,6.149509906768799
892,-0.027450980618596077,5.519608020782471
893,-0.04068627581000328,4.857842922210693
894,-0.045098040252923965,4.223039150238037
895,-0.03431372717022896,3.524509906768799
896,-0.0470588244497776,2.8210785388946533
897,-0.04754902049899101,2.093137264251709
898,-0.05784313753247261,1.3799020051956177
899,-0.053431373089551926,0.6470588445663452
900,-0.04901960864663124,-0.03921568766236305
901,-0.06029411777853966,-0.7622548937797546
902,-0.054901961237192154,-1.4460784196853638
903,-0.0470588244497776,-2.093137264251709
904,-0.0519607849419117,-2.7377450466156006
905,-0.05784313753247261,-3.286764621734619
906,-0.05000000074505806,-3.8578431606292725
907,-0.045098040252923965,-4.370098114013672
908,-0.046568628400564194,-4.892157077789307
909,-0.03480392321944237,-5.284313678741455
910,-0.037254903465509415,-5.627450942993164
911,-0.027450980618596077,-5.946078300476074
912,-0.01225490216165781,-6.252450942993164
913,-0.05833333358168602,-6.468137264251709
914,-0.019607843831181526,-6.644608020782471
915,-0.03235294297337532,-6.735294342041016
916,-0.026470588520169258,-6.813725471496582
917,-0.018137255683541298,-6.855391979217529
918,-0.008823529817163944,-6.801470756530762
919,-0.0029411765281111,-6.720588207244873
920,-0.010294117964804173,-6.620098114013672
921,0.0024509804788976908,-6.441176414489746
922,-0.0009803922148421407,-6.26225471496582
923,0.01568627543747425,-6.019608020782471
924,0.011274510063230991,-5.683823585510254
925,0.015196078456938267,-5.392157077789307
926,0.01715686358511448,-4.98774528503418
927,0.028921568766236305,-4.580882549285889
928,0.0235294122248888,-4.245098114013672
929,0.03529411926865578,-3.691176414489746
930,0.01617647148668766,-3.2647058963775635
931,0.03186274692416191,-2.7377450466156006
932,0.03921568766236305,-2.149509906768799
933,0.03921568766236305,-1.6323529481887817
934,0.046568628400564194,-1.122549057006836
935,0.0470588244497776,-0.5122548937797546
936,0.04411764815449715,0.1348039209842682
937,0.04411764815449715,0.7549019455909729
938,0.046078432351350784,1.3504902124404907
939,0.0470588244497776,1.965686321258545
940,0.04264706000685692,2.56862735748291
941,0.053431373089551926,3.188725471496582
942,0.054411765187978745,3.774509906768799
943,0.04754902049899101,4.360294342041016
944,0.045588236302137375,4.938725471496582
945,-0.005392157007008791,5.470588207244873
946,0.06078431382775307,5.977941036224365
947,0.022058824077248573,6.436274528503418
948,0.037745099514722824,6.928921699523926
949,0.04803921654820442,7.352941036224365
950,0.021568628028035164,7.661764621734619
951,0.04019607976078987,8.0
952,0.027941176667809486,8.227941513061523
953,0.02401960827410221,8.46813678741455
954,0.027450980618596077,8.610294342041016
955,0.01764705963432789,8.696078300476074
956,0.021568628028035164,8.742647171020508
957,0.009313725866377354,8.688725471496582
958,0.01225490216165781,8.617647171020508
959,0.00147058826405555,8.441176414489746
960,-0.0019607844296842813,8.164216041564941
961,-0.010294117964804173,7.899509906768799
962,-0.011274510063230991,7.573529243469238
963,-0.018627451732754707,7.159313678741455
964,-0.02598039247095585,6.68137264251709
965,-0.026470588520169258,6.196078300476074
966,-0.02500000037252903,5.600490093231201
967,-0.03529411926865578,5.009803771972656
968,-0.036764707416296005,4.384803771972656
969,-0.03431372717022896,3.691176414489746
970,-0.05539215728640556,2.968137264251709
971,-0.05686274543404579,2.2696077823638916
972,-0.05000000074505806,1.5465686321258545
973,-0.04803921654820442,0.8308823704719543
974,-0.05637254938483238,0.10049019753932953
975,-0.054411765187978745,-0.6348039507865906
976,-0.05588235333561897,-1.3186274766921997
977,-0.05588235333561897,-2.0392158031463623
978,-0.05000000074505806,-2.7034313678741455
979,-0.05588235333561897,-3.2696077823638916
980,-0.03431372717022896,-3.911764621734619
981,-0.06911765038967133,-4.470588207244873
982,-0.04019607976078987,-5.0
983,-0.04950980469584465,-5.470588207244873
984,-0.038235295563936234,-5.909313678741455
985,-0.046568628400564194,-6.269608020782471
986,-0.030392156913876534,-6.524509906768799
987,-0.04754902049899101,-6.799019813537598
988,-0.02401960827410221,-7.041666507720947
989,-0.030882352963089943,-7.183823585510254
990,-0.021078431978821754,-7.301470756530762
991,-0.01617647148668766,-7.299019813537598
992,-0.014705882407724857,-7.286764621734619
993,-0.010294117964804173,-7.235294342041016
994,-0.0019607844296842813,-7.120098114013672
995,0.0034313725773245096,-6.926470756530762
996,-0.0019607844296842813,-6.730391979217529
997,-0.0024509804788976908,-6.485294342041016
998,0.010784314014017582,-6.247549057006836
999,0.01568627543747425,-5.813725471496582
1000,0.02500000037252903,-5.529411792755127
1001,0.008823529817163944,-5.102941036224365
1002,0.022549020126461983,-4.69362735748291
1003,0.023039216175675392,-4.264705657958984
1004,0.01617647148668766,-3.786764621734619
1005,0.028921568766236305,-3.3602941036224365
1006,0.026960784569382668,-2.848039150238037
1007,0.029411764815449715,-2.3235294818878174
1008,0.03970588371157646,-1.8627450466156006
1009,0.027450980618596077,-1.308823585510254
1010,0.03284313902258873,-0.7671568393707275
1011,0.03480392321944237,-0.2132352888584137
1012,0.045098040252923965,0.33088234066963196
1013,0.04068627581000328,0.8651960492134094
1014,0.04264706000685692,1.3872549533843994
1015,0.00637254910543561,1.8995097875595093
1016,-0.036764707416296005,2.4240195751190186
1017,-0.003921568859368563,2.94362735748291
1018,-0.007843137718737125,3.4877450466156006
1019,0.0049019609577953815,3.9779412746429443
1020,0.020588235929608345,4.460784435272217
1021,0.030882352963089943,4.904411792755127
1022,0.03431372717022896,5.399509906768799
1023,0.045588236302137375,5.813725471496582
1024,0.03235294297337532,6.188725471496582
1025,0.029901960864663124,6.615196228027344
1026,0.029411764815449715,6.936274528503418
1027,0.044607844203710556,7.264705657958984
1028,0.030392156913876534,7.605391979217529
1029,0.03235294297337532,7.850490093231201
1030,0.037254903465509415,8.125
1031,0.020588235929608345,8.25
1032,0.020098039880394936,8.40686321258545
1033,0.0235294122248888,8.485294342041016
1034,0.01617647148668766,8.482843399047852
1035,0.02450980432331562,8.507352828979492
1036,0.005392157007008791,8.397058486938477
1037,0.01617647148668766,8.28186321258545
1038,-0.0029411765281111,8.14950942993164
1039,0.006862745154649019,7.879901885986328
1040,-0.015196078456938267,7.644608020782471
1041,-0.006862745154649019,7.296568393707275
1042,-0.0034313725773245096,6.963235378265381
1043,-0.009803921915590763,6.539215564727783
1044,-0.008823529817163944,6.039215564727783
1045,-0.05000000074505806,5.531862735748291
1046,-0.006862745154649019,5.009803771972656
1047,-0.04019607976078987,4.375
1048,-0.038235295563936234,3.779411792755127
1049,-0.03333333507180214,3.120098114013672
1050,-0.9406862854957581,2.4509804248809814
1051,1.204901933670044,1.8921568393707275
1052,-0.41813725233078003,1.2132352590560913
1053,0.27303922176361084,0.44117647409439087
1054,0.10686274617910385,-0.17401960492134094
1055,0.0004901961074210703,-0.8995097875595093
1056,-0.0024509804788976908,-1.5514706373214722
1057,0.020098039880394936,-2.242647171020508
1058,-0.08725490421056747,-2.8651959896087646
1059,0.030882352963089943,-3.438725471496582
1060,-0.0887254923582077,-4.0
1061,-0.0058823530562222,-4.509803771972656
1062,-0.061274509876966476,-5.019608020782471
1063,-0.02500000037252903,-5.441176414489746
1064,-0.030392156913876534,-5.838235378265381
1065,-0.036764707416296005,-6.247549057006836
1066,-0.04362745210528374,-6.507352828979492
1067,-0.02549019642174244,-6.794117450714111
1068,-0.02450980432331562,-6.975490093231201
1069,-0.021568628028035164,-7.142157077789307
1070,-0.0235294122248888,-7.23774528503418
1071,-0.01715686358511448,-7.338235378265381
1072,-0.01568627543747425,-7.31862735748291
1073,-0.006862745154649019,-7.269608020782471
1074,-0.008333333767950535,-7.178921699523926
1075,0.0009803922148421407,-7.127450942993164
1076,0.01225490216165781,-6.948529243469238
1077,-0.021078431978821754,-6.735294342041016
1078,-0.008823529817163944,-6.566176414489746
1079,0.030392156913876534,-6.281862735748291
1080,0.0024509804788976908,-5.953431606292725
1081,0.015196078456938267,-5.656862735748291
1082,0.008823529817163944,-5.321078300476074
1083,0.02598039247095585,-4.980391979217529
1084,0.03382353112101555,-4.561274528503418
1085,0.027941176667809486,-4.196078300476074
1086,0.02500000037252903,-3.781862735748291
1087,0.020588235929608345,-3.379901885986328
1088,0.03431372717022896,-2.9215686321258545
1089,0.009313725866377354,-2.473039150238037
1090,0.045588236302137375,-2.0098040103912354
1091,0.026960784569382668,-1.590686321258545
1092,0.04264706000685692,-1.0392156839370728
1093,0.04117647185921669,-0.5980392098426819
1094,0.038235295563936234,-0.09068627655506134
1095,0.04803921654820442,0.36274510622024536
1096,0.03872549161314964,0.8823529481887817
1097,0.037745099514722824,1.3578431606292725
1098,0.037254903465509415,1.8529411554336548
1099,0.045098040252923965,2.343137264251709
1100,0.06323529779911041,2.7965686321258545
1101,0.045588236302137375,3.311274528503418
1102,0.04068627581000328,3.8333332538604736
1103,0.0470588244497776,4.254901885986328
1104,0.03970588371157646,4.757352828979492
1105,0.035784315317869186,5.18137264251709
1106,0.05539215728640556,5.68137264251709
1107,0.05147058889269829,6.083333492279053
1108,0.037745099514722824,6.492647171020508
1109,0.04068627581000328,6.889705657958984
1110,0.01274509821087122,7.230391979217529
1111,0.0887254923582077,7.571078300476074
1112,0.01715686358511448,7.843137264251709
1113,0.0470588244497776,8.09313678741455
1114,0.037745099514722824,8.313725471496582
1115,0.026960784569382668,8.490196228027344
1116,0.02500000037252903,8.602941513061523
1117,0.00637254910543561,8.71813678741455
1118,-0.0004901961074210703,8.784314155578613
1119,-0.01666666753590107,8.747549057006836
1120,-0.027941176667809486,8.715685844421387
1121,0.0,8.571078300476074
1122,-0.027941176667809486,8.446078300476074
1123,-0.2078431397676468,8.196078300476074
1124,-0.7764706015586853,7.938725471496582
1125,0.30441176891326904,7.649509906768799
1126,-0.42941176891326904,7.357842922210693
1127,0.08284313976764679,6.93137264251709
1128,-0.1352941244840622,6.495098114013672
1129,-0.10490196198225021,6.031862735748291
1130,-0.02549019642174244,5.566176414489746
1131,-0.036274511367082596,5.01225471496582
1132,-0.07254902273416519,4.495098114013672
1133,-0.027450980618596077,3.8970587253570557
1134,-0.05784313753247261,3.343137264251709
1135,-0.04215686395764351,2.69362735748291
1136,-0.053431373089551926,2.0833332538604736
1137,-0.04950980469584465,1.4926470518112183
1138,-0.06666667014360428,0.843137264251709
1139,-0.029901960864663124,0.22058823704719543
1140,-0.07647059112787247,-0.3284313678741455
1141,-0.04901960864663124,-0.9117646813392639
1142,-0.06519608199596405,-1.4509804248809814
1143,-0.046568628400564194,-2.0196077823638916
1144,-0.053431373089551926,-2.5735294818878174
1145,-0.04264706000685692,-3.098039150238037
1146,-0.04117647185921669,-3.529411792755127
1147,-0.045098040252923965,-3.9583332538604736
1148,-0.05147058889269829,-4.367647171020508
1149,-0.009803921915590763,-4.786764621734619
1150,-0.007843137718737125,-5.05637264251709
1151,-0.022058824077248573,-5.379901885986328
1152,-0.029901960864663124,-5.664215564727783
1153,-0.029411764815449715,-5.93137264251709
1154,-0.013725490309298038,-6.144608020782471
1155,-0.022549020126461983,-6.274509906768799
1156,-0.022549020126461983,-6.411764621734619
1157,-0.013725490309298038,-6.583333492279053
1158,-0.018137255683541298,-6.647058963775635
1159,-0.019117647781968117,-6.691176414489746
1160,-0.023039216175675392,-6.76225471496582
1161,-0.0024509804788976908,-6.779411792755127
1162,-0.00147058826405555,-6.745098114013672
1163,-0.01666666753590107,-6.713235378265381
1164,-0.00147058826405555,-6.688725471496582
1165,0.0,-6.600490093231201
1166,-0.004411764908581972,-6.492647171020508
1167,0.00147058826405555,-6.392157077789307
1168,-0.005392157007008791,-6.289215564727783
1169,0.0049019609577953815,-6.122549057006836
1170,0.005392157007008791,-5.919117450714111
1171,0.01568627543747425,-5.745098114013672
1172,0.00637254910543561,-5.495098114013672
1173,0.007843137718737125,-5.254901885986328
1174,0.0049019609577953815,-4.968137264251709
1175,0.00637254910543561,-4.656862735748291
1176,0.02450980432331562,-4.377450942993164
1177,0.01764705963432789,-4.0
1178,0.020588235929608345,-3.632352828979492
1179,0.04117647185921669,-3.220588207244873
1180,0.008333333767950535,-2.8039214611053467
1181,0.054901961237192154,-2.348039150238037
1182,0.014705882407724857,-1.909313678741455
1183,0.04411764815449715,-1.4166666269302368
1184,0.14901961386203766,-0.8995097875595093
1185,-1.154411792755127,-0.49754902720451355
1186,0.32990196347236633,0.09803921729326248
1187,-0.4539215564727783,0.7034313678741455
1188,-0.2852941155433655,1.1348038911819458
1189,0.1720588207244873,1.8627450466156006
1190,-0.20931372046470642,2.338235378265381
1191,0.14264705777168274,2.9289214611053467
1192,-0.09166666865348816,3.5171568393707275
1193,0.0,4.105391979217529
1194,0.08921568840742111,4.531862735748291
1195,-0.054411765187978745,5.080882549285889
1196,0.07156863063573837,5.598039150238037
1197,0.01274509821087122,6.085784435272217
1198,0.03480392321944237,6.536764621734619
1199,0.0416666679084301,6.938725471496582
1200,0.023039216175675392,7.296568393707275
1201,0.02500000037252903,7.661764621734619
1202,0.027941176667809486,7.968137264251709
1203,0.023039216175675392,8.188725471496582
1204,0.03333333507180214,8.438725471496582
1205,0.01764705963432789,8.620098114013672
1206,-0.03284313902258873,8.69362735748291
1207,0.08284313976764679,8.772058486938477
1208,-0.03382353112101555,8.857843399047852
1209,0.028431372717022896,8.848039627075195
1210,-0.007352941203862429,8.801470756530762
1211,0.0019607844296842813,8.666666984558105
1212,0.0009803922148421407,8.529411315917969
1213,-0.019607843831181526,8.375
1214,-0.010294117964804173,8.196078300476074
1215,-0.0019607844296842813,7.953431606292725
1216,-0.00147058826405555,7.664215564727783
1217,-0.021078431978821754,7.421568393707275
1218,-0.007843137718737125,7.132352828979492
1219,-0.019607843831181526,6.764705657958984
1220,-0.01715686358511448,6.426470756530762
1221,-0.011274510063230991,6.125
1222,-0.03284313902258873,5.725490093231201
1223,-0.028431372717022896,5.321078300476074
1224,-0.029411764815449715,4.977941036224365
1225,-0.028921568766236305,4.580882549285889
1226,-0.028921568766236305,4.171568393707275
1227,-0.03382353112101555,3.7720587253570557
1228,-0.029901960864663124,3.370098114013672
1229,-0.03235294297337532,3.0098040103912354
1230,-0.03382353112101555,2.5465686321258545
1231,-0.03235294297337532,2.2058823108673096
1232,-0.03235294297337532,1.7450979948043823
1233,-0.03921568766236305,1.377450942993164
1234,-0.020098039880394936,0.9803921580314636
1235,-0.03284313902258873,0.561274528503418
1236,-0.02598039247095585,0.20588235557079315
1237,-0.018137255683541298,-0.2181372493505478
1238,-0.03480392321944237,-0.5882353186607361
1239,-0.028431372717022896,-1.0220588445663452
1240,-0.003921568859368563,-1.3848038911819458
1241,-0.05980392172932625,-1.8333333730697632
1242,-0.021078431978821754,-2.2058823108673096
1243,-0.03186274692416191,-2.625
1244,-0.04068627581000328,-2.992647171020508
1245,-0.018137255683541298,-3.4166667461395264
1246,-0.03382353112101555,-3.7892158031463623
1247,-0.037254903465509415,-4.159313678741455
1248,-0.035784315317869186,-4.56862735748291
1249,-0.03480392321944237,-4.899509906768799
1250,-0.037745099514722824,-5.279411792755127
1251,-0.030882352963089943,-5.654411792755127
1252,-0.03382353112101555,-6.002450942993164
1253,-0.03186274692416191,-6.316176414489746
1254,-0.029901960864663124,-6.558823585510254
1255,-0.0313725508749485,-6.867647171020508
1256,0.09117647260427475,-7.120098114013672
1257,0.5460784435272217,-7.267157077789307
1258,-0.47598040103912354,-7.473039150238037
1259,0.47647058963775635,-7.595588207244873
1260,-0.1308823525905609,-7.683823585510254
1261,0.07352941483259201,-7.823529243469238
1262,0.04362745210528374,-7.811274528503418
1263,-0.028921568766236305,-7.828431606292725
1264,0.05539215728640556,-7.757352828979492
1265,0.0024509804788976908,-7.69362735748291
1266,-0.028921568766236305,-7.517157077789307
1267,0.05539215728640556,-7.348039150238037
1268,-0.004411764908581972,-7.147058963775635
1269,0.03186274692416191,-6.889705657958984
1270,-0.0029411765281111,-6.56862735748291
1271,0.01666666753590107,-6.254901885986328
1272,0.026470588520169258,-5.914215564727783
1273,-0.00147058826405555,-5.558823585510254
1274,0.061764705926179886,-5.159313678741455
1275,0.022549020126461983,-4.669117450714111
1276,0.0235294122248888,-4.296568393707275
1277,0.04117647185921669,-3.7941176891326904
1278,0.022549020126461983,-3.31862735748291
1279,0.03333333507180214,-2.843137264251709
1280,0.03480392321944237,-2.3627450466156006
1281,0.030882352963089943,-1.8946079015731812
1282,0.03529411926865578,-1.4166666269302368
1283,0.03431372717022896,-0.9117646813392639
1284,0.03382353112101555,-0.4436274468898773
1285,0.03529411926865578,-0.0024509804788976908
1286,0.026470588520169258,0.4313725531101227
1287,0.035784315317869186,0.8725489974021912
1288,0.0416666679084301,1.2573529481887817
1289,0.02500000037252903,1.720588207244873
1290,0.03529411926865578,2.120098114013672
1291,0.01666666753590107,2.475490093231201
1292,0.04117647185921669,2.779411792755127
1293,0.01764705963432789,3.1642158031463623
1294,0.0235294122248888,3.529411792755127
1295,0.023039216175675392,3.8284313678741455
1296,0.026960784569382668,4.127450942993164
1297,0.020588235929608345,4.453431606292725
1298,0.022058824077248573,4.713235378265381
1299,0.018627451732754707,5.004901885986328
1300,0.029901960864663124,5.294117450714111
1301,0.029411764815449715,5.553921699523926
1302,0.020098039880394936,5.772058963775635
1303,0.023039216175675392,6.044117450714111
1304,0.01715686358511448,6.272058963775635
1305,0.01764705963432789,6.539215564727783
1306,0.014705882407724857,6.769608020782471
1307,0.019117647781968117,6.995098114013672
1308,0.018627451732754707,7.225490093231201
1309,0.005392157007008791,7.441176414489746
1310,0.018627451732754707,7.647058963775635
1311,0.013235294260084629,7.823529243469238
1312,0.01225490216165781,8.0
1313,0.010294117964804173,8.11274528503418
1314,0.020098039880394936,8.259803771972656
1315,0.0034313725773245096,8.416666984558105
1316,0.02450980432331562,8.5
1317,0.019607843831181526,8.541666984558105
1318,0.013235294260084629,8.578431129455566
1319,0.005392157007008791,8.59313678741455
1320,0.020588235929608345,8.588234901428223
1321,0.0029411765281111,8.458333015441895
1322,-0.019607843831181526,8.379901885986328
1323,0.0049019609577953815,8.23774528503418
1324,-0.007843137718737125,8.125
1325,-0.01666666753590107,7.946078300476074
1326,-0.0117647061124444,7.715686321258545
1327,-0.013725490309298038,7.44362735748291
1328,-0.022058824077248573,7.174019813537598
1329,-0.019117647781968117,6.816176414489746
1330,-0.021078431978821754,6.460784435272217
1331,-0.028921568766236305,6.083333492279053
1332,-0.02450980432331562,5.656862735748291
1333,-0.02598039247095585,5.198529243469238
1334,-0.030882352963089943,4.80637264251709
1335,-0.04215686395764351,4.299019813537598
1336,-0.045098040252923965,3.838235378265381
1337,-0.038235295563936234,3.3848040103912354
1338,-0.035784315317869186,2.838235378265381
1339,-0.03529411926865578,2.370098114013672
1340,-0.038235295563936234,1.8872549533843994
1341,-0.04117647185921669,1.4191176891326904
1342,-0.029411764815449715,0.9436274766921997
1343,-0.045098040252923965,0.4803921580314636
1344,-0.04362745210528374,-0.009803921915590763
1345,-0.038235295563936234,-0.41911765933036804
1346,-0.037745099514722824,-0.8627451062202454
1347,-0.03186274692416191,-1.2622549533843994
1348,-0.04313725605607033,-1.6323529481887817
1349,-0.04019607976078987,-2.0122549533843994
1350,-0.03529411926865578,-2.348039150238037
1351,-0.036274511367082596,-2.683823585510254
1352,-0.038235295563936234,-2.992647171020508
1353,-0.03235294297337532,-3.247549057006836
1354,-0.036274511367082596,-3.5539214611053467
1355,-0.027941176667809486,-3.784313678741455
1356,-0.02450980432331562,-4.029411792755127
1357,-0.026960784569382668,-4.254901885986328
1358,-0.019117647781968117,-4.48774528503418
1359,-0.026960784569382668,-4.730391979217529
1360,-0.01715686358511448,-4.86274528503418
1361,-0.02401960827410221,-5.088235378265381
1362,-0.021078431978821754,-5.279411792755127
1363,-0.020098039880394936,-5.485294342041016
1364,-0.01617647148668766,-5.639705657958984
1365,-0.020098039880394936,-5.821078300476074
1366,-0.019117647781968117,-5.970588207244873
1367,-0.023039216175675392,-6.174019813537598
1368,-0.010784314014017582,-6.345588207244873
1369,-0.01666666753590107,-6.490196228027344
1370,-0.013725490309298038,-6.625
1371,-0.01666666753590107,-6.769608020782471
1372,-0.01568627543747425,-6.904411792755127
1373,-0.021568628028035164,-7.007352828979492
1374,-0.014705882407724857,-7.134803771972656
1375,-0.02450980432331562,-7.245098114013672
1376,-0.010784314014017582,-7.299019813537598
1377,-0.02500000037252903,-7.352941036224365
1378,-0.01568627543747425,-7.441176414489746
1379,-0.014705882407724857,-7.409313678741455
1380,-0.009803921915590763,-7.421568393707275
1381,-0.007843137718737125,-7.352941036224365
1382,-0.004411764908581972,-7.220588207244873
1383,-0.00147058826405555,-7.164215564727783
1384,0.0029411765281111,-6.977941036224365
1385,0.00147058826405555,-6.838235378265381
1386,0.010294117964804173,-6.651960849761963
1387,0.014705882407724857,-6.419117450714111
1388,0.009313725866377354,-6.134803771972656
1389,0.007843137718737125,-5.872549057006836
1390,0.011274510063230991,-5.536764621734619
1391,0.013235294260084629,-5.227941036224365
1392,0.013725490309298038,-4.840686321258545
1393,0.02500000037252903,-4.458333492279053
1394,0.02450980432331562,-4.019608020782471
1395,0.019607843831181526,-3.588235378265381
1396,0.026960784569382668,-3.1421568393707275
1397,0.029411764815449715,-2.7279412746429443
1398,0.022058824077248573,-2.2598040103912354
1399,0.030392156913876534,-1.7867647409439087
1400,0.029411764815449715,-1.3651961088180542
1401,0.035784315317869186,-0.9166666865348816
1402,0.035784315317869186,-0.43382352590560913
1403,0.028921568766236305,-0.03431372717022896
1404,0.0235294122248888,0.3799019753932953
1405,0.030882352963089943,0.8186274766921997
1406,0.03480392321944237,1.218137264251709
1407,0.019117647781968117,1.595588207244873
1408,0.026960784569382668,1.936274528503418
1409,0.035784315317869186,2.3014705181121826
1410,-0.010294117964804173,2.617647171020508
1411,0.008333333767950535,2.9191176891326904
1412,0.015196078456938267,3.1985294818878174
1413,0.014705882407724857,3.4901959896087646
1414,0.02401960827410221,3.7598040103912354
1415,0.01568627543747425,4.01225471496582
1416,0.015196078456938267,4.257352828979492
1417,0.020588235929608345,4.448529243469238
1418,0.019607843831181526,4.634803771972656
1419,0.02500000037252903,4.897058963775635
1420,0.01617647148668766,5.093137264251709
1421,0.009803921915590763,5.289215564727783
1422,0.0117647061124444,5.48774528503418
1423,0.015196078456938267,5.683823585510254
1424,0.03872549161314964,5.889705657958984
1425,0.01715686358511448,6.071078300476074
1426,0.0004901961074210703,6.301470756530762
1427,0.022549020126461983,6.497549057006836
1428,0.007843137718737125,6.732842922210693
1429,0.013235294260084629,6.882352828979492
1430,0.019607843831181526,7.125
1431,0.019607843831181526,7.340686321258545
1432,0.009313725866377354,7.561274528503418
1433,0.009803921915590763,7.732842922210693
1434,0.02401960827410221,7.938725471496582
1435,0.010784314014017582,8.105392456054688
1436,0.021078431978821754,8.22549057006836
1437,0.020588235929608345,8.44362735748291
1438,0.013235294260084629,8.558823585510254
1439,0.010784314014017582,8.647058486938477
1440,0.0034313725773245096,8.740196228027344
1441,0.036764707416296005,8.848039627075195
1442,0.01666666753590107,8.882352828979492
1443,0.0049019609577953815,8.877450942993164
1444,0.01617647148668766,8.84313678741455
1445,-0.00637254910543561,8.821078300476074
1446,0.0024509804788976908,8.764705657958984
1447,0.008333333767950535,8.617647171020508
1448,-0.011274510063230991,8.502450942993164
1449,-0.0117647061124444,8.325980186462402
1450,-0.01666666753590107,8.132352828979492
1451,-0.013235294260084629,7.889705657958984
1452,-0.010294117964804173,7.644608020782471
1453,-0.01715686358511448,7.303921699523926
1454,-0.019117647781968117,7.034313678741455
1455,-0.019117647781968117,6.718137264251709
1456,-0.019607843831181526,6.384803771972656
1457,-0.028431372717022896,6.041666507720947
1458,-0.029901960864663124,5.656862735748291
1459,-0.02500000037252903,5.279411792755127
1460,-0.03480392321944237,4.897058963775635
1461,-0.0235294122248888,4.529411792755127
1462,-0.02598039247095585,4.174019813537598
1463,-0.028921568766236305,3.7892158031463623
1464,-0.03872549161314964,3.4215686321258545
1465,-0.036764707416296005,3.05637264251709
1466,-0.018137255683541298,2.7377450466156006
1467,-0.02549019642174244,2.4166667461395264
1468,-0.04117647185921669,2.1078431606292725
1469,-0.035784315317869186,1.752450942993164
1470,-0.03382353112101555,1.5147058963775635
1471,-0.03186274692416191,1.215686321258545
1472,-0.028431372717022896,0.9558823704719543
1473,-0.02598039247095585,0.6936274766921997
1474,-0.027450980618596077,0.40441176295280457
1475,-0.023039216175675392,0.22549019753932953
1476,-0.02598039247095585,-0.046568628400564194
1477,-0.022058824077248573,-0.2450980395078659
1478,-0.02598039247095585,-0.5
1479,-0.01274509821087122,-0.6960784196853638
1480,-0.03284313902258873,-0.9460784196853638
1481,-0.018627451732754707,-1.154411792755127
1482,-0.027941176667809486,-1.3970588445663452
1483,-0.020098039880394936,-1.5882352590560913
1484,-0.020588235929608345,-1.8823529481887817
1485,-0.02598039247095585,-2.149509906768799
1486,-0.022549020126461983,-2.4240195751190186
1487,-0.01617647148668766,-2.7303922176361084
1488,-0.027450980618596077,-2.9877450466156006
1489,-0.028431372717022896,-3.2279412746429443
1490,-0.03333333507180214,-3.6053922176361084
1491,-0.028921568766236305,-3.872549057006836
1492,-0.02598039247095585,-4.225490093231201
1493,-0.029411764815449715,-4.539215564727783
1494,-0.0235294122248888,-4.850490093231201
1495,-0.030392156913876534,-5.200980186462402
1496,-0.03333333507180214,-5.458333492279053
1497,-0.03235294297337532,-5.821078300476074
1498,-0.02450980432331562,-6.120098114013672
1499,-0.03480392321944237,-6.394608020782471
1500,-0.0313725508749485,-6.656862735748291
1501,-0.027941176667809486,-6.870098114013672
1502,-0.027450980618596077,-7.144608020782471
1503,-0.027941176667809486,-7.343137264251709
1504,-0.029901960864663124,-7.536764621734619
1505,-0.019117647781968117,-7.678921699523926
1506,-0.026470588520169258,-7.781862735748291
1507,-0.0416666679084301,-7.892157077789307
1508,-0.07500000298023224,-7.946078300476074
1509,-0.04411764815449715,-7.982842922210693
1510,-0.0681372582912445,-8.0
1511,-0.045098040252923965,-7.985294342041016
1512,-0.03235294297337532,-7.926470756530762
1513,-0.006862745154649019,-7.860294342041016
1514,-0.0117647061124444,-7.740196228027344
1515,-0.0117647061124444,-7.578431606292725
1516,-0.01666666753590107,-7.453431606292725
1517,-0.003921568859368563,-7.286764621734619
1518,0.00637254910543561,-7.083333492279053
1519,0.0004901961074210703,-6.921568393707275
1520,0.006862745154649019,-6.727941036224365
1521,0.01225490216165781,-6.470588207244873
1522,0.011274510063230991,-6.291666507720947
1523,0.010294117964804173,-6.080882549285889
1524,0.005392157007008791,-5.950980186462402
1525,0.01764705963432789,-5.747549057006836
1526,0.020588235929608345,-5.536764621734619
1527,0.007352941203862429,-5.335784435272217
1528,0.01617647148668766,-5.159313678741455
1529,0.01274509821087122,-5.022058963775635
1530,0.010784314014017582,-4.870098114013672
1531,0.021568628028035164,-4.720588207244873
1532,0.0,-4.610294342041016
1533,0.028431372717022896,-4.453431606292725
1534,0.009803921915590763,-4.301470756530762
1535,0.01568627543747425,-4.178921699523926
1536,0.004411764908581972,-4.078431606292725
1537,0.011274510063230991,-3.965686321258545
1538,0.0009803922148421407,-3.8333332538604736
1539,0.015196078456938267,-3.6789214611053467
1540,-0.005392157007008791,-3.561274528503418
1541,0.019117647781968117,-3.3970587253570557
1542,-0.0019607844296842813,-3.2058823108673096
1543,0.46568626165390015,-2.9803922176361084
1544,1.7377450466156006,-2.595588207244873
1545,-0.5877450704574585,-2.617647171020508
1546,1.1259803771972656,-2.3284313678741455
1547,-0.12941177189350128,-2.093137264251709
1548,0.3323529362678528,-1.8480392694473267
1549,0.08235294371843338,-1.5122549533843994
1550,0.08676470816135406,-1.220588207244873
1551,0.0833333358168602,-0.875
1552,0.06911765038967133,-0.5122548937797546
1553,0.05637254938483238,-0.11764705926179886
1554,0.05049019679427147,0.2720588147640228
1555,0.0313725508749485,0.593137264251709
1556,0.06372549384832382,1.0245097875595093
1557,0.053431373089551926,1.433823585510254
1558,0.03333333507180214,1.8700979948043823
1559,0.046568628400564194,2.25
1560,0.03382353112101555,2.661764621734619
1561,0.03921568766236305,3.0784313678741455
1562,0.036274511367082596,3.4240195751190186
1563,0.03284313902258873,3.8014705181121826
1564,0.038235295563936234,4.120098114013672
1565,0.028431372717022896,4.438725471496582
1566,0.028921568766236305,4.76225471496582
1567,0.03529411926865578,5.083333492279053
1568,0.029901960864663124,5.333333492279053
1569,0.030392156913876534,5.517157077789307
1570,0.02500000037252903,5.732842922210693
1571,0.009803921915590763,5.965686321258545
1572,0.01568627543747425,6.093137264251709
1573,0.018627451732754707,6.235294342041016
1574,0.026960784569382668,6.328431606292725
1575,0.021078431978821754,6.426470756530762
1576,0.01715686358511448,6.514705657958984
1577,0.009313725866377354,6.546568393707275
1578,0.01225490216165781,6.61274528503418
1579,0.005392157007008791,6.68137264251709
1580,0.0117647061124444,6.708333492279053
1581,0.01225490216165781,6.710784435272217
1582,0.005392157007008791,6.781862735748291
1583,0.008333333767950535,6.791666507720947
1584,0.0034313725773245096,6.830882549285889
1585,0.02401960827410221,6.897058963775635
1586,-0.009313725866377354,6.93137264251709
1587,0.02598039247095585,7.036764621734619
1588,-0.01617647148668766,7.085784435272217
1589,0.018627451732754707,7.19362735748291
1590,0.0009803922148421407,7.286764621734619
1591,0.0,7.406862735748291
1592,0.005392157007008791,7.522058963775635
1593,0.01274509821087122,7.649509906768799
1594,0.01225490216165781,7.774509906768799
1595,0.0117647061124444,7.928921699523926
1596,0.0024509804788976908,8.083333015441895
1597,0.0058823530562222,8.186274528503418
1598,0.014215686358511448,8.345588684082031
1599,0.014705882407724857,8.470588684082031
1600,0.018627451732754707,8.585783958435059
1601,0.003921568859368563,8.664216041564941
1602,0.046568628400564194,8.759803771972656
1603,0.03921568766236305,8.825980186462402
1604,0.0049019609577953815,8.901960372924805
1605,0.023039216175675392,8.91911792755127
1606,0.010784314014017582,8.90686321258545
1607,0.011274510063230991,8.875
1608,0.006862745154649019,8.83088207244873
1609,-0.008823529817163944,8.772058486938477
1610,-0.011274510063230991,8.617647171020508
1611,0.022549020126461983,8.5
1612,0.14313726127147675,8.340685844421387
1613,0.45980390906333923,8.23774528503418
1614,-0.3171568512916565,7.909313678741455
1615,0.38823530077934265,7.710784435272217
1616,-0.14754901826381683,7.477941036224365
1617,0.04901960864663124,7.154411792755127
1618,0.027450980618596077,6.897058963775635
1619,-0.03235294297337532,6.595588207244873
1620,0.009313725866377354,6.308823585510254
1621,-0.01274509821087122,5.985294342041016
1622,-0.028431372717022896,5.676470756530762
1623,0.0024509804788976908,5.419117450714111
1624,-0.022549020126461983,5.107842922210693
1625,-0.022549020126461983,4.870098114013672
1626,-0.020098039880394936,4.561274528503418
1627,-0.020098039880394936,4.30637264251709
1628,-0.021078431978821754,4.105391979217529
1629,-0.029411764815449715,3.882352828979492
1630,-0.026960784569382668,3.7034313678741455
1631,-0.0313725508749485,3.524509906768799
1632,0.02401960827410221,3.404411792755127
1633,-0.0416666679084301,3.245098114013672
1634,-0.0019607844296842813,3.122549057006836
1635,-0.026960784569382668,3.061274528503418
1636,-0.0009803922148421407,2.879901885986328
1637,-0.014705882407724857,2.840686321258545
1638,-0.019117647781968117,2.7279412746429443
1639,-0.007352941203862429,2.651960849761963
1640,-0.015196078456938267,2.5490195751190186
1641,0.038235295563936234,2.4852941036224365
1642,0.04117647185921669,2.379901885986328
1643,0.0004901961074210703,2.2303922176361084
1644,-0.0019607844296842813,2.149509906768799
1645,-0.014215686358511448,2.004901885986328
1646,0.0,1.8676470518112183
1647,-0.01225490216165781,1.683823585510254
1648,-0.020588235929608345,1.4436274766921997
1649,-0.0024509804788976908,1.2769607305526733
1650,-0.022549020126461983,1.0122549533843994
1651,-0.018137255683541298,0.7524510025978088
1652,-0.029411764815449715,0.4901960790157318
1653,-0.023039216175675392,0.1666666716337204
1654,-0.018137255683541298,-0.16911764442920685
1655,-0.03431372717022896,-0.5049019455909729
1656,-0.03333333507180214,-0.8382353186607361
1657,-0.026960784569382668,-1.1985293626785278
1658,-0.02450980432331562,-1.531862735748291
1659,-0.027941176667809486,-1.965686321258545
1660,-0.026960784569382668,-2.2941176891326904
1661,-0.029901960864663124,-2.6348040103912354
1662,-0.029901960864663124,-3.0
1663,-0.027450980618596077,-3.338235378265381
1664,-0.026960784569382668,-3.649509906768799
1665,-0.027941176667809486,-3.9509804248809814
1666,-0.020098039880394936,-4.196078300476074
1667,-0.022549020126461983,-4.473039150238037
1668,-0.027941176667809486,-4.730391979217529
1669,-0.029901960864663124,-4.93137264251709
1670,-0.023039216175675392,-5.102941036224365
1671,-0.027450980618596077,-5.23774528503418
1672,-0.02500000037252903,-5.323529243469238
1673,-0.01225490216165781,-5.44362735748291
1674,-0.0049019609577953815,-5.529411792755127
1675,-0.0235294122248888,-5.553921699523926
1676,0.0004901961074210703,-5.583333492279053
1677,-0.3127450942993164,-5.625
1678,-1.3078430891036987,-5.713235378265381
1679,0.8053921461105347,-5.605391979217529
1680,-1.3848038911819458,-5.63725471496582
1681,0.6549019813537598,-5.578431606292725
1682,-0.5068627595901489,-5.536764621734619
1683,0.17303921282291412,-5.553921699523926
1684,-0.13872548937797546,-5.477941036224365
1685,-0.0990196093916893,-5.502450942993164
1686,0.01764705963432789,-5.475490093231201
1687,-0.04313725605607033,-5.558823585510254
1688,-0.0519607849419117,-5.571078300476074
1689,0.008333333767950535,-5.698529243469238
1690,-0.05049019679427147,-5.76225471496582
1691,0.003921568859368563,-5.816176414489746
1692,-0.023039216175675392,-5.953431606292725
1693,-0.054901961237192154,-6.098039150238037
1694,0.022058824077248573,-6.247549057006836
1695,-0.04215686395764351,-6.446078300476074
1696,0.0024509804788976908,-6.593137264251709
1697,-0.026960784569382668,-6.789215564727783
1698,-0.022549020126461983,-7.019608020782471
1699,-0.01617647148668766,-7.196078300476074
1700,0.013235294260084629,-7.44362735748291
1701,-0.01225490216165781,-7.627450942993164
1702,-0.019117647781968117,-7.754901885986328
1703,-0.027450980618596077,-7.960784435272217
1704,-0.01666666753590107,-8.142156600952148
1705,-0.01764705963432789,-8.230392456054688
1706,-0.02450980432331562,-8.338234901428223
1707,-0.021078431978821754,-8.41911792755127
1708,-0.014215686358511448,-8.465685844421387
1709,-0.015196078456938267,-8.504901885986328
1710,-0.010784314014017582,-8.53186321258545
1711,0.00147058826405555,-8.48774528503418
1712,-0.0034313725773245096,-8.382352828979492
1713,-0.0058823530562222,-8.284314155578613
1714,-0.0009803922148421407,-8.183823585510254
1715,0.0029411765281111,-8.039216041564941
1716,0.009313725866377354,-7.852941036224365
1717,0.0004901961074210703,-7.661764621734619
1718,-0.009313725866377354,-7.460784435272217
1719,0.01225490216165781,-7.227941036224365
1720,0.0,-7.007352828979492
1721,0.00637254910543561,-6.772058963775635
1722,0.013725490309298038,-6.531862735748291
1723,0.013235294260084629,-6.289215564727783
1724,0.013235294260084629,-6.110294342041016
1725,0.013725490309298038,-5.872549057006836
1726,0.008823529817163944,-5.671568393707275
1727,0.0058823530562222,-5.51225471496582
1728,0.01225490216165781,-5.36274528503418
1729,-0.0019607844296842813,-5.210784435272217
1730,0.008823529817163944,-5.117647171020508
1731,0.019117647781968117,-5.009803771972656
1732,0.009313725866377354,-4.924019813537598
1733,0.0034313725773245096,-4.916666507720947
1734,0.0029411765281111,-4.884803771972656
1735,0.0004901961074210703,-4.894608020782471
1736,-0.0019607844296842813,-4.938725471496582
1737,-0.008333333767950535,-4.965686321258545
1738,0.009803921915590763,-5.034313678741455
1739,-0.0024509804788976908,-5.061274528503418
1740,-0.013235294260084629,-5.080882549285889
1741,-0.003921568859368563,-5.125
1742,-0.010294117964804173,-5.164215564727783
1743,-0.0009803922148421407,-5.254901885986328
1744,0.01666666753590107,-5.284313678741455
1745,-0.04362745210528374,-5.257352828979492
1746,0.02598039247095585,-5.269608020782471
1747,-0.03921568766236305,-5.284313678741455
1748,0.013725490309298038,-5.191176414489746
1749,-0.013725490309298038,-5.078431606292725
1750,0.004411764908581972,-4.98774528503418
1751,-0.0235294122248888,-4.867647171020508
1752,-0.3289215564727783,-4.742647171020508
1753,-0.21421568095684052,-4.514705657958984
1754,0.15294118225574493,-4.235294342041016
1755,-0.3529411852359772,-4.051470756530762
1756,0.23529411852359772,-3.723039150238037
1757,-0.24215686321258545,-3.404411792755127
1758,0.062254901975393295,-3.06862735748291
1759,0.02450980432331562,-2.7647058963775635
1760,-0.04803921654820442,-2.4240195751190186
1761,0.052941177040338516,-2.1029412746429443
1762,-0.028921568766236305,-1.7450979948043823
1763,0.026960784569382668,-1.3946079015731812
1764,0.0313725508749485,-1.0563725233078003
1765,-0.005392157007008791,-0.7549019455909729
1766,0.01617647148668766,-0.47549018263816833
1767,0.014705882407724857,-0.15441176295280457
1768,0.018137255683541298,0.026960784569382668
1769,0.01715686358511448,0.2720588147640228
1770,0.007352941203862429,0.45098039507865906
1771,0.014705882407724857,0.5980392098426819
1772,0.018627451732754707,0.7475489974021912
1773,0.008823529817163944,0.8700980544090271
1774,0.009803921915590763,0.9093137383460999
1775,0.01274509821087122,0.9754902124404907
1776,-0.00147058826405555,1.0
1777,0.006862745154649019,0.9975489974021912
1778,0.005392157007008791,0.9852941036224365
1779,-0.0058823530562222,0.9558823704719543
1780,-0.006862745154649019,0.8480392098426819
1781,-0.00637254910543561,0.8651960492134094
1782,-0.008333333767950535,0.7132353186607361
1783,0.0049019609577953815,0.6715686321258545
1784,-0.01274509821087122,0.6421568393707275
1785,-0.010294117964804173,0.5882353186607361
1786,-0.006862745154649019,0.6225489974021912
1787,-0.020098039880394936,0.6225489974021912
1788,-0.003921568859368563,0.6372548937797546
1789,-0.0034313725773245096,0.6740196347236633
1790,0.0019607844296842813,0.779411792755127
1791,-0.005392157007008791,0.8872548937797546
1792,0.0004901961074210703,1.0686274766921997
1793,0.003921568859368563,1.2009804248809814
1794,0.01568627543747425,1.4803920984268188
1795,0.009803921915590763,1.7107843160629272
1796,0.007352941203862429,1.9436274766921997
1797,0.009313725866377354,2.2328431606292725
1798,0.015196078456938267,2.5710785388946533
1799,0.0117647061124444,2.870098114013672
1800,0.018137255683541298,3.1691176891326904
1801,0.019607843831181526,3.563725471496582
1802,0.01617647148668766,3.8627450466156006
1803,0.003921568859368563,4.208333492279053
1804,0.0470588244497776,4.551470756530762
1805,0.0,4.830882549285889
1806,0.029411764815449715,5.122549057006836
1807,0.01764705963432789,5.38725471496582
1808,0.018627451732754707,5.632352828979492
1809,0.009313725866377354,5.850490093231201
1810,0.010784314014017582,6.031862735748291
1811,0.014705882407724857,6.169117450714111
1812,0.009313725866377354,6.276960849761963
1813,0.003921568859368563,6.350490093231201
1814,0.0117647061124444,6.372549057006836
1815,0.009313725866377354,6.357842922210693
1816,0.0058823530562222,6.31862735748291
1817,-0.011274510063230991,6.26225471496582
1818,-0.008333333767950535,6.174019813537598
1819,-0.0034313725773245096,6.034313678741455
1820,-0.008823529817163944,5.941176414489746
1821,-0.011274510063230991,5.772058963775635
1822,-0.010784314014017582,5.607842922210693
1823,-0.010784314014017582,5.482842922210693
1824,-0.01274509821087122,5.328431606292725
1825,-0.018137255683541298,5.200980186462402
1826,-0.022058824077248573,5.075980186462402
1827,-0.011274510063230991,4.992647171020508
1828,-0.008333333767950535,4.953431606292725
1829,-0.01225490216165781,4.882352828979492
1830,-0.008823529817163944,4.892157077789307
1831,-0.0034313725773245096,4.914215564727783
1832,-0.007352941203862429,4.950980186462402
1833,-0.0049019609577953815,5.063725471496582
1834,0.0,5.191176414489746
1835,-0.0058823530562222,5.38725471496582
1836,0.003921568859368563,5.51225471496582
1837,0.008823529817163944,5.740196228027344
1838,0.013235294260084629,5.965686321258545
1839,0.008823529817163944,6.294117450714111
1840,0.009313725866377354,6.558823585510254
1841,0.027450980618596077,6.875
1842,0.018137255683541298,7.115196228027344
1843,0.02401960827410221,7.43137264251709
1844,0.019607843831181526,7.730391979217529
1845,0.01274509821087122,7.982842922210693
1846,0.01666666753590107,8.267156600952148
1847,0.0117647061124444,8.51225471496582
1848,0.013235294260084629,8.72549057006836
1849,-0.03235294297337532,8.860294342041016
1850,0.01617647148668766,9.022058486938477
1851,0.009313725866377354,9.122549057006836
1852,0.007352941203862429,9.16911792755127
1853,0.009803921915590763,9.208333015441895
1854,-0.014215686358511448,9.178921699523926
1855,0.009313725866377354,9.090685844421387
1856,-0.013725490309298038,8.98774528503418
1857,-0.005392157007008791,8.89950942993164
1858,-0.009803921915590763,8.651960372924805
1859,-0.013235294260084629,8.495098114013672
1860,-0.0058823530562222,8.23774528503418
1861,-0.020098039880394936,8.039216041564941
1862,-0.01274509821087122,7.789215564727783
1863,-0.02549019642174244,7.573529243469238
1864,-0.01274509821087122,7.284313678741455
1865,-0.018627451732754707,7.039215564727783
1866,-0.01666666753590107,6.86274528503418
1867,-0.021078431978821754,6.622549057006836
1868,-0.021568628028035164,6.450980186462402
1869,-0.02500000037252903,6.296568393707275
1870,-0.0117647061124444,6.183823585510254
1871,-0.013235294260084629,6.078431606292725
1872,-0.021568628028035164,6.034313678741455
1873,-0.007843137718737125,6.031862735748291
1874,-0.013235294260084629,6.085784435272217
1875,0.03431372717022896,6.144608020782471
1876,-0.021078431978821754,6.289215564727783
1877,0.0034313725773245096,6.502450942993164
1878,0.0029411765281111,6.602941036224365
1879,0.00637254910543561,6.848039150238037
1880,0.01225490216165781,7.095588207244873
1881,0.01274509821087122,7.357842922210693
1882,0.020588235929608345,7.629901885986328
1883,0.018137255683541298,7.928921699523926
1884,0.01666666753590107,8.20588207244873
1885,0.011274510063230991,8.519607543945312
1886,0.010294117964804173,8.730392456054688
1887,0.01617647148668766,8.950980186462402
1888,0.01666666753590107,9.210783958435059
1889,0.009313725866377354,9.316176414489746
1890,0.015196078456938267,9.448529243469238
1891,0.014215686358511448,9.588234901428223
1892,-0.006862745154649019,9.617647171020508
1893,0.003921568859368563,9.607843399047852
1894,0.008333333767950535,9.625
1895,0.0009803922148421407,9.48774528503418
1896,0.004411764908581972,9.40686321258545
1897,-0.006862745154649019,9.210783958435059
1898,-0.0019607844296842813,9.004901885986328
1899,-0.021078431978821754,8.732843399047852
1900,-0.011274510063230991,8.44362735748291
1901,-0.020588235929608345,8.159314155578613
1902,-0.0235294122248888,7.794117450714111
1903,-0.01617647148668766,7.497549057006836
1904,-0.022058824077248573,7.161764621734619
1905,-0.02598039247095585,6.813725471496582
1906,-0.021568628028035164,6.490196228027344
1907,-0.022549020126461983,6.191176414489746
1908,-0.03431372717022896,5.872549057006836
1909,-0.01617647148668766,5.696078300476074
1910,-0.04068627581000328,5.441176414489746
1911,-0.018627451732754707,5.267157077789307
1912,-0.018627451732754707,5.161764621734619
1913,-0.020588235929608345,5.034313678741455
1914,-0.01225490216165781,5.029411792755127
1915,-0.011274510063230991,5.034313678741455
1916,-0.018627451732754707,5.078431606292725
1917,-0.007352941203862429,5.210784435272217
1918,-0.0029411765281111,5.382352828979492
1919,-0.0004901961074210703,5.551470756530762
1920,-0.003921568859368563,5.870098114013672
1921,0.004411764908581972,6.083333492279053
1922,0.007352941203862429,6.357842922210693
1923,0.018627451732754707,6.656862735748291
1924,0.011274510063230991,6.926470756530762
1925,0.01225490216165781,7.291666507720947
1926,0.01225490216165781,7.531862735748291
1927,0.009313725866377354,7.850490093231201
1928,0.007843137718737125,8.088234901428223
1929,0.013725490309298038,8.340685844421387
1930,0.01225490216165781,8.522058486938477
1931,0.009313725866377354,8.676470756530762
1932,0.009313725866377354,8.75
1933,0.009313725866377354,8.816176414489746
1934,0.0058823530562222,8.803921699523926
1935,0.0,8.732843399047852
1936,0.0009803922148421407,8.634803771972656
1937,-0.007843137718737125,8.482843399047852
1938,-0.009313725866377354,8.232843399047852
1939,-0.01568627543747425,7.977941036224365
1940,-0.010784314014017582,7.647058963775635
1941,-0.023039216175675392,7.267157077789307
1942,-0.02598039247095585,6.948529243469238
1943,-0.02450980432331562,6.522058963775635
1944,-0.026470588520169258,6.095588207244873
1945,-0.03284313902258873,5.683823585510254
1946,-0.028431372717022896,5.291666507720947
1947,-0.036274511367082596,4.936274528503418
1948,-0.03382353112101555,4.553921699523926
1949,-0.02598039247095585,4.161764621734619
1950,-0.030882352963089943,3.850490093231201
1951,-0.03921568766236305,3.6985294818878174
1952,-0.03284313902258873,3.441176414489746
1953,-0.022058824077248573,3.2696077823638916
1954,-0.014215686358511448,3.19362735748291
1955,-0.014215686358511448,3.098039150238037
1956,-0.010784314014017582,3.117647171020508
1957,-0.005392157007008791,3.1715686321258545
1958,0.0,3.338235378265381
1959,-0.01617647148668766,3.5098040103912354
1960,0.0049019609577953815,3.747549057006836
1961,0.0,3.997549057006836
1962,0.01764705963432789,4.301470756530762
1963,0.0,4.68137264251709
1964,0.028431372717022896,4.997549057006836
1965,0.009313725866377354,5.370098114013672
1966,0.027450980618596077,5.718137264251709
1967,0.018137255683541298,6.107842922210693
1968,0.028431372717022896,6.475490093231201
1969,0.01617647148668766,6.799019813537598
1970,0.02450980432331562,7.044117450714111
1971,0.014215686358511448,7.340686321258545
1972,0.01666666753590107,7.524509906768799
1973,0.029411764815449715,7.585784435272217
1974,0.01274509821087122,7.757352828979492
1975,0.007352941203862429,7.75
1976,0.008333333767950535,7.691176414489746
1977,0.0029411765281111,7.5
1978,0.00147058826405555,7.357842922210693
1979,0.0,7.129901885986328
1980,-0.009313725866377354,6.786764621734619
1981,-0.018627451732754707,6.480391979217529
1982,-0.021568628028035164,6.071078300476074
1983,-0.029411764815449715,5.622549057006836
1984,-0.04019607976078987,5.178921699523926
1985,-0.030392156913876534,4.651960849761963
1986,-0.04362745210528374,4.213235378265381
1987,-0.044607844203710556,3.742647171020508
1988,-0.038235295563936234,3.2647058963775635
1989,-0.037254903465509415,2.8259804248809814
1990,-0.037745099514722824,2.399509906768799
1991,-0.04803921654820442,2.0392158031463623
1992,-0.03529411926865578,1.715686321258545
1993,-0.03431372717022896,1.4166666269302368
1994,-0.02401960827410221,1.2279411554336548
1995,-0.03284313902258873,1.095588207244873
1996,-0.029411764815449715,1.0147058963775635
1997,-0.023039216175675392,1.0416666269302368
1998,-0.022549020126461983,1.1470588445663452
1999,-0.006862745154649019,1.2598038911819458
2000,0.0029411765281111,1.5
2001,0.0019607844296842813,1.7573529481887817
2002,0.00637254910543561,2.132352828979492
2003,0.0009803922148421407,2.5147058963775635
2004,-0.09313725680112839,2.877450942993164
2005,-0.021078431978821754,3.3848040103912354
2006,-0.00147058826405555,3.7990195751190186
2007,0.030392156913876534,4.247549057006836
2008,0.028921568766236305,4.700980186462402
2009,0.030882352963089943,5.154411792755127
2010,0.029901960864663124,5.590686321258545
2011,0.054901961237192154,5.936274528503418
2012,0.03186274692416191,6.308823585510254
2013,0.029411764815449715,6.583333492279053
2014,0.02450980432331562,6.767157077789307
2015,0.026470588520169258,6.911764621734619
2016,0.028921568766236305,6.992647171020508
2017,0.005392157007008791,6.968137264251709
2018,0.01225490216165781,6.877450942993164
2019,0.005392157007008791,6.688725471496582
2020,0.010294117964804173,6.421568393707275
2021,-0.00637254910543561,6.107842922210693
2022,-0.01617647148668766,5.715686321258545
2023,-0.014705882407724857,5.335784435272217
2024,-0.0235294122248888,4.789215564727783
2025,-0.027941176667809486,4.213235378265381
2026,-0.03333333507180214,3.715686321258545
2027,-0.03382353112101555,3.1421568393707275
2028,-0.029901960864663124,2.561274528503418
2029,-0.03186274692416191,2.026960849761963
2030,-0.0681372582912445,1.470588207244873
2031,-0.020588235929608345,0.938725471496582
2032,-0.05931372568011284,0.5098039507865906
2033,-0.03382353112101555,0.0833333358168602
2034,-0.03186274692416191,-0.30392158031463623
2035,-0.011274510063230991,-0.5588235259056091
2036,1.7602940797805786,-0.5759803652763367
2037,-0.34166666865348816,-0.8357843160629272
2038,0.6318627595901489,-0.9338235259056091
2039,0.1661764681339264,-0.7303921580314636
2040,0.03970588371157646,-0.7034313678741455
2041,0.15539215505123138,-0.3970588147640228
2042,0.10735294222831726,-0.125
2043,0.011274510063230991,0.281862735748291
2044,0.10882353037595749,0.6960784196853638
2045,0.014705882407724857,1.218137264251709
2046,0.10147058963775635,1.7377450466156006
2047,0.021078431978821754,2.311274528503418
2048,0.062254901975393295,2.8897058963775635
2049,0.05588235333561897,3.463235378265381
2050,0.054411765187978745,4.01225471496582
2051,0.04215686395764351,4.56862735748291
2052,0.05098039284348488,5.11274528503418
2053,0.04313725605607033,5.583333492279053
2054,0.04411764815449715,5.946078300476074
2055,0.036274511367082596,6.240196228027344
2056,0.036274511367082596,6.514705657958984
2057,0.023039216175675392,6.708333492279053
2058,0.019117647781968117,6.732842922210693
2059,0.014215686358511448,6.669117450714111
2060,0.00637254910543561,6.588235378265381
2061,0.003921568859368563,6.340686321258545
2062,-0.003921568859368563,6.066176414489746
2063,-0.008823529817163944,5.639705657958984
2064,-0.011274510063230991,5.230391979217529
2065,-0.020098039880394936,4.620098114013672
2066,-0.028921568766236305,4.004901885986328
2067,-0.037745099514722824,3.372549057006836
2068,-0.019607843831181526,2.718137264251709
2069,-0.061274509876966476,2.026960849761963
2070,-0.02598039247095585,1.372549057006836
2071,-0.046568628400564194,0.686274528503418
2072,-0.03970588371157646,0.009803921915590763
2073,-0.05931372568011284,-0.593137264251709
2074,-0.054411765187978745,-1.122549057006836
2075,-0.03970588371157646,-1.595588207244873
2076,-0.0416666679084301,-1.965686321258545
2077,-0.036764707416296005,-2.2941176891326904
2078,-0.026960784569382668,-2.492647171020508
2079,-0.027450980618596077,-2.588235378265381
2080,-0.022549020126461983,-2.6151959896087646
2081,-0.01666666753590107,-2.5220587253570557
2082,-0.008823529817163944,-2.2990195751190186
2083,-0.0009803922148421407,-2.0098040103912354
2084,0.0009803922148421407,-1.593137264251709
2085,0.007843137718737125,-1.0980392694473267
2086,0.013725490309298038,-0.4950980246067047
2087,0.021078431978821754,0.09313725680112839
2088,0.026960784569382668,0.7156862616539001
2089,0.04901960864663124,1.4558823108673096
2090,0.04901960864663124,2.159313678741455
2091,0.0470588244497776,2.906862735748291
2092,0.0470588244497776,3.5833332538604736
2093,0.046078432351350784,4.308823585510254
2094,0.038235295563936234,4.928921699523926
2095,0.04852941259741783,5.414215564727783
2096,0.04313725605607033,5.98774528503418
2097,0.036764707416296005,6.401960849761963
2098,0.03333333507180214,6.710784435272217
2099,0.028921568766236305,6.926470756530762
2100,0.12794117629528046,6.995098114013672
2101,0.595588207244873,7.014705657958984
2102,0.08921568840742111,6.875
2103,0.05147058889269829,6.590686321258545
2104,0.2759803831577301,6.286764621734619
2105,-0.11519607901573181,5.794117450714111
2106,0.0887254923582077,5.274509906768799
2107,0.0416666679084301,4.593137264251709
2108,-0.05637254938483238,3.872549057006836
2109,0.029411764815449715,3.1029412746429443
2110,-0.07156863063573837,2.2941176891326904
2111,-0.020588235929608345,1.4926470518112183
2112,-0.044607844203710556,0.7058823704719543
2113,-0.04852941259741783,-0.15441176295280457
2114,-0.05000000074505806,-0.9436274766921997
2115,-0.05931372568011284,-1.6519607305526733
2116,-0.05931372568011284,-2.2916667461395264
2117,-0.05833333358168602,-2.906862735748291
2118,-0.0519607849419117,-3.3897058963775635
2119,-0.04852941259741783,-3.781862735748291
2120,-0.037254903465509415,-4.036764621734619
2121,-0.03921568766236305,-4.178921699523926
2122,-0.0235294122248888,-4.252450942993164
2123,-0.02549019642174244,-4.125
2124,0.014215686358511448,-3.8897058963775635
2125,0.01225490216165781,-3.563725471496582
2126,-0.003921568859368563,-3.1151959896087646
2127,0.018137255683541298,-2.5465686321258545
2128,0.019607843831181526,-1.8872549533843994
2129,0.04117647185921669,-1.1666666269302368
2130,0.04264706000685692,-0.35049018263816833
2131,0.04068627581000328,0.4950980246067047
2132,0.05049019679427147,1.377450942993164
2133,0.05588235333561897,2.254901885986328
2134,0.06911765038967133,3.125
2135,0.0519607849419117,4.002450942993164
2136,0.053921569138765335,4.784313678741455
2137,0.05686274543404579,5.485294342041016
2138,0.05245098099112511,6.13725471496582
2139,0.009313725866377354,6.69362735748291
2140,-0.014705882407724857,7.120098114013672
2141,0.007352941203862429,7.441176414489746
2142,0.008823529817163944,7.598039150238037
2143,0.013725490309298038,7.632352828979492
2144,0.0117647061124444,7.551470756530762
2145,-0.005392157007008791,7.343137264251709
2146,-0.0034313725773245096,7.022058963775635
2147,-0.021568628028035164,6.519608020782471
2148,-0.02450980432331562,5.914215564727783
2149,-0.02450980432331562,5.232842922210693
2150,-0.046568628400564194,4.406862735748291
2151,-0.044607844203710556,3.6029412746429443
2152,-0.04901960864663124,2.6446077823638916
2153,-0.06323529779911041,1.656862735748291
2154,-0.062254901975393295,0.6470588445663452
2155,-0.06862745434045792,-0.3186274468898773
2156,-0.06617647409439087,-1.2450979948043823
2157,-0.06421568989753723,-2.18137264251709
2158,-0.06715686619281769,-3.0098040103912354
2159,-0.0681372582912445,-3.75
2160,-0.05980392172932625,-4.409313678741455
2161,-0.04068627581000328,-4.997549057006836
2162,-0.01225490216165781,-5.370098114013672
2163,-0.053921569138765335,-5.610294342041016
2164,-0.022058824077248573,-5.725490093231201
2165,-0.05147058889269829,-5.730391979217529
2166,-0.003921568859368563,-5.573529243469238
2167,-0.030392156913876534,-5.264705657958984
2168,0.008333333767950535,-4.843137264251709
2169,0.010784314014017582,-4.213235378265381
2170,-0.7044117450714111,-3.5808823108673096
2171,0.27892157435417175,-2.6960785388946533
2172,-0.125490203499794,-1.7696079015731812
2173,-0.18137255311012268,-0.906862735748291
2174,0.4171568751335144,0.24264705181121826
2175,-0.2397058755159378,1.1519607305526733
2176,0.3019607961177826,2.2647058963775635
2177,-0.11274509876966476,3.286764621734619
2178,0.08725490421056747,4.296568393707275
2179,0.11764705926179886,5.240196228027344
2180,-0.01764705963432789,6.063725471496582
2181,0.10539215803146362,6.803921699523926
2182,0.0049019609577953815,7.455882549285889
2183,0.07352941483259201,7.958333492279053
2184,0.05245098099112511,8.30637264251709
2185,0.02450980432331562,8.558823585510254
2186,0.04852941259741783,8.551470756530762
2187,0.05000000074505806,8.47549057006836
2188,0.0049019609577953815,8.215685844421387
2189,0.027941176667809486,7.786764621734619
2190,-0.0117647061124444,7.25
2191,-0.007843137718737125,6.571078300476074
2192,-0.030882352963089943,5.720588207244873
2193,-0.04411764815449715,4.799019813537598
2194,-0.05245098099112511,3.7941176891326904
2195,-0.06078431382775307,2.7009804248809814
2196,-0.06715686619281769,1.5882352590560913
2197,-0.07696078717708588,0.4632352888584137
2198,-0.11225490272045135,-0.7058823704719543
2199,-0.0730392187833786,-1.779411792755127
2200,-0.08921568840742111,-2.843137264251709
2201,-0.0833333358168602,-3.816176414489746
2202,-0.08627451211214066,-4.669117450714111
2203,-0.08676470816135406,-5.441176414489746
2204,-0.07696078717708588,-6.090686321258545
2205,-0.07647059112787247,-6.585784435272217
2206,-0.062745101749897,-6.916666507720947
2207,-0.06078431382775307,-7.125
2208,-0.015196078456938267,-7.127450942993164
2209,-0.04852941259741783,-6.928921699523926
2210,-0.0235294122248888,-6.642157077789307
2211,0.0,-6.127450942993164
2212,0.010784314014017582,-5.558823585510254
2213,0.01568627543747425,-4.754901885986328
2214,0.02549019642174244,-3.850490093231201
2215,0.037745099514722824,-2.8848040103912354
2216,0.04754902049899101,-1.8063725233078003
2217,0.05637254938483238,-0.6274510025978088
2218,0.05833333358168602,0.5441176295280457
2219,0.06862745434045792,1.7132352590560913
2220,0.07941176742315292,2.9166667461395264
2221,0.08382353186607361,4.083333492279053
2222,0.07696078717708588,5.147058963775635
2223,0.07107843458652496,6.191176414489746
2224,0.0730392187833786,7.073529243469238
2225,0.06911765038967133,7.835784435272217
2226,0.061764705926179886,8.492647171020508
2227,0.061274509876966476,9.009803771972656
2228,0.05049019679427147,9.303921699523926
2229,0.027450980618596077,9.446078300476074
2230,0.019117647781968117,9.41911792755127
2231,0.01617647148668766,9.252450942993164
2232,0.00147058826405555,8.860294342041016
2233,-0.006862745154649019,8.30637264251709
2234,-0.019607843831181526,7.647058963775635
2235,-0.022549020126461983,6.754901885986328
2236,-0.014215686358511448,5.850490093231201
2237,-0.10098039358854294,4.742647171020508
2238,-0.019117647781968117,3.68137264251709
2239,-0.12696078419685364,2.409313678741455
2240,-0.33529412746429443,1.1666666269302368
2241,0.3553921580314636,-0.06617647409439087
2242,-0.6245098114013672,-1.3357843160629272
2243,0.25343137979507446,-2.495098114013672
2244,-0.28284314274787903,-3.6446077823638916
2245,-0.06617647409439087,-4.725490093231201
2246,-0.07598039507865906,-5.622549057006836
2247,-0.10882353037595749,-6.441176414489746
2248,-0.04754902049899101,-7.117647171020508
2249,-0.08431372791528702,-7.620098114013672
2250,-0.0941176488995552,-8.004901885986328
2251,-0.027941176667809486,-8.125
2252,-0.062745101749897,-8.147058486938477
2253,-0.027450980618596077,-7.924019813537598
2254,-0.029411764815449715,-7.522058963775635
2255,-0.007352941203862429,-7.007352828979492
2256,0.0117647061124444,-6.274509906768799
2257,0.008823529817163944,-5.490196228027344
2258,0.01715686358511448,-4.475490093231201
2259,0.04215686395764351,-3.3946077823638916
2260,0.045098040252923965,-2.2401959896087646
2261,0.05931372568011284,-1.0416666269302368
2262,0.06715686619281769,0.2647058963775635
2263,0.07058823853731155,1.5220588445663452
2264,0.0779411792755127,2.8235294818878174
2265,0.08186274766921997,4.093137264251709
2266,0.09656862914562225,5.247549057006836
2267,0.08578431606292725,6.274509906768799
2268,0.08627451211214066,7.225490093231201
2269,0.0676470622420311,8.122549057006836
2270,0.07009804248809814,8.811274528503418
2271,0.07205882668495178,9.35049057006836
2272,0.053921569138765335,9.747549057006836
2273,0.04068627581000328,9.889705657958984
2274,0.028921568766236305,9.946078300476074
2275,0.023039216175675392,9.801470756530762
2276,0.0024509804788976908,9.424019813537598
2277,0.003921568859368563,8.97549057006836
2278,-0.01617647148668766,8.252450942993164
2279,-0.027450980618596077,7.372549057006836
2280,-0.037254903465509415,6.473039150238037
2281,-0.046078432351350784,5.438725471496582
2282,-0.05931372568011284,4.259803771972656
2283,-0.07058823853731155,3.0857841968536377
2284,-0.07696078717708588,1.7647058963775635
2285,-0.08627451211214066,0.48774510622024536
2286,-0.09019608050584793,-0.8161764740943909
2287,-0.10294117778539658,-2.0490195751190186
2288,-0.0941176488995552,-3.223039150238037
2289,-0.09509804099798203,-4.321078300476074
2290,-0.09313725680112839,-5.335784435272217
2291,-0.08921568840742111,-6.272058963775635
2292,-0.08235294371843338,-7.046568393707275
2293,-0.07156863063573837,-7.659313678741455
2294,-0.06666667014360428,-8.078431129455566
2295,-0.06421568989753723,-8.377450942993164
2296,-0.0235294122248888,-8.450980186462402
2297,-0.05000000074505806,-8.379901885986328
2298,-0.014705882407724857,-8.14950942993164
2299,-0.026470588520169258,-7.754901885986328
2300,0.009313725866377354,-7.18137264251709
2301,0.009313725866377354,-6.416666507720947
2302,0.03186274692416191,-5.541666507720947
2303,0.030392156913876534,-4.563725471496582
2304,0.04362745210528374,-3.4877450466156006
2305,0.054411765187978745,-2.340686321258545
2306,0.05637254938483238,-1.127450942993164
2307,0.07009804248809814,0.11274509876966476
2308,0.0730392187833786,1.441176414489746
2309,0.07549019902944565,2.6421568393707275
2310,0.08431372791528702,3.840686321258545
2311,0.07892157137393951,4.965686321258545
2312,0.08137255162000656,5.975490093231201
2313,0.07401961088180542,6.980391979217529
2314,0.08088235557079315,7.759803771972656
2315,0.06568627804517746,8.441176414489746
2316,0.06911765038967133,9.004901885986328
2317,0.05098039284348488,9.39950942993164
2318,0.046078432351350784,9.644607543945312
2319,0.029901960864663124,9.678921699523926
2320,0.0313725508749485,9.541666984558105
2321,0.020588235929608345,9.299019813537598
2322,0.0049019609577953815,8.821078300476074
2323,-0.010784314014017582,8.303921699523926
2324,-0.013235294260084629,7.534313678741455
2325,-0.037254903465509415,6.696078300476074
2326,-0.046078432351350784,5.745098114013672
2327,-0.04362745210528374,4.696078300476074
2328,-0.06960784643888474,3.6029412746429443
2329,-0.07941176742315292,2.4215686321258545
2330,-0.0779411792755127,1.281862735748291
2331,-0.08774510025978088,0.07598039507865906
2332,-0.09852941334247589,-1.1127450466156006
2333,-0.09166666865348816,-2.223039150238037
2334,-0.0784313753247261,-3.2401959896087646
2335,-0.09019608050584793,-4.247549057006836
2336,-0.07205882668495178,-5.151960849761963
2337,-0.07598039507865906,-5.946078300476074
2338,-0.06960784643888474,-6.593137264251709
2339,-0.06421568989753723,-7.129901885986328
2340,-0.054901961237192154,-7.502450942993164
2341,-0.05686274543404579,-7.75
2342,-0.053431373089551926,-7.811274528503418
2343,-0.035784315317869186,-7.75
2344,-0.036274511367082596,-7.534313678741455
2345,-0.0049019609577953815,-7.166666507720947
2346,-0.009313725866377354,-6.666666507720947
2347,0.004411764908581972,-6.049019813537598
2348,0.014705882407724857,-5.269608020782471
2349,0.04852941259741783,-4.426470756530762
2350,0.027941176667809486,-3.5441176891326904
2351,0.04754902049899101,-2.5416667461395264
2352,0.038235295563936234,-1.5196079015731812
2353,0.06323529779911041,-0.4534313678741455
2354,0.06078431382775307,0.6911764740943909
2355,0.06029411777853966,1.747549057006836
2356,0.07254902273416519,2.7598040103912354
2357,0.07254902273416519,3.8014705181121826
2358,0.07205882668495178,4.705882549285889
2359,0.0730392187833786,5.590686321258545
2360,0.07009804248809814,6.357842922210693
2361,0.05637254938483238,7.0
2362,0.0519607849419117,7.56862735748291
2363,0.044607844203710556,7.98774528503418
2364,0.03333333507180214,8.286765098571777
2365,0.030882352963089943,8.453431129455566
2366,0.027941176667809486,8.477941513061523
2367,0.014215686358511448,8.40686321258545
2368,0.007352941203862429,8.16911792755127
2369,-0.0019607844296842813,7.845588207244873
2370,-0.022549020126461983,7.338235378265381
2371,-0.018627451732754707,6.781862735748291
2372,-0.02401960827410221,6.125
2373,-0.05098039284348488,5.348039150238037
2374,-0.04313725605607033,4.566176414489746
2375,-0.0519607849419117,3.6642158031463623
2376,-0.061764705926179886,2.779411792755127
2377,-0.06421568989753723,1.779411792755127
2378,-0.07647059112787247,0.7696078419685364
2379,-0.07205882668495178,-0.11029411852359772
2380,-0.08039215952157974,-1.0416666269302368
2381,-0.08382353186607361,-1.938725471496582
2382,-0.06568627804517746,-2.838235378265381
2383,-0.06960784643888474,-3.563725471496582
2384,-0.06029411777853966,-4.269608020782471
2385,-0.06617647409439087,-4.941176414489746
2386,-0.0681372582912445,-5.438725471496582
2387,-0.05098039284348488,-5.904411792755127
2388,-0.05637254938483238,-6.218137264251709
2389,-0.0416666679084301,-6.409313678741455
2390,-0.03921568766236305,-6.571078300476074
2391,-0.035784315317869186,-6.534313678741455
2392,-0.021568628028035164,-6.458333492279053
2393,-0.01225490216165781,-6.188725471496582
2394,-0.010294117964804173,-5.840686321258545
2395,0.00147058826405555,-5.441176414489746
2396,-0.0004901961074210703,-4.904411792755127
2397,0.014705882407724857,-4.289215564727783
2398,0.022549020126461983,-3.625
2399,0.026470588520169258,-2.8946077823638916
2400,0.0416666679084301,-2.036764621734619
2401,0.027450980618596077,-1.284313678741455
2402,0.05588235333561897,-0.42892158031463623
2403,0.04362745210528374,0.45588234066963196
2404,0.05784313753247261,1.3039215803146362
2405,0.05000000074505806,2.151960849761963
2406,0.05098039284348488,2.968137264251709
2407,0.04901960864663124,3.7279412746429443
2408,0.05588235333561897,4.436274528503418
2409,0.04411764815449715,5.117647171020508
2410,0.04362745210528374,5.715686321258545
2411,0.04362745210528374,6.240196228027344
2412,0.04264706000685692,6.678921699523926
2413,0.04754902049899101,7.075980186462402
2414,0.027941176667809486,7.281862735748291
2415,0.030392156913876534,7.453431606292725
2416,0.029411764815449715,7.480391979217529
2417,0.01568627543747425,7.455882549285889
2418,0.006862745154649019,7.286764621734619
2419,0.0,7.041666507720947
2420,-0.009803921915590763,6.700980186462402
2421,-0.021568628028035164,6.291666507720947
2422,-0.027941176667809486,5.791666507720947
2423,-0.03284313902258873,5.223039150238037
2424,-0.038235295563936234,4.531862735748291
2425,-0.04264706000685692,3.7916667461395264
2426,-0.04754902049899101,3.031862735748291
2427,-0.046078432351350784,2.2990195751190186
2428,-0.04852941259741783,1.4215686321258545
2429,-0.06029411777853966,0.5808823704719543
2430,-0.06078431382775307,-0.22549019753932953
2431,-0.061764705926179886,-1.0784313678741455
2432,-0.07009804248809814,-1.8553920984268188
2433,-0.06519608199596405,-2.6127450466156006
2434,-0.0676470622420311,-3.3946077823638916
2435,-0.07107843458652496,-4.107842922210693
2436,-0.05882352963089943,-4.715686321258545
2437,-0.06568627804517746,-5.223039150238037
2438,-0.05098039284348488,-5.713235378265381
2439,-0.053431373089551926,-6.058823585510254
2440,-0.053921569138765335,-6.313725471496582
2441,-0.04264706000685692,-6.48774528503418
2442,-0.03382353112101555,-6.602941036224365
2443,-0.02500000037252903,-6.514705657958984
2444,-0.020098039880394936,-6.382352828979492
2445,-0.018137255683541298,-6.134803771972656
2446,-0.0034313725773245096,-5.808823585510254
2447,0.0029411765281111,-5.348039150238037
2448,0.003921568859368563,-4.808823585510254
2449,0.0235294122248888,-4.169117450714111
2450,0.02598039247095585,-3.4583332538604736
2451,0.036274511367082596,-2.7303922176361084
2452,0.04313725605607033,-1.8970588445663452
2453,0.04362745210528374,-1.029411792755127
2454,0.08627451211214066,-0.1568627506494522
2455,0.037745099514722824,0.7549019455909729
2456,0.06519608199596405,1.691176414489746
2457,0.06372549384832382,2.593137264251709
2458,0.05245098099112511,3.4803922176361084
2459,0.061764705926179886,4.352941036224365
2460,0.062745101749897,5.149509906768799
2461,0.061274509876966476,5.850490093231201
2462,0.05882352963089943,6.529411792755127
2463,0.054411765187978745,7.066176414489746
2464,0.06029411777853966,7.639705657958984
2465,0.04950980469584465,7.977941036224365
2466,0.044607844203710556,8.286765098571777
2467,0.0313725508749485,8.48774528503418
2468,0.0313725508749485,8.463234901428223
2469,0.02401960827410221,8.44362735748291
2470,0.01225490216165781,8.26225471496582
2471,0.006862745154649019,7.938725471496582
2472,-0.003921568859368563,7.502450942993164
2473,-0.021078431978821754,6.982842922210693
2474,-0.021568628028035164,6.335784435272217
2475,-0.029901960864663124,5.602941036224365
2476,-0.04068627581000328,4.848039150238037
2477,-0.05098039284348488,3.973039150238037
2478,-0.05686274543404579,3.024509906768799
2479,-0.062254901975393295,2.066176414489746
2480,-0.06666667014360428,1.0882352590560913
2481,-0.11617647111415863,0.06372549384832382
2482,-0.05882352963089943,-0.9460784196853638
2483,-0.08921568840742111,-1.9779411554336548
2484,-0.07745098322629929,-2.936274528503418
2485,-0.0887254923582077,-3.845588207244873
2486,-0.07500000298023224,-4.710784435272217
2487,-0.0730392187833786,-5.468137264251709
2488,-0.0676470622420311,-6.127450942993164
2489,-0.0676470622420311,-6.710784435272217
2490,-0.06519608199596405,-7.203431606292725
2491,-0.05539215728640556,-7.524509906768799
2492,-0.04215686395764351,-7.789215564727783
2493,-0.0313725508749485,-7.875
2494,-0.03235294297337532,-7.857842922210693
2495,-0.01568627543747425,-7.745098114013672
2496,-0.01274509821087122,-7.509803771972656
2497,-0.0004901961074210703,-7.049019813537598
2498,0.0058823530562222,-6.551470756530762
2499,0.10000000149011612,-5.928921699523926
2500,0.08578431606292725,-5.18137264251709
2501,0.10637255012989044,-4.370098114013672
2502,0.12941177189350128,-3.4877450466156006
2503,0.08725490421056747,-2.5122549533843994
2504,0.08578431606292725,-1.5098038911819458
2505,0.08431372791528702,-0.4485294222831726
2506,0.0833333358168602,0.5980392098426819
2507,0.08529412001371384,1.6372549533843994
2508,0.0784313753247261,2.688725471496582
2509,0.09117647260427475,3.68137264251709
2510,0.07254902273416519,4.620098114013672
2511,0.09215686470270157,5.571078300476074
2512,0.06421568989753723,6.401960849761963
2513,0.07696078717708588,7.125
2514,0.06617647409439087,7.813725471496582
2515,0.05588235333561897,8.316176414489746
2516,0.062745101749897,8.740196228027344
2517,0.05049019679427147,9.009803771972656
2518,0.03480392321944237,9.14950942993164
2519,0.021568628028035164,9.267156600952148
2520,0.02500000037252903,9.117647171020508
2521,0.01666666753590107,8.914216041564941
2522,0.0117647061124444,8.58088207244873
2523,-0.008823529817163944,8.117647171020508
2524,-0.03970588371157646,7.544117450714111
2525,-0.01764705963432789,6.93137264251709
2526,-0.029901960864663124,6.171568393707275
2527,-0.06029411777853966,5.303921699523926
2528,-0.03970588371157646,4.379901885986328
2529,-0.05049019679427147,3.468137264251709
2530,1.1019607782363892,2.620098114013672
2531,0.8607842922210693,1.6446079015731812
2532,-0.14852941036224365,0.46078431606292725
2533,0.7779411673545837,-0.4436274468898773
2534,-0.17941176891326904,-1.5
2535,0.2024509757757187,-2.4509804248809814
2536,0.029411764815449715,-3.3284313678741455
2537,-0.03382353112101555,-4.18137264251709
2538,0.023039216175675392,-5.0
2539,-0.05637254938483238,-5.664215564727783
2540,0.010294117964804173,-6.200980186462402
2541,-0.04117647185921669,-6.691176414489746
2542,-0.03284313902258873,-7.095588207244873
2543,-0.023039216175675392,-7.328431606292725
2544,-0.020588235929608345,-7.544117450714111
2545,-0.014705882407724857,-7.536764621734619
2546,-0.018627451732754707,-7.502450942993164
2547,-0.023039216175675392,-7.333333492279053
2548,-0.007352941203862429,-7.053921699523926
2549,0.003921568859368563,-6.622549057006836
2550,0.004411764908581972,-6.186274528503418
2551,0.019607843831181526,-5.558823585510254
2552,0.01617647148668766,-4.946078300476074
2553,0.0313725508749485,-4.223039150238037
2554,0.03480392321944237,-3.4583332538604736
2555,0.046078432351350784,-2.6348040103912354
2556,0.046568628400564194,-1.7867647409439087
2557,0.053921569138765335,-0.8774510025978088
2558,0.06519608199596405,0.01715686358511448
2559,0.062254901975393295,0.9019607901573181
2560,0.06666667014360428,1.7132352590560913
2561,0.07254902273416519,2.5710785388946533
2562,0.061764705926179886,3.399509906768799
2563,0.06960784643888474,4.186274528503418
2564,0.06911765038967133,4.857842922210693
2565,0.019607843831181526,5.539215564727783
2566,0.07892157137393951,6.127450942993164
2567,0.027941176667809486,6.661764621734619
2568,0.054901961237192154,7.058823585510254
2569,0.03333333507180214,7.392157077789307
2570,0.026960784569382668,7.688725471496582
2571,0.036274511367082596,7.821078300476074
2572,0.023039216175675392,7.950980186462402
2573,0.019607843831181526,7.914215564727783
2574,0.0117647061124444,7.803921699523926
2575,0.004411764908581972,7.600490093231201
2576,0.007352941203862429,7.355391979217529
2577,-0.005392157007008791,6.992647171020508
2578,-0.01274509821087122,6.583333492279053
2579,-0.018627451732754707,6.041666507720947
2580,-0.029411764815449715,5.502450942993164
2581,-0.03970588371157646,4.968137264251709
2582,-0.036764707416296005,4.25
2583,-0.05000000074505806,3.5539214611053467
2584,-0.0470588244497776,2.8308823108673096
2585,-0.05245098099112511,2.0857841968536377
2586,-0.0470588244497776,1.3235293626785278
2587,-0.054411765187978745,0.5465686321258545
2588,-0.06078431382775307,-0.22303920984268188
2589,-0.05833333358168602,-0.9950980544090271
2590,-0.0681372582912445,-1.7549020051956177
2591,-0.05147058889269829,-2.4534313678741455
2592,-0.054901961237192154,-3.1446077823638916
2593,-0.05147058889269829,-3.7352941036224365
2594,-0.0519607849419117,-4.330882549285889
2595,-0.026960784569382668,-4.845588207244873
2596,-0.0681372582912445,-5.350490093231201
2597,-0.05980392172932625,-5.725490093231201
2598,-0.05098039284348488,-6.06862735748291
2599,-0.04313725605607033,-6.372549057006836
2600,-0.019607843831181526,-6.531862735748291
2601,-0.019117647781968117,-6.632352828979492
2602,-0.02401960827410221,-6.676470756530762
2603,-0.018627451732754707,-6.558823585510254
2604,-0.00637254910543561,-6.399509906768799
2605,-0.022058824077248573,-6.213235378265381
2606,-0.0049019609577953815,-5.870098114013672
2607,0.01617647148668766,-5.485294342041016
2608,-0.0049019609577953815,-5.034313678741455
2609,-0.34117648005485535,-4.573529243469238
2610,-0.5735294222831726,-3.9803922176361084
2611,0.29313725233078003,-3.3014705181121826
2612,-0.3764705955982208,-2.5857841968536377
2613,0.19019608199596405,-1.8186274766921997
2614,-0.13235294818878174,-1.0808823108673096
2615,-0.011274510063230991,-0.23774509131908417
2616,0.07009804248809814,0.5906862616539001
2617,-0.007352941203862429,1.3651961088180542
2618,0.03970588371157646,2.223039150238037
2619,0.0416666679084301,3.0147058963775635
2620,0.04852941259741783,3.850490093231201
2621,0.0519607849419117,4.605391979217529
2622,0.04362745210528374,5.296568393707275
2623,0.05245098099112511,5.953431606292725
2624,0.04411764815449715,6.571078300476074
2625,0.03529411926865578,7.139705657958984
2626,0.045098040252923965,7.55637264251709
2627,0.037254903465509415,7.950980186462402
2628,0.036274511367082596,8.267156600952148
2629,0.021078431978821754,8.470588684082031
2630,0.020098039880394936,8.605392456054688
2631,0.014215686358511448,8.60049057006836
2632,0.007352941203862429,8.519607543945312
2633,0.010294117964804173,8.303921699523926
2634,-0.019117647781968117,8.049019813537598
2635,-0.004411764908581972,7.627450942993164
2636,-0.02450980432331562,7.19362735748291
2637,-0.010784314014017582,6.617647171020508
2638,-0.0313725508749485,6.007352828979492
2639,-0.03235294297337532,5.284313678741455
2640,-0.0416666679084301,4.529411792755127
2641,-0.0416666679084301,3.723039150238037
2642,-0.05049019679427147,2.808823585510254
2643,-0.05882352963089943,1.941176414489746
2644,-0.05882352963089943,1.034313678741455
2645,-0.06372549384832382,0.08088235557079315
2646,-0.07450980693101883,-0.845588207244873
2647,-0.07107843458652496,-1.7450979948043823
2648,-0.06960784643888474,-2.6372549533843994
2649,-0.07205882668495178,-3.502450942993164
2650,-0.06617647409439087,-4.31862735748291
2651,-0.06666667014360428,-5.049019813537598
2652,-0.07058823853731155,-5.767157077789307
2653,-0.05882352963089943,-6.338235378265381
2654,-0.061764705926179886,-6.892157077789307
2655,-0.04901960864663124,-7.281862735748291
2656,-0.04950980469584465,-7.622549057006836
2657,-0.04215686395764351,-7.838235378265381
2658,-0.03480392321944237,-7.911764621734619
2659,-0.04117647185921669,-7.985294342041016
2660,-0.008823529817163944,-7.855391979217529
2661,-0.023039216175675392,-7.649509906768799
2662,-0.009803921915590763,-7.384803771972656
2663,-0.0019607844296842813,-6.946078300476074
2664,-0.45490196347236633,-6.502450942993164
2665,-0.7318627238273621,-5.950980186462402
2666,0.552450954914093,-5.176470756530762
2667,-1.0416666269302368,-4.541666507720947
2668,0.695588231086731,-3.683823585510254
2669,-0.4730392098426819,-2.911764621734619
2670,0.29460784792900085,-2.024509906768799
2671,-0.12843137979507446,-1.1446079015731812
2672,0.00637254910543561,-0.22058823704719543
2673,0.10147058963775635,0.6813725233078003
2674,-0.004411764908581972,1.6200979948043823
2675,0.052941177040338516,2.5
2676,0.061274509876966476,3.3897058963775635
2677,0.02401960827410221,4.156862735748291
2678,0.04264706000685692,4.950980186462402
2679,0.09068627655506134,5.649509906768799
2680,0.021568628028035164,6.328431606292725
2681,0.09117647260427475,6.928921699523926
2682,0.04117647185921669,7.399509906768799
2683,0.046078432351350784,7.803921699523926
2684,0.03333333507180214,8.139705657958984
2685,0.036274511367082596,8.394607543945312
2686,0.03186274692416191,8.529411315917969
2687,0.03186274692416191,8.58088207244873
2688,0.04264706000685692,8.539216041564941
2689,0.05539215728640556,8.397058486938477
2690,0.0029411765281111,8.215685844421387
2691,0.01617647148668766,7.938725471496582
2692,-0.01274509821087122,7.541666507720947
2693,-0.01617647148668766,7.073529243469238
2694,-0.046568628400564194,6.563725471496582
2695,-0.02450980432331562,6.024509906768799
2696,-0.045588236302137375,5.397058963775635
2697,-0.03431372717022896,4.754901885986328
2698,-0.052941177040338516,4.022058963775635
2699,-0.0573529414832592,3.311274528503418
2700,-0.0573529414832592,2.5759804248809814
2701,-0.0573529414832592,1.7916666269302368
2702,-0.05588235333561897,1.0269607305526733
2703,-0.053921569138765335,0.2867647111415863
2704,-0.05833333358168602,-0.4803921580314636
2705,-0.04313725605607033,-1.2303920984268188
2706,-0.06666667014360428,-1.9460784196853638
2707,-0.06323529779911041,-2.558823585510254
2708,-0.05686274543404579,-3.2401959896087646
2709,-0.06470588594675064,-3.875
2710,-0.054901961237192154,-4.372549057006836
2711,-0.054411765187978745,-4.892157077789307
2712,-0.05000000074505806,-5.328431606292725
2713,-0.0470588244497776,-5.718137264251709
2714,-0.04852941259741783,-6.061274528503418
2715,-0.03970588371157646,-6.274509906768799
2716,-0.04019607976078987,-6.495098114013672
2717,-0.036274511367082596,-6.615196228027344
2718,-0.046078432351350784,-6.656862735748291
2719,0.02500000037252903,-6.671568393707275
2720,-0.03529411926865578,-6.620098114013672
2721,-0.003921568859368563,-6.426470756530762
2722,0.007352941203862429,-6.227941036224365
2723,-0.007352941203862429,-5.970588207244873
2724,0.00637254910543561,-5.615196228027344
2725,0.009313725866377354,-5.252450942993164
2726,0.0034313725773245096,-4.757352828979492
2727,0.021078431978821754,-4.323529243469238
2728,0.022058824077248573,-3.781862735748291
2729,0.05000000074505806,-3.2009804248809814
2730,-0.014215686358511448,-2.5735294818878174
2731,0.0784313753247261,-1.9142156839370728
2732,0.004411764908581972,-1.2328431606292725
2733,0.0676470622420311,-0.5392156839370728
2734,0.027941176667809486,0.17892156541347504
2735,0.04803921654820442,0.9607843160629272
2736,0.0519607849419117,1.6421568393707275
2737,0.04362745210528374,2.3602941036224365
2738,0.045098040252923965,3.0857841968536377
2739,0.04411764815449715,3.725490093231201
2740,0.06372549384832382,4.438725471496582
2741,0.19166666269302368,5.122549057006836
2742,0.24313725531101227,5.698529243469238
2743,-0.2338235229253769,6.254901885986328
2744,0.4333333373069763,6.776960849761963
2745,-0.2294117659330368,7.178921699523926
2746,0.19950979948043823,7.607842922210693
2747,0.021078431978821754,7.901960849761963
2748,0.029411764815449715,8.171568870544434
2749,0.0784313753247261,8.325980186462402
2750,-0.03186274692416191,8.453431129455566
2751,0.027941176667809486,8.45588207244873
2752,0.01764705963432789,8.409314155578613
2753,0.0004901961074210703,8.31862735748291
2754,0.0029411765281111,8.05637264251709
2755,-0.022549020126461983,7.720588207244873
2756,-0.013235294260084629,7.360294342041016
2757,-0.01666666753590107,7.007352828979492
2758,-0.0313725508749485,6.416666507720947
2759,-0.030882352963089943,5.845588207244873
2760,-0.03921568766236305,5.164215564727783
2761,-0.04852941259741783,4.473039150238037
2762,-0.054411765187978745,3.7622549533843994
2763,-0.054901961237192154,2.936274528503418
2764,-0.045098040252923965,2.1421568393707275
2765,-0.05980392172932625,1.3235293626785278
2766,-0.06862745434045792,0.46568626165390015
2767,-0.06960784643888474,-0.36764705181121826
2768,-0.07401961088180542,-1.2377450466156006
2769,-0.06911765038967133,-2.0735294818878174
2770,-0.0681372582912445,-2.8627450466156006
2771,-0.06568627804517746,-3.659313678741455
2772,-0.061274509876966476,-4.392157077789307
2773,-0.0573529414832592,-5.041666507720947
2774,-0.05931372568011284,-5.666666507720947
2775,-0.07107843458652496,-6.235294342041016
2776,-0.06078431382775307,-6.703431606292725
2777,-0.054901961237192154,-7.105391979217529
2778,-0.04950980469584465,-7.438725471496582
2779,-0.035784315317869186,-7.718137264251709
2780,-0.03921568766236305,-7.852941036224365
2781,-0.029901960864663124,-7.911764621734619
2782,-0.03431372717022896,-7.852941036224365
2783,-0.018627451732754707,-7.732842922210693
2784,-0.010294117964804173,-7.529411792755127
2785,-0.0117647061124444,-7.257352828979492
2786,-0.00637254910543561,-6.904411792755127
2787,0.013725490309298038,-6.453431606292725
2788,0.0034313725773245096,-5.914215564727783
2789,0.021078431978821754,-5.382352828979492
2790,0.0058823530562222,-4.732842922210693
2791,0.03970588371157646,-4.031862735748291
2792,0.01666666753590107,-3.372549057006836
2793,0.045588236302137375,-2.5490195751190186
2794,0.04068627581000328,-1.808823585510254
2795,0.04803921654820442,-1.0098038911819458
2796,0.04362745210528374,-0.18872548639774323
2797,0.04852941259741783,0.5833333134651184
2798,0.05882352963089943,1.3897058963775635
2799,0.052941177040338516,2.18137264251709
2800,0.045588236302137375,2.911764621734619
2801,0.04754902049899101,3.6789214611053467
2802,0.04803921654820442,4.316176414489746
2803,0.06078431382775307,4.985294342041016
2804,0.053921569138765335,5.56862735748291
2805,0.045588236302137375,6.13725471496582
2806,0.038235295563936234,6.56862735748291
2807,0.03235294297337532,6.960784435272217
2808,0.037254903465509415,7.340686321258545
2809,0.0416666679084301,7.649509906768799
2810,0.023039216175675392,7.88725471496582
2811,0.01225490216165781,8.02450942993164
2812,0.0235294122248888,8.151960372924805
2813,0.013235294260084629,8.151960372924805
2814,0.008823529817163944,8.122549057006836
2815,0.0,8.019607543945312
2816,-0.0034313725773245096,7.865196228027344
2817,-0.008823529817163944,7.649509906768799
2818,-0.010294117964804173,7.350490093231201
2819,-0.015196078456938267,7.034313678741455
2820,-0.011274510063230991,6.671568393707275
2821,-0.02450980432331562,6.200980186462402
2822,-0.03235294297337532,5.75
2823,-0.028431372717022896,5.218137264251709
2824,-0.03431372717022896,4.732842922210693
2825,-0.037745099514722824,4.171568393707275
2826,-0.044607844203710556,3.598039150238037
2827,-0.04803921654820442,2.9583332538604736
2828,-0.04803921654820442,2.348039150238037
2829,-0.04117647185921669,1.7034313678741455
2830,-0.044607844203710556,1.093137264251709
2831,-0.046078432351350784,0.44607841968536377
2832,-0.04901960864663124,-0.22058823704719543
2833,-0.0519607849419117,-0.8308823704719543
2834,-0.054901961237192154,-1.4877450466156006
2835,-0.05245098099112511,-2.095588207244873
2836,-0.054901961237192154,-2.68137264251709
2837,-0.05931372568011284,-3.276960849761963
2838,-0.06372549384832382,-3.8235294818878174
2839,-0.061764705926179886,-4.328431606292725
2840,-0.07058823853731155,-4.823529243469238
2841,-0.026470588520169258,-5.276960849761963
2842,-0.06078431382775307,-5.68137264251709
2843,-0.03235294297337532,-6.041666507720947
2844,-0.04852941259741783,-6.352941036224365
2845,-0.028921568766236305,-6.639705657958984
2846,-0.04068627581000328,-6.816176414489746
2847,-0.027941176667809486,-6.973039150238037
2848,-0.0313725508749485,-7.061274528503418
2849,-0.01764705963432789,-7.120098114013672
2850,-0.01764705963432789,-7.036764621734619
2851,-0.015196078456938267,-6.963235378265381
2852,-0.018627451732754707,-6.801470756530762
2853,-0.007352941203862429,-6.578431606292725
2854,0.00147058826405555,-6.272058963775635
2855,0.014215686358511448,-5.948529243469238
2856,0.010294117964804173,-5.522058963775635
2857,0.013725490309298038,-5.080882549285889
2858,0.023039216175675392,-4.546568393707275
2859,0.02598039247095585,-3.970588207244873
2860,0.03186274692416191,-3.350490093231201
2861,0.03235294297337532,-2.7034313678741455
2862,0.036764707416296005,-1.965686321258545
2863,0.045098040252923965,-1.2892156839370728
2864,0.05049019679427147,-0.5196078419685364
2865,0.05147058889269829,0.22303920984268188
2866,0.04362745210528374,1.058823585510254
2867,0.054901961237192154,1.7867647409439087
2868,0.05049019679427147,2.588235378265381
2869,0.05686274543404579,3.3210785388946533
2870,0.05686274543404579,4.05637264251709
2871,0.04803921654820442,4.801470756530762
2872,0.05245098099112511,5.424019813537598
2873,0.046078432351350784,6.058823585510254
2874,0.03235294297337532,6.659313678741455
2875,-0.0117647061124444,7.149509906768799
2876,0.052941177040338516,7.615196228027344
2877,0.03186274692416191,8.053921699523926
2878,0.03431372717022896,8.377450942993164
2879,0.035784315317869186,8.625
2880,0.01225490216165781,8.867647171020508
2881,0.021078431978821754,8.97549057006836
2882,0.013725490309298038,8.950980186462402
2883,0.014215686358511448,8.97549057006836
2884,0.0,8.823529243469238
2885,0.0019607844296842813,8.642156600952148
2886,-0.0049019609577953815,8.404411315917969
2887,-0.010784314014017582,8.083333015441895
2888,-0.01715686358511448,7.649509906768799
2889,-0.019117647781968117,7.171568393707275
2890,-0.03284313902258873,6.686274528503418
2891,-0.026470588520169258,6.154411792755127
2892,-0.02549019642174244,5.531862735748291
2893,-0.036274511367082596,4.884803771972656
2894,-0.0416666679084301,4.169117450714111
2895,-0.05245098099112511,3.536764621734619
2896,-0.0416666679084301,2.816176414489746
2897,-0.052941177040338516,2.1053922176361084
2898,-0.054901961237192154,1.3480392694473267
2899,-0.05000000074505806,0.6348039507865906
2900,-0.04852941259741783,-0.061274509876966476
2901,-0.05637254938483238,-0.7941176295280457
2902,-0.05686274543404579,-1.441176414489746
2903,-0.0573529414832592,-2.063725471496582
2904,-0.06323529779911041,-2.7009804248809814
2905,-0.062254901975393295,-3.3357841968536377
2906,-0.05147058889269829,-3.8529412746429443
2907,-0.054901961237192154,-4.416666507720947
2908,0.0034313725773245096,-4.855391979217529
2909,-0.07352941483259201,-5.259803771972656
2910,-0.01568627543747425,-5.644608020782471
2911,-0.05245098099112511,-5.958333492279053
2912,-0.03284313902258873,-6.279411792755127
2913,-0.026960784569382668,-6.475490093231201
2914,-0.03431372717022896,-6.639705657958984
2915,-0.019607843831181526,-6.725490093231201
2916,-0.015196078456938267,-6.813725471496582
2917,-0.018627451732754707,-6.823529243469238
2918,-0.0049019609577953815,-6.799019813537598
2919,-0.01568627543747425,-6.774509906768799
2920,-0.005392157007008791,-6.659313678741455
2921,-0.007843137718737125,-6.460784435272217
2922,-0.0009803922148421407,-6.259803771972656
2923,0.009803921915590763,-6.0
2924,0.0029411765281111,-5.723039150238037
2925,0.01568627543747425,-5.384803771972656
2926,0.008333333767950535,-5.049019813537598
2927,0.022058824077248573,-4.625
2928,0.019607843831181526,-4.188725471496582
2929,0.01715686358511448,-3.7377450466156006
2930,0.021568628028035164,-3.2671568393707275
2931,0.0235294122248888,-2.7279412746429443
2932,0.027450980618596077,-2.1960785388946533
2933,0.027941176667809486,-1.6348038911819458
2934,0.03382353112101555,-1.066176414489746
2935,0.04019607976078987,-0.4779411852359772
2936,0.038235295563936234,0.10294117778539658
2937,0.03333333507180214,0.7132353186607361
2938,0.03480392321944237,1.3553920984268188
2939,0.03235294297337532,1.9191176891326904
2940,0.03872549161314964,2.558823585510254
2941,0.04313725605607033,3.2058823108673096
2942,0.045588236302137375,3.774509906768799
2943,0.04852941259741783,4.379901885986328
2944,0.037745099514722824,4.919117450714111
2945,0.037254903465509415,5.480391979217529
2946,0.04019607976078987,6.002450942993164
2947,0.04754902049899101,6.468137264251709
2948,0.04803921654820442,6.921568393707275
2949,0.03186274692416191,7.323529243469238
2950,0.045588236302137375,7.674019813537598
2951,0.021078431978821754,8.007352828979492
2952,0.028921568766236305,8.259803771972656
2953,0.019607843831181526,8.485294342041016
2954,0.018137255683541298,8.56862735748291
2955,0.018137255683541298,8.735294342041016
2956,0.013725490309298038,8.745098114013672
2957,0.009803921915590763,8.674019813537598
2958,0.007352941203862429,8.60049057006836
2959,0.0,8.446078300476074
2960,-0.0009803922148421407,8.230392456054688
2961,-0.006862745154649019,7.897058963775635
2962,-0.019117647781968117,7.56862735748291
2963,-0.027941176667809486,7.151960849761963
2964,-0.029411764815449715,6.732842922210693
2965,-0.027450980618596077,6.169117450714111
2966,-0.027941176667809486,5.647058963775635
2967,-0.03921568766236305,5.022058963775635
2968,-0.04117647185921669,4.357842922210693
2969,-0.05000000074505806,3.683823585510254
2970,-0.05882352963089943,3.007352828979492
2971,-0.054411765187978745,2.2720587253570557
2972,-0.05588235333561897,1.558823585510254
2973,-0.05000000074505806,0.8480392098426819
2974,-0.061274509876966476,0.0833333358168602
2975,-0.06715686619281769,-0.6200980544090271
2976,-0.0573529414832592,-1.308823585510254
2977,-0.06666667014360428,-1.997549057006836
2978,-0.061764705926179886,-2.7009804248809814
2979,-0.05049019679427147,-3.308823585510254
2980,-0.061274509876966476,-3.9558823108673096
2981,-0.05784313753247261,-4.507352828979492
2982,-0.054411765187978745,-5.034313678741455
2983,-0.05588235333561897,-5.482842922210693
2984,-0.05000000074505806,-5.88725471496582
2985,-0.03921568766236305,-6.225490093231201
2986,-0.03872549161314964,-6.595588207244873
2987,-0.030392156913876534,-6.830882549285889
2988,-0.02401960827410221,-7.071078300476074
2989,-0.03333333507180214,-7.174019813537598
2990,-0.03970588371157646,-7.264705657958984
2991,-0.01764705963432789,-7.321078300476074
2992,0.0004901961074210703,-7.308823585510254
2993,0.0573529414832592,-7.235294342041016
2994,0.06617647409439087,-7.134803771972656
2995,0.030392156913876534,-6.94362735748291
2996,0.03235294297337532,-6.696078300476074
2997,0.02450980432331562,-6.477941036224365
2998,0.015196078456938267,-6.188725471496582
2999,0.020098039880394936,-5.872549057006836
3000,0.04068627581000328,-5.477941036224365
3001,0.01715686358511448,-5.098039150238037
3002,0.04754902049899101,-4.69362735748291
3003,0.03235294297337532,-4.281862735748291
3004,0.03872549161314964,-3.80637264251709
3005,0.02549019642174244,-3.350490093231201
3006,0.028431372717022896,-2.8235294818878174
3007,0.030882352963089943,-2.3333332538604736
3008,0.04803921654820442,-1.845588207244873
3009,0.02598039247095585,-1.2990195751190186
3010,0.037254903465509415,-0.7598039507865906
3011,0.03970588371157646,-0.23039215803146362
3012,0.04068627581000328,0.3063725531101227
3013,0.038235295563936234,0.8602941036224365
3014,0.04362745210528374,1.3504902124404907
3015,0.046078432351350784,1.904411792755127
3016,0.028921568766236305,2.3872549533843994
3017,0.07696078717708588,2.9509804248809814
3018,0.027941176667809486,3.4828431606292725
3019,0.07500000298023224,3.9460785388946533
3020,0.027450980618596077,4.48774528503418
3021,0.052941177040338516,4.909313678741455
3022,-0.4372549057006836,5.350490093231201
3023,-1.634313702583313,5.671568393707275
3024,0.8681372404098511,6.210784435272217
3025,-1.2269607782363892,6.571078300476074
3026,0.3289215564727783,6.938725471496582
3027,-0.2607843279838562,7.299019813537598
3028,0.011274510063230991,7.588235378265381
3029,-0.0784313753247261,7.828431606292725
3030,-0.03235294297337532,8.051470756530762
3031,-0.007352941203862429,8.210783958435059
3032,0.009313725866377354,8.35049057006836
3033,-0.04313725605607033,8.463234901428223
3034,0.008823529817163944,8.470588684082031
3035,-0.02401960827410221,8.47549057006836
3036,0.0049019609577953815,8.446078300476074
3037,-0.021568628028035164,8.291666984558105
3038,-0.046078432351350784,8.115196228027344
3039,0.004411764908581972,7.904411792755127
3040,-0.030882352963089943,7.654411792755127
3041,-0.00637254910543561,7.284313678741455
3042,-0.02450980432331562,6.950980186462402
3043,-0.03186274692416191,6.482842922210693
3044,-0.02401960827410221,6.034313678741455
3045,-0.035784315317869186,5.541666507720947
3046,-0.03382353112101555,4.973039150238037
3047,-0.036274511367082596,4.370098114013672
3048,-0.03921568766236305,3.8039214611053467
3049,-0.03921568766236305,3.122549057006836
3050,-0.04852941259741783,2.492647171020508
3051,-0.0416666679084301,1.784313678741455
3052,-0.03333333507180214,1.095588207244873
3053,-0.04852941259741783,0.41911765933036804
3054,-0.053921569138765335,-0.26225489377975464
3055,-0.0313725508749485,-0.9509803652763367
3056,-0.06568627804517746,-1.593137264251709
3057,-0.038235295563936234,-2.1985294818878174
3058,-0.0573529414832592,-2.8872549533843994
3059,-0.053431373089551926,-3.465686321258545
3060,-0.05637254938483238,-4.017157077789307
3061,-0.04411764815449715,-4.522058963775635
3062,-0.04411764815449715,-5.017157077789307
3063,-0.05588235333561897,-5.465686321258545
3064,-0.04019607976078987,-5.843137264251709
3065,-0.036274511367082596,-6.240196228027344
3066,-0.028431372717022896,-6.514705657958984
3067,-0.03186274692416191,-6.794117450714111
3068,-0.037745099514722824,-6.973039150238037
3069,-0.018627451732754707,-7.174019813537598
3070,-0.01666666753590107,-7.254901885986328
3071,-0.021078431978821754,-7.335784435272217
3072,-0.04362745210528374,-7.321078300476074
3073,0.03382353112101555,-7.291666507720947
3074,-0.03431372717022896,-7.227941036224365
3075,0.018627451732754707,-7.122549057006836
3076,0.01225490216165781,-6.950980186462402
3077,0.010294117964804173,-6.715686321258545
3078,0.004411764908581972,-6.541666507720947
3079,0.015196078456938267,-6.272058963775635
3080,0.013725490309298038,-5.975490093231201
3081,0.022549020126461983,-5.656862735748291
3082,0.0117647061124444,-5.294117450714111
3083,0.014705882407724857,-5.017157077789307
3084,0.01617647148668766,-4.578431606292725
3085,0.026470588520169258,-4.196078300476074
3086,0.027450980618596077,-3.80637264251709
3087,0.02500000037252903,-3.3651959896087646
3088,0.027450980618596077,-2.906862735748291
3089,0.02598039247095585,-2.497549057006836
3090,0.0416666679084301,-2.002450942993164
3091,0.03333333507180214,-1.5490195751190186
3092,0.030882352963089943,-1.0759804248809814
3093,0.03480392321944237,-0.5857843160629272
3094,0.030392156913876534,-0.09558823704719543
3095,0.035784315317869186,0.38235294818878174
3096,0.028431372717022896,0.8651960492134094
3097,0.035784315317869186,1.3186274766921997
3098,0.027941176667809486,1.845588207244873
3099,0.20539215207099915,2.3357841968536377
3100,-0.47058823704719543,2.757352828979492
3101,0.03382353112101555,3.284313678741455
3102,0.044607844203710556,3.8210785388946533
3103,-0.1348039209842682,4.257352828979492
3104,0.052941177040338516,4.759803771972656
3105,-0.01764705963432789,5.240196228027344
3106,-0.01715686358511448,5.666666507720947
3107,0.07745098322629929,6.102941036224365
3108,-0.029901960864663124,6.482842922210693
3109,0.04411764815449715,6.865196228027344
3110,0.019117647781968117,7.19362735748291
3111,0.021078431978821754,7.546568393707275
3112,0.01666666753590107,7.88725471496582
3113,0.013235294260084629,8.102941513061523
3114,0.014705882407724857,8.291666984558105
3115,0.018137255683541298,8.48774528503418
3116,0.01274509821087122,8.629901885986328
3117,0.010294117964804173,8.713234901428223
3118,0.0029411765281111,8.769607543945312
3119,0.004411764908581972,8.78186321258545
3120,0.015196078456938267,8.66911792755127
3121,-0.003921568859368563,8.558823585510254
3122,0.0,8.433823585510254
3123,-0.015196078456938267,8.269607543945312
3124,-0.008823529817163944,7.985294342041016
3125,-0.018627451732754707,7.698529243469238
3126,-0.03529411926865578,7.321078300476074
3127,-0.02500000037252903,6.948529243469238
3128,-0.0313725508749485,6.536764621734619
3129,-0.0117647061124444,6.100490093231201
3130,-0.02500000037252903,5.575980186462402
3131,-0.036274511367082596,5.036764621734619
3132,-0.04901960864663124,4.490196228027344
3133,-0.036764707416296005,3.872549057006836
3134,-0.037254903465509415,3.281862735748291
3135,-0.037745099514722824,2.6740195751190186
3136,-0.0416666679084301,2.0735294818878174
3137,-0.04019607976078987,1.4460784196853638
3138,-0.045098040252923965,0.8970588445663452
3139,-0.046078432351350784,0.25245097279548645
3140,-0.05637254938483238,-0.36764705181121826
3141,-0.04754902049899101,-0.9509803652763367
3142,-0.04901960864663124,-1.531862735748291
3143,-0.04950980469584465,-2.0539214611053467
3144,-0.04901960864663124,-2.5539214611053467
3145,-0.046078432351350784,-3.06862735748291
3146,-0.0470588244497776,-3.5220587253570557
3147,-0.0416666679084301,-3.9460785388946533
3148,-0.04803921654820442,-4.377450942993164
3149,-0.04362745210528374,-4.720588207244873
3150,-0.03382353112101555,-5.093137264251709
3151,-0.044607844203710556,-5.397058963775635
3152,-0.02401960827410221,-5.632352828979492
3153,-0.05049019679427147,-5.916666507720947
3154,-0.021568628028035164,-6.093137264251709
3155,-0.04411764815449715,-6.286764621734619
3156,0.05931372568011284,-6.441176414489746
3157,1.182352900505066,-6.446078300476074
3158,-1.0696078538894653,-6.715686321258545
3159,1.2416666746139526,-6.705882549285889
3160,-0.8519607782363892,-6.76225471496582
3161,0.4215686321258545,-6.813725471496582
3162,-0.15882353484630585,-6.735294342041016
3163,0.07107843458652496,-6.774509906768799
3164,0.037745099514722824,-6.700980186462402
3165,-0.04117647185921669,-6.588235378265381
3166,0.030882352963089943,-6.522058963775635
3167,0.05098039284348488,-6.458333492279053
3168,-0.0416666679084301,-6.257352828979492
3169,0.06568627804517746,-6.100490093231201
3170,-0.05000000074505806,-5.93137264251709
3171,0.03333333507180214,-5.732842922210693
3172,0.010294117964804173,-5.48774528503418
3173,-0.009313725866377354,-5.252450942993164
3174,0.028431372717022896,-4.963235378265381
3175,0.010294117964804173,-4.669117450714111
3176,0.01715686358511448,-4.375
3177,0.01225490216165781,-3.933823585510254
3178,0.0117647061124444,-3.661764621734619
3179,0.018137255683541298,-3.257352828979492
3180,0.027941176667809486,-2.80637264251709
3181,0.04215686395764351,-2.379901885986328
3182,0.0519607849419117,-1.9534313678741455
3183,0.02500000037252903,-1.409313678741455
3184,0.04215686395764351,-0.936274528503418
3185,0.022549020126461983,-0.3848039209842682
3186,0.036764707416296005,0.1715686321258545
3187,0.0004901961074210703,0.6911764740943909
3188,0.04068627581000328,1.2426470518112183
3189,0.035784315317869186,1.840686321258545
3190,0.036274511367082596,2.3578431606292725
3191,0.0416666679084301,2.968137264251709
3192,0.04117647185921669,3.4485294818878174
3193,0.037254903465509415,4.075980186462402
3194,0.036764707416296005,4.605391979217529
3195,0.04019607976078987,5.088235378265381
3196,0.027941176667809486,5.607842922210693
3197,0.03186274692416191,6.083333492279053
3198,0.04362745210528374,6.549019813537598
3199,0.027941176667809486,6.936274528503418
3200,0.030392156913876534,7.330882549285889
3201,0.026960784569382668,7.651960849761963
3202,0.030392156913876534,7.919117450714111
3203,0.02450980432331562,8.210783958435059
3204,0.014705882407724857,8.446078300476074
3205,0.022058824077248573,8.558823585510254
3206,0.01617647148668766,8.688725471496582
3207,0.018627451732754707,8.801470756530762
3208,0.014215686358511448,8.83088207244873
3209,0.015196078456938267,8.838234901428223
3210,0.0009803922148421407,8.786765098571777
3211,0.008333333767950535,8.696078300476074
3212,0.01617647148668766,8.522058486938477
3213,-0.01568627543747425,8.38725471496582
3214,-0.00637254910543561,8.220588684082031
3215,-0.009803921915590763,7.985294342041016
3216,-0.007843137718737125,7.708333492279053
3217,-0.018627451732754707,7.394608020782471
3218,-0.021078431978821754,7.13725471496582
3219,-0.01666666753590107,6.76225471496582
3220,-0.03872549161314964,6.453431606292725
3221,0.021568628028035164,6.093137264251709
3222,-0.07205882668495178,5.715686321258545
3223,-0.05245098099112511,5.330882549285889
3224,-0.026960784569382668,4.992647171020508
3225,-0.05098039284348488,4.541666507720947
3226,-0.42549020051956177,4.120098114013672
3227,-0.11813725531101227,3.75
3228,-0.013725490309298038,3.4289214611053467
3229,-0.3122549057006836,2.933823585510254
3230,0.15784314274787903,2.5710785388946533
3231,-0.2774509787559509,2.18137264251709
3232,0.010784314014017582,1.752450942993164
3233,-0.045588236302137375,1.3480392694473267
3234,-0.09068627655506134,0.9730392098426819
3235,0.0,0.6151960492134094
3236,-0.08725490421056747,0.1764705926179886
3237,-0.01715686358511448,-0.22058823704719543
3238,-0.045588236302137375,-0.5735294222831726
3239,-0.053431373089551926,-1.0049020051956177
3240,-0.026470588520169258,-1.4264706373214722
3241,-0.04362745210528374,-1.8063725233078003
3242,-0.037254903465509415,-2.2083332538604736
3243,-0.03921568766236305,-2.600490093231201
3244,-0.045098040252923965,-2.975490093231201
3245,-0.035784315317869186,-3.4191176891326904
3246,-0.029901960864663124,-3.7671568393707275
3247,-0.03921568766236305,-4.198529243469238
3248,-0.037254903465509415,-4.571078300476074
3249,-0.035784315317869186,-4.933823585510254
3250,-0.03529411926865578,-5.350490093231201
3251,-0.04019607976078987,-5.656862735748291
3252,-0.037254903465509415,-6.0
3253,-0.03872549161314964,-6.311274528503418
3254,-0.046568628400564194,-6.56862735748291
3255,-0.03872549161314964,-6.845588207244873
3256,-0.029411764815449715,-7.117647171020508
3257,-0.026470588520169258,-7.316176414489746
3258,-0.036274511367082596,-7.495098114013672
3259,-0.03333333507180214,-7.656862735748291
3260,-0.019117647781968117,-7.720588207244873
3261,-0.018627451732754707,-7.791666507720947
3262,-0.015196078456938267,-7.860294342041016
3263,-0.01666666753590107,-7.828431606292725
3264,-0.01666666753590107,-7.759803771972656
3265,-0.013235294260084629,-7.718137264251709
3266,-0.010294117964804173,-7.571078300476074
3267,-0.009803921915590763,-7.328431606292725
3268,-0.0019607844296842813,-7.147058963775635
3269,-0.0009803922148421407,-6.875
3270,0.0,-6.605391979217529
3271,0.013725490309298038,-6.267157077789307
3272,0.0029411765281111,-5.938725471496582
3273,0.005392157007008791,-5.529411792755127
3274,0.00637254910543561,-5.102941036224365
3275,0.01274509821087122,-4.715686321258545
3276,0.018137255683541298,-4.299019813537598
3277,0.022058824077248573,-3.8014705181121826
3278,0.018627451732754707,-3.3259804248809814
3279,0.02598039247095585,-2.838235378265381
3280,0.04362745210528374,-2.4142158031463623
3281,0.0019607844296842813,-1.8700979948043823
3282,0.044607844203710556,-1.4142156839370728
3283,0.009803921915590763,-0.9583333134651184
3284,0.036274511367082596,-0.49264705181121826
3285,0.022549020126461983,0.009803921915590763
3286,0.026960784569382668,0.45098039507865906
3287,0.03186274692416191,0.8382353186607361
3288,0.03235294297337532,1.2573529481887817
3289,0.021078431978821754,1.6936274766921997
3290,0.020588235929608345,2.0833332538604736
3291,0.022058824077248573,2.438725471496582
3292,0.01568627543747425,2.811274528503418
3293,0.02500000037252903,3.129901885986328
3294,0.02598039247095585,3.531862735748291
3295,0.02401960827410221,3.81862735748291
3296,0.02598039247095585,4.11274528503418
3297,0.028431372717022896,4.392157077789307
3298,0.021078431978821754,4.723039150238037
3299,0.021568628028035164,5.0
3300,0.014705882407724857,5.301470756530762
3301,0.01617647148668766,5.580882549285889
3302,0.014215686358511448,5.779411792755127
3303,0.014215686358511448,6.080882549285889
3304,0.011274510063230991,6.284313678741455
3305,0.023039216175675392,6.526960849761963
3306,0.02500000037252903,6.808823585510254
3307,0.019607843831181526,7.034313678741455
3308,0.01225490216165781,7.205882549285889
3309,0.020098039880394936,7.428921699523926
3310,0.015196078456938267,7.607842922210693
3311,0.010294117964804173,7.803921699523926
3312,0.01666666753590107,8.017156600952148
3313,0.009803921915590763,8.129901885986328
3314,0.00637254910543561,8.25
3315,0.01225490216165781,8.365196228027344
3316,0.01715686358511448,8.477941513061523
3317,0.003921568859368563,8.529411315917969
3318,0.011274510063230991,8.553921699523926
3319,0.0009803922148421407,8.571078300476074
3320,-0.0029411765281111,8.514705657958984
3321,0.0,8.51225471496582
3322,0.005392157007008791,8.409314155578613
3323,-0.008333333767950535,8.257352828979492
3324,-0.009803921915590763,8.110294342041016
3325,-0.01274509821087122,7.933823585510254
3326,-0.010294117964804173,7.715686321258545
3327,-0.018137255683541298,7.419117450714111
3328,-0.022549020126461983,7.132352828979492
3329,-0.022058824077248573,6.835784435272217
3330,-0.036274511367082596,6.455882549285889
3331,0.018137255683541298,6.088235378265381
3332,-0.0313725508749485,5.654411792755127
3333,-0.04362745210528374,5.18137264251709
3334,-0.01568627543747425,4.774509906768799
3335,-0.04019607976078987,4.316176414489746
3336,-0.028921568766236305,3.838235378265381
3337,-0.036274511367082596,3.340686321258545
3338,-0.036764707416296005,2.848039150238037
3339,-0.036764707416296005,2.370098114013672
3340,-0.02598039247095585,1.8799020051956177
3341,-0.027450980618596077,1.4240195751190186
3342,-0.04411764815449715,0.9289215803146362
3343,-0.03235294297337532,0.4828431308269501
3344,-0.03186274692416191,0.026960784569382668
3345,-0.03872549161314964,-0.44117647409439087
3346,-0.03921568766236305,-0.8333333134651184
3347,-0.04117647185921669,-1.2279411554336548
3348,-0.03333333507180214,-1.6127450466156006
3349,-0.035784315317869186,-1.970588207244873
3350,-0.04852941259741783,-2.3553922176361084
3351,-0.03333333507180214,-2.7009804248809814
3352,-0.026470588520169258,-2.973039150238037
3353,-0.03284313902258873,-3.2720587253570557
3354,-0.02549019642174244,-3.5098040103912354
3355,-0.028431372717022896,-3.808823585510254
3356,-0.02549019642174244,-4.002450942993164
3357,-0.02598039247095585,-4.240196228027344
3358,-0.026470588520169258,-4.475490093231201
3359,-0.030882352963089943,-4.700980186462402
3360,-0.03480392321944237,-4.882352828979492
3361,-0.009803921915590763,-5.117647171020508
3362,-0.03186274692416191,-5.276960849761963
3363,-0.014705882407724857,-5.455882549285889
3364,-0.02549019642174244,-5.678921699523926
3365,0.030392156913876534,-5.850490093231201
3366,-0.0519607849419117,-5.990196228027344
3367,-0.009803921915590763,-6.156862735748291
3368,-0.01568627543747425,-6.311274528503418
3369,-0.026960784569382668,-6.504901885986328
3370,-0.014705882407724857,-6.676470756530762
3371,-0.020098039880394936,-6.789215564727783
3372,-0.013725490309298038,-6.919117450714111
3373,-0.011274510063230991,-7.014705657958984
3374,-0.027450980618596077,-7.166666507720947
3375,-0.01225490216165781,-7.232842922210693
3376,-0.01225490216165781,-7.303921699523926
3377,-0.020098039880394936,-7.377450942993164
3378,-0.01764705963432789,-7.411764621734619
3379,-0.01274509821087122,-7.406862735748291
3380,-0.008333333767950535,-7.365196228027344
3381,-0.013725490309298038,-7.343137264251709
3382,-0.008333333767950535,-7.242647171020508
3383,-0.0058823530562222,-7.129901885986328
3384,0.0034313725773245096,-6.980391979217529
3385,0.003921568859368563,-6.875
3386,-0.0117647061124444,-6.661764621734619
3387,0.013235294260084629,-6.446078300476074
3388,-0.010294117964804173,-6.161764621734619
3389,0.02549019642174244,-5.877450942993164
3390,0.0,-5.558823585510254
3391,0.01666666753590107,-5.235294342041016
3392,-0.0009803922148421407,-4.813725471496582
3393,0.01764705963432789,-4.416666507720947
3394,0.021078431978821754,-4.061274528503418
3395,0.01274509821087122,-3.5784313678741455
3396,0.020588235929608345,-3.161764621734619
3397,0.020588235929608345,-2.713235378265381
3398,0.027941176667809486,-2.279411792755127
3399,0.026470588520169258,-1.7671568393707275
3400,0.018627451732754707,-1.3676470518112183
3401,0.02450980432331562,-0.8848039507865906
3402,0.020588235929608345,-0.42892158031463623
3403,0.026470588520169258,-0.01225490216165781
3404,0.018137255683541298,0.43382352590560913
3405,0.02450980432331562,0.7769607901573181
3406,0.027450980618596077,1.1985293626785278
3407,0.023039216175675392,1.6053920984268188
3408,0.02450980432331562,1.9436274766921997
3409,0.014215686358511448,2.281862735748291
3410,0.023039216175675392,2.659313678741455
3411,0.026960784569382668,2.899509906768799
3412,0.030392156913876534,3.2107841968536377
3413,0.014705882407724857,3.475490093231201
3414,0.021078431978821754,3.723039150238037
3415,0.013235294260084629,4.01225471496582
3416,0.022058824077248573,4.259803771972656
3417,0.011274510063230991,4.426470756530762
3418,0.005392157007008791,4.671568393707275
3419,0.007352941203862429,4.816176414489746
3420,0.01568627543747425,5.107842922210693
3421,0.005392157007008791,5.279411792755127
3422,0.0024509804788976908,5.485294342041016
3423,0.0004901961074210703,5.698529243469238
3424,0.019117647781968117,5.875
3425,0.006862745154649019,6.071078300476074
3426,0.010784314014017582,6.272058963775635
3427,0.014705882407724857,6.485294342041016
3428,0.015196078456938267,6.708333492279053
3429,0.01225490216165781,6.901960849761963
3430,0.009313725866377354,7.095588207244873
3431,0.008823529817163944,7.308823585510254
3432,0.0058823530562222,7.519608020782471
3433,0.003921568859368563,7.688725471496582
3434,0.008823529817163944,7.938725471496582
3435,0.008333333767950535,8.061274528503418
3436,0.010784314014017582,8.242647171020508
3437,0.0049019609577953815,8.401960372924805
3438,0.004411764908581972,8.519607543945312
3439,0.0009803922148421407,8.683823585510254
3440,0.0029411765281111,8.752450942993164
3441,0.019607843831181526,8.813725471496582
3442,0.0024509804788976908,8.894607543945312
3443,0.005392157007008791,8.870098114013672
3444,0.0004901961074210703,8.835783958435059
3445,0.0009803922148421407,8.83088207244873
3446,-0.0029411765281111,8.76225471496582
3447,0.00147058826405555,8.617647171020508
3448,0.0009803922148421407,8.492647171020508
3449,-0.005392157007008791,8.311274528503418
3450,-0.01666666753590107,8.14950942993164
3451,-0.013725490309298038,7.877450942993164
3452,-0.026960784569382668,7.656862735748291
3453,-0.01764705963432789,7.338235378265381
3454,-0.023039216175675392,7.049019813537598
3455,-0.015196078456938267,6.720588207244873
3456,-0.020588235929608345,6.394608020782471
3457,-0.02598039247095585,6.004901885986328
3458,-0.03235294297337532,5.644608020782471
3459,-0.028431372717022896,5.272058963775635
3460,-0.02450980432331562,4.921568393707275
3461,-0.01764705963432789,4.517157077789307
3462,-0.029411764815449715,4.183823585510254
3463,-0.0313725508749485,3.8014705181121826
3464,-0.028921568766236305,3.4607841968536377
3465,-0.030882352963089943,3.0808823108673096
3466,-0.026470588520169258,2.75
3467,-0.030882352963089943,2.377450942993164
3468,-0.029901960864663124,2.1102941036224365
3469,-0.029901960864663124,1.7745097875595093
3470,-0.028921568766236305,1.468137264251709
3471,-0.028431372717022896,1.2034313678741455
3472,-0.05637254938483238,0.9852941036224365
3473,-0.015196078456938267,0.6960784196853638
3474,-0.01666666753590107,0.45098039507865906
3475,-0.03235294297337532,0.1715686321258545
3476,-0.028921568766236305,-0.026960784569382668
3477,-0.023039216175675392,-0.2450980395078659
3478,-0.01617647148668766,-0.4901960790157318
3479,-0.01274509821087122,-0.7034313678741455
3480,-0.023039216175675392,-0.904411792755127
3481,-0.01666666753590107,-1.1813725233078003
3482,-0.0235294122248888,-1.4191176891326904
3483,-0.018627451732754707,-1.6372549533843994
3484,-0.02450980432331562,-1.906862735748291
3485,-0.022549020126461983,-2.117647171020508
3486,-0.020588235929608345,-2.4191176891326904
3487,0.08235294371843338,-2.617647171020508
3488,0.0784313753247261,-3.007352828979492
3489,0.04852941259741783,-3.274509906768799
3490,0.05686274543404579,-3.55637264251709
3491,0.028431372717022896,-3.9460785388946533
3492,0.0,-4.220588207244873
3493,-0.0004901961074210703,-4.55637264251709
3494,-0.014705882407724857,-4.821078300476074
3495,-0.01568627543747425,-5.166666507720947
3496,-0.018627451732754707,-5.509803771972656
3497,-0.029901960864663124,-5.811274528503418
3498,-0.014705882407724857,-6.095588207244873
3499,-0.02549019642174244,-6.411764621734619
3500,-0.022549020126461983,-6.678921699523926
3501,-0.018137255683541298,-6.901960849761963
3502,-0.01666666753590107,-7.13725471496582
3503,-0.030392156913876534,-7.357842922210693
3504,-0.01666666753590107,-7.517157077789307
3505,-0.02401960827410221,-7.69362735748291
3506,-0.018627451732754707,-7.801470756530762
3507,-0.0470588244497776,-7.884803771972656
3508,0.027450980618596077,-7.973039150238037
3509,-0.03235294297337532,-8.029411315917969
3510,-0.009803921915590763,-7.977941036224365
3511,0.011274510063230991,-7.995098114013672
3512,-0.03921568766236305,-7.909313678741455
3513,0.02549019642174244,-7.845588207244873
3514,-0.013235294260084629,-7.708333492279053
3515,0.0034313725773245096,-7.63725471496582
3516,0.019117647781968117,-7.480391979217529
3517,-2.1215686798095703,-7.507352828979492
3518,0.6328431367874146,-7.186274528503418
3519,-1.0553921461105347,-6.946078300476074
3520,-0.062254901975393295,-6.774509906768799
3521,-0.1975490152835846,-6.526960849761963
3522,-0.07156863063573837,-6.360294342041016
3523,-0.13921569287776947,-6.166666507720947
3524,-0.03235294297337532,-5.960784435272217
3525,-0.09166666865348816,-5.700980186462402
3526,0.0416666679084301,-5.546568393707275
3527,-0.06862745434045792,-5.348039150238037
3528,0.01764705963432789,-5.13725471496582
3529,-0.029411764815449715,-4.977941036224365
3530,-0.0029411765281111,-4.852941036224365
3531,-0.00147058826405555,-4.708333492279053
3532,-0.013235294260084629,-4.55637264251709
3533,0.0004901961074210703,-4.465686321258545
3534,0.007843137718737125,-4.313725471496582
3535,0.006862745154649019,-4.171568393707275
3536,0.004411764908581972,-4.051470756530762
3537,0.00147058826405555,-3.94362735748291
3538,0.0058823530562222,-3.808823585510254
3539,0.007352941203862429,-3.6666667461395264
3540,0.0,-3.5122549533843994
3541,0.0049019609577953815,-3.3333332538604736
3542,0.0024509804788976908,-3.220588207244873
3543,0.0029411765281111,-3.0098040103912354
3544,0.015196078456938267,-2.843137264251709
3545,0.0117647061124444,-2.6151959896087646
3546,0.01274509821087122,-2.3627450466156006
3547,0.01617647148668766,-2.1127450466156006
3548,0.010784314014017582,-1.875
3549,0.0235294122248888,-1.5392156839370728
3550,-0.008333333767950535,-1.2303920984268188
3551,0.030392156913876534,-0.8700980544090271
3552,0.011274510063230991,-0.5392156839370728
3553,0.02450980432331562,-0.16911764442920685
3554,0.020098039880394936,0.2401960790157318
3555,0.0235294122248888,0.5857843160629272
3556,0.019607843831181526,1.0245097875595093
3557,0.021078431978821754,1.3946079015731812
3558,0.02598039247095585,1.8651961088180542
3559,0.03284313902258873,2.25
3560,0.02401960827410221,2.6470587253570557
3561,0.03284313902258873,3.0441176891326904
3562,0.026960784569382668,3.433823585510254
3563,0.02549019642174244,3.786764621734619
3564,0.02500000037252903,4.142157077789307
3565,0.029411764815449715,4.492647171020508
3566,0.02500000037252903,4.781862735748291
3567,0.021568628028035164,5.066176414489746
3568,0.018137255683541298,5.30637264251709
3569,0.028921568766236305,5.534313678741455
3570,0.021568628028035164,5.740196228027344
3571,0.006862745154649019,5.953431606292725
3572,0.027941176667809486,6.073529243469238
3573,0.013235294260084629,6.225490093231201
3574,0.006862745154649019,6.345588207244873
3575,0.0235294122248888,6.458333492279053
3576,0.01764705963432789,6.497549057006836
3577,0.0034313725773245096,6.573529243469238
3578,0.021078431978821754,6.617647171020508
3579,0.00637254910543561,6.656862735748291
3580,-0.00147058826405555,6.710784435272217
3581,0.24362744390964508,6.720588207244873
3582,0.34166666865348816,6.796568393707275
3583,-0.4176470637321472,6.759803771972656
3584,0.46617648005485535,6.825980186462402
3585,-0.2083333283662796,6.860294342041016
3586,0.12107843160629272,6.941176414489746
3587,0.023039216175675392,7.009803771972656
3588,-0.011274510063230991,7.100490093231201
3589,0.05784313753247261,7.169117450714111
3590,0.003921568859368563,7.276960849761963
3591,0.0004901961074210703,7.404411792755127
3592,0.0313725508749485,7.509803771972656
3593,0.020098039880394936,7.642157077789307
3594,0.010294117964804173,7.767157077789307
3595,0.011274510063230991,7.950980186462402
3596,0.018137255683541298,8.046568870544434
3597,0.023039216175675392,8.176470756530762
3598,0.030882352963089943,8.335783958435059
3599,-0.05000000074505806,8.470588684082031
3600,-0.006862745154649019,8.541666984558105
3601,-0.03333333507180214,8.696078300476074
3602,-0.00637254910543561,8.757352828979492
3603,0.0117647061124444,8.855392456054688
3604,0.005392157007008791,8.909314155578613
3605,-0.004411764908581972,8.936274528503418
3606,-0.0019607844296842813,8.94362735748291
3607,-0.0024509804788976908,8.875
3608,0.004411764908581972,8.852941513061523
3609,-0.013235294260084629,8.747549057006836
3610,-0.006862745154649019,8.654411315917969
3611,0.0,8.514705657958984
3612,0.0,8.333333015441895
3613,-0.014215686358511448,8.151960372924805
3614,-0.013725490309298038,7.948529243469238
3615,-0.022058824077248573,7.713235378265381
3616,-0.020588235929608345,7.43137264251709
3617,-0.026960784569382668,7.178921699523926
3618,-0.011274510063230991,6.877450942993164
3619,-0.029901960864663124,6.585784435272217
3620,-0.05098039284348488,6.276960849761963
3621,-0.010294117964804173,6.036764621734619
3622,-0.037745099514722824,5.686274528503418
3623,-0.03333333507180214,5.399509906768799
3624,-0.007352941203862429,5.120098114013672
3625,-0.021568628028035164,4.845588207244873
3626,-0.0058823530562222,4.605391979217529
3627,-0.019607843831181526,4.348039150238037
3628,-0.006862745154649019,4.107842922210693
3629,-0.010784314014017582,3.9191176891326904
3630,-0.01666666753590107,3.7303922176361084
3631,-0.01225490216165781,3.5857841968536377
3632,-0.023039216175675392,3.370098114013672
3633,-0.0049019609577953815,3.25
3634,-0.007352941203862429,3.1078431606292725
3635,-0.006862745154649019,3.007352828979492
3636,-0.005392157007008791,2.9264705181121826
3637,-0.01715686358511448,2.8333332538604736
3638,-0.005392157007008791,2.7279412746429443
3639,-0.003921568859368563,2.6348040103912354
3640,-0.009313725866377354,2.536764621734619
3641,-0.005392157007008791,2.463235378265381
3642,-0.010784314014017582,2.4240195751190186
3643,-0.00637254910543561,2.2622549533843994
3644,-0.0024509804788976908,2.1078431606292725
3645,-0.0235294122248888,2.031862735748291
3646,0.010294117964804173,1.7990195751190186
3647,-0.04313725605607033,1.7009804248809814
3648,0.005392157007008791,1.5147058963775635
3649,-0.036274511367082596,1.2769607305526733
3650,0.029411764815449715,1.034313678741455
3651,1.3612744808197021,0.8700980544090271
3652,-0.5803921818733215,0.4436274468898773
3653,0.9053921699523926,0.2083333283662796
3654,-0.15882353484630585,-0.09803921729326248
3655,0.0470588244497776,-0.5147058963775635
3656,0.16470588743686676,-0.7867646813392639
3657,-0.07254902273416519,-1.2058823108673096
3658,0.09950980544090271,-1.595588207244873
3659,-0.020098039880394936,-1.9166666269302368
3660,-0.0416666679084301,-2.281862735748291
3661,0.0681372582912445,-2.659313678741455
3662,-0.0887254923582077,-2.9289214611053467
3663,0.013725490309298038,-3.313725471496582
3664,-0.01666666753590107,-3.6372549533843994
3665,-0.04313725605607033,-3.9289214611053467
3666,-0.010294117964804173,-4.272058963775635
3667,-0.02450980432331562,-4.5
3668,-0.03872549161314964,-4.735294342041016
3669,-0.0024509804788976908,-4.904411792755127
3670,-0.029411764815449715,-5.078431606292725
3671,-0.010294117964804173,-5.220588207244873
3672,-0.018627451732754707,-5.357842922210693
3673,-0.018627451732754707,-5.448529243469238
3674,-0.018627451732754707,-5.551470756530762
3675,-0.01764705963432789,-5.583333492279053
3676,-0.01617647148668766,-5.622549057006836
3677,-0.01274509821087122,-5.627450942993164
3678,-0.007352941203862429,-5.595588207244873
3679,-0.01617647148668766,-5.598039150238037
3680,0.009313725866377354,-5.590686321258545
3681,-0.023039216175675392,-5.607842922210693
3682,0.0,-5.539215564727783
3683,-0.02598039247095585,-5.507352828979492
3684,-0.004411764908581972,-5.495098114013672
3685,-0.0117647061124444,-5.55637264251709
3686,-0.013235294260084629,-5.509803771972656
3687,-0.01274509821087122,-5.558823585510254
3688,-0.014705882407724857,-5.583333492279053
3689,-0.007843137718737125,-5.647058963775635
3690,-0.010784314014017582,-5.772058963775635
3691,-0.014215686358511448,-5.848039150238037
3692,-0.022549020126461983,-5.958333492279053
3693,-0.007843137718737125,-6.122549057006836
3694,-0.0313725508749485,-6.259803771972656
3695,-0.01666666753590107,-6.453431606292725
3696,-0.030882352963089943,-6.627450942993164
3697,-0.018137255683541298,-6.857842922210693
3698,-0.026960784569382668,-7.017157077789307
3699,-0.020588235929608345,-7.215686321258545
3700,-0.01666666753590107,-7.424019813537598
3701,-0.020098039880394936,-7.622549057006836
3702,-0.03186274692416191,-7.80637264251709
3703,-0.02549019642174244,-7.948529243469238
3704,-0.03529411926865578,-8.125
3705,-0.02401960827410221,-8.213234901428223
3706,-0.02549019642174244,-8.370098114013672
3707,-0.018627451732754707,-8.424019813537598
3708,-0.01666666753590107,-8.497549057006836
3709,-0.01666666753590107,-8.477941513061523
3710,-0.01666666753590107,-8.507352828979492
3711,-0.01274509821087122,-8.490196228027344
3712,-0.01274509821087122,-8.39950942993164
3713,-0.01617647148668766,-8.29411792755127
3714,-0.010294117964804173,-8.191176414489746
3715,-0.009803921915590763,-8.029411315917969
3716,-0.0029411765281111,-7.86274528503418
3717,-0.02549019642174244,-7.671568393707275
3718,0.00637254910543561,-7.519608020782471
3719,-0.0117647061124444,-7.26225471496582
3720,0.011274510063230991,-7.046568393707275
3721,-0.006862745154649019,-6.794117450714111
3722,0.007352941203862429,-6.571078300476074
3723,0.0,-6.311274528503418
3724,0.010294117964804173,-6.107842922210693
3725,0.0019607844296842813,-5.879901885986328
3726,0.0009803922148421407,-5.664215564727783
3727,0.00637254910543561,-5.51225471496582
3728,0.125490203499794,-5.340686321258545
3729,0.591176450252533,-5.166666507720947
3730,-0.3906862735748291,-5.066176414489746
3731,0.4220588207244873,-5.017157077789307
3732,-0.028921568766236305,-4.916666507720947
3733,0.019607843831181526,-4.93137264251709
3734,0.08774510025978088,-4.860294342041016
3735,-0.03382353112101555,-4.906862735748291
3736,0.045098040252923965,-4.904411792755127
3737,0.01568627543747425,-4.936274528503418
3738,-0.04264706000685692,-4.970588207244873
3739,0.04019607976078987,-5.024509906768799
3740,-0.02549019642174244,-5.080882549285889
3741,0.01274509821087122,-5.164215564727783
3742,-0.0034313725773245096,-5.176470756530762
3743,-0.005392157007008791,-5.264705657958984
3744,0.0004901961074210703,-5.269608020782471
3745,-0.01617647148668766,-5.333333492279053
3746,-0.014215686358511448,-5.301470756530762
3747,-0.0034313725773245096,-5.26225471496582
3748,-0.011274510063230991,-5.196078300476074
3749,-0.006862745154649019,-5.156862735748291
3750,0.0024509804788976908,-4.995098114013672
3751,-0.004411764908581972,-4.857842922210693
3752,0.0049019609577953815,-4.656862735748291
3753,0.011274510063230991,-4.438725471496582
3754,0.005392157007008791,-4.259803771972656
3755,0.007843137718737125,-3.992647171020508
3756,0.0058823530562222,-3.720588207244873
3757,0.013725490309298038,-3.406862735748291
3758,0.009313725866377354,-3.100490093231201
3759,0.01274509821087122,-2.808823585510254
3760,0.018627451732754707,-2.406862735748291
3761,0.0049019609577953815,-2.0784313678741455
3762,0.02401960827410221,-1.747549057006836
3763,0.021568628028035164,-1.3823529481887817
3764,0.02549019642174244,-1.0490195751190186
3765,0.02598039247095585,-0.7549019455909729
3766,0.01274509821087122,-0.5024510025978088
3767,0.021078431978821754,-0.18627451360225677
3768,0.019117647781968117,0.06617647409439087
3769,0.010294117964804173,0.23284313082695007
3770,0.0313725508749485,0.47549018263816833
3771,0.019117647781968117,0.6176470518112183
3772,-0.003921568859368563,0.781862735748291
3773,0.014705882407724857,0.8627451062202454
3774,0.011274510063230991,0.9191176295280457
3775,0.00637254910543561,0.9656862616539001
3776,0.04411764815449715,0.970588207244873
3777,-0.0034313725773245096,0.9754902124404907
3778,0.0004901961074210703,1.0049020051956177
3779,0.0117647061124444,0.8897058963775635
3780,-0.005392157007008791,0.8872548937797546
3781,0.009803921915590763,0.779411792755127
3782,-0.00147058826405555,0.7254902124404907
3783,-0.01274509821087122,0.6911764740943909
3784,-0.0009803922148421407,0.656862735748291
3785,-0.005392157007008791,0.625
3786,-0.0019607844296842813,0.6225489974021912
3787,0.0024509804788976908,0.6421568393707275
3788,-0.0024509804788976908,0.5808823704719543
3789,0.0004901961074210703,0.7083333134651184
3790,-0.004411764908581972,0.7745097875595093
3791,-0.0049019609577953815,0.9093137383460999
3792,-0.009313725866377354,1.0269607305526733
3793,0.01225490216165781,1.2696079015731812
3794,0.011274510063230991,1.4215686321258545
3795,0.013725490309298038,1.6666666269302368
3796,0.0034313725773245096,1.9583333730697632
3797,0.01274509821087122,2.2892158031463623
3798,0.020098039880394936,2.5465686321258545
3799,0.02401960827410221,2.877450942993164
3800,0.02450980432331562,3.2107841968536377
3801,0.022058824077248573,3.558823585510254
3802,0.030882352963089943,3.8946077823638916
3803,0.021078431978821754,4.23774528503418
3804,0.020098039880394936,4.546568393707275
3805,0.02401960827410221,4.823529243469238
3806,0.023039216175675392,5.144608020782471
3807,0.01666666753590107,5.416666507720947
3808,-0.02500000037252903,5.659313678741455
3809,0.03921568766236305,5.845588207244873
3810,-0.0009803922148421407,6.026960849761963
3811,0.011274510063230991,6.191176414489746
3812,0.004411764908581972,6.254901885986328
3813,0.0024509804788976908,6.281862735748291
3814,0.009313725866377354,6.365196228027344
3815,0.007352941203862429,6.36274528503418
3816,-0.0024509804788976908,6.340686321258545
3817,-0.006862745154649019,6.218137264251709
3818,0.0,6.18137264251709
3819,-0.0004901961074210703,6.029411792755127
3820,0.004411764908581972,5.941176414489746
3821,-0.006862745154649019,5.789215564727783
3822,-0.0004901961074210703,5.605391979217529
3823,-0.01764705963432789,5.453431606292725
3824,-0.0019607844296842813,5.348039150238037
3825,-0.01666666753590107,5.215686321258545
3826,-0.0009803922148421407,5.078431606292725
3827,-0.01568627543747425,5.0
3828,-0.006862745154649019,4.938725471496582
3829,-0.006862745154649019,4.867647171020508
3830,-0.013235294260084629,4.852941036224365
3831,-0.011274510063230991,4.897058963775635
3832,-0.0049019609577953815,4.928921699523926
3833,-0.004411764908581972,5.024509906768799
3834,-0.0009803922148421407,5.156862735748291
3835,-0.009803921915590763,5.308823585510254
3836,0.00637254910543561,5.504901885986328
3837,0.0009803922148421407,5.740196228027344
3838,0.008333333767950535,5.955882549285889
3839,0.014705882407724857,6.269608020782471
3840,0.009313725866377354,6.526960849761963
3841,0.0058823530562222,6.816176414489746
3842,0.014215686358511448,7.132352828979492
3843,0.019607843831181526,7.450980186462402
3844,0.022549020126461983,7.735294342041016
3845,0.018137255683541298,7.980391979217529
3846,0.007843137718737125,8.26225471496582
3847,0.01274509821087122,8.53186321258545
3848,0.009803921915590763,8.713234901428223
3849,0.011274510063230991,8.882352828979492
3850,0.01225490216165781,9.029411315917969
3851,0.0034313725773245096,9.122549057006836
3852,0.014705882407724857,9.186274528503418
3853,0.0009803922148421407,9.21813678741455
3854,-0.0058823530562222,9.15686321258545
3855,0.0004901961074210703,9.088234901428223
3856,-0.0009803922148421407,8.96813678741455
3857,-0.0034313725773245096,8.870098114013672
3858,0.0,8.698529243469238
3859,-0.005392157007008791,8.495098114013672
3860,-0.007843137718737125,8.257352828979492
3861,-0.01225490216165781,8.063725471496582
3862,-0.013725490309298038,7.784313678741455
3863,-0.026470588520169258,7.546568393707275
3864,-0.022058824077248573,7.345588207244873
3865,-0.014705882407724857,7.053921699523926
3866,-0.0235294122248888,6.816176414489746
3867,-0.03333333507180214,6.625
3868,-0.019117647781968117,6.414215564727783
3869,-0.01274509821087122,6.311274528503418
3870,-0.022549020126461983,6.196078300476074
3871,0.0,6.071078300476074
3872,-0.008823529817163944,6.041666507720947
3873,-0.023039216175675392,6.041666507720947
3874,-0.020588235929608345,6.110294342041016
3875,-0.0029411765281111,6.142157077789307
3876,0.003921568859368563,6.259803771972656
3877,-0.011274510063230991,6.448529243469238
3878,0.0,6.610294342041016
3879,0.0019607844296842813,6.835784435272217
3880,0.013235294260084629,7.078431606292725
3881,0.01568627543747425,7.333333492279053
3882,0.015196078456938267,7.642157077789307
3883,0.014705882407724857,7.93137264251709
3884,0.011274510063230991,8.240196228027344
3885,0.020098039880394936,8.446078300476074
3886,0.015196078456938267,8.696078300476074
3887,0.01666666753590107,8.965685844421387
3888,0.01568627543747425,9.188725471496582
3889,0.01715686358511448,9.34313678741455
3890,0.01715686358511448,9.47549057006836
3891,0.0058823530562222,9.571078300476074
3892,0.011274510063230991,9.654411315917969
3893,0.0024509804788976908,9.617647171020508
3894,0.0058823530562222,9.56862735748291
3895,0.007843137718737125,9.490196228027344
3896,-0.00637254910543561,9.397058486938477
3897,-0.0009803922148421407,9.198529243469238
3898,-0.008333333767950535,8.953431129455566
3899,-0.011274510063230991,8.764705657958984
3900,-0.008823529817163944,8.453431129455566
3901,-0.01666666753590107,8.151960372924805
3902,-0.0235294122248888,7.828431606292725
3903,-0.018137255683541298,7.524509906768799
3904,-0.026960784569382668,7.161764621734619
3905,-0.028921568766236305,6.80637264251709
3906,-0.0235294122248888,6.490196228027344
3907,-0.019117647781968117,6.19362735748291
3908,-0.026470588520169258,5.870098114013672
3909,-0.021568628028035164,5.63725471496582
3910,-0.022058824077248573,5.433823585510254
3911,-0.021568628028035164,5.291666507720947
3912,-0.027941176667809486,5.117647171020508
3913,-0.02401960827410221,5.041666507720947
3914,-0.020098039880394936,5.024509906768799
3915,-0.015196078456938267,5.036764621734619
3916,-0.007843137718737125,5.115196228027344
3917,-0.006862745154649019,5.259803771972656
3918,0.00147058826405555,5.411764621734619
3919,0.008823529817163944,5.566176414489746
3920,0.007352941203862429,5.813725471496582
3921,0.010784314014017582,6.075980186462402
3922,0.01274509821087122,6.338235378265381
3923,0.007352941203862429,6.666666507720947
3924,0.01225490216165781,6.965686321258545
3925,0.019607843831181526,7.200980186462402
3926,0.022549020126461983,7.561274528503418
3927,0.020098039880394936,7.816176414489746
3928,0.019607843831181526,8.115196228027344
3929,0.01225490216165781,8.357843399047852
3930,0.014215686358511448,8.517156600952148
3931,0.009803921915590763,8.686274528503418
3932,0.01225490216165781,8.78186321258545
3933,-0.0034313725773245096,8.823529243469238
3934,0.014215686358511448,8.79411792755127
3935,-0.00637254910543561,8.745098114013672
3936,0.013235294260084629,8.622549057006836
3937,-0.011274510063230991,8.47549057006836
3938,-0.008823529817163944,8.26225471496582
3939,-0.01274509821087122,7.997549057006836
3940,-0.014215686358511448,7.674019813537598
3941,-0.018137255683541298,7.303921699523926
3942,-0.018627451732754707,6.906862735748291
3943,-0.03333333507180214,6.531862735748291
3944,-0.026470588520169258,6.125
3945,-0.030392156913876534,5.703431606292725
3946,-0.035784315317869186,5.321078300476074
3947,-0.027941176667809486,4.872549057006836
3948,-0.03333333507180214,4.544117450714111
3949,-0.036764707416296005,4.218137264251709
3950,-0.035784315317869186,3.867647171020508
3951,-0.029901960864663124,3.69362735748291
3952,0.021568628028035164,3.4166667461395264
3953,-0.026470588520169258,3.2279412746429443
3954,-0.0049019609577953815,3.1470587253570557
3955,-0.006862745154649019,3.1078431606292725
3956,-0.009803921915590763,3.149509906768799
3957,0.003921568859368563,3.1691176891326904
3958,-0.009803921915590763,3.286764621734619
3959,-0.006862745154649019,3.5122549533843994
3960,0.0,3.7377450466156006
3961,-0.006862745154649019,4.007352828979492
3962,0.01274509821087122,4.325980186462402
3963,0.011274510063230991,4.649509906768799
3964,0.010294117964804173,5.05637264251709
3965,0.003921568859368563,5.394608020782471
3966,0.021078431978821754,5.776960849761963
3967,0.023039216175675392,6.154411792755127
3968,0.021568628028035164,6.475490093231201
3969,0.021568628028035164,6.76225471496582
3970,0.020098039880394936,7.095588207244873
3971,0.01274509821087122,7.316176414489746
3972,0.021078431978821754,7.495098114013672
3973,0.009803921915590763,7.664215564727783
3974,0.019117647781968117,7.676470756530762
3975,0.009803921915590763,7.725490093231201
3976,0.018137255683541298,7.686274528503418
3977,-0.007352941203862429,7.553921699523926
3978,-0.0049019609577953815,7.389705657958984
3979,-0.007843137718737125,7.139705657958984
3980,-0.014215686358511448,6.816176414489746
3981,-0.01666666753590107,6.480391979217529
3982,0.007843137718737125,6.05637264251709
3983,-0.11225490272045135,5.632352828979492
3984,0.07549019902944565,5.208333492279053
3985,-0.0049019609577953815,4.708333492279053
3986,0.013725490309298038,4.203431606292725
3987,-0.011274510063230991,3.7328431606292725
3988,-0.03284313902258873,3.252450942993164
3989,-0.01715686358511448,2.8357841968536377
3990,-0.03529411926865578,2.379901885986328
3991,-0.01568627543747425,2.034313678741455
3992,-0.03382353112101555,1.6666666269302368
3993,-0.008333333767950535,1.433823585510254
3994,-0.02450980432331562,1.2549020051956177
3995,-0.01225490216165781,1.093137264251709
3996,-0.02598039247095585,1.0171568393707275
3997,-0.020588235929608345,1.029411792755127
3998,-0.013235294260084629,1.1102941036224365
3999,-0.009803921915590763,1.3014706373214722
4000,-0.0034313725773245096,1.4632352590560913
4001,0.004411764908581972,1.779411792755127
4002,0.003921568859368563,2.1151959896087646
4003,0.009313725866377354,2.5220587253570557
4004,0.015196078456938267,2.904411792755127
4005,0.007352941203862429,3.3333332538604736
4006,0.04754902049899101,3.816176414489746
4007,0.01764705963432789,4.235294342041016
4008,0.04362745210528374,4.732842922210693
4009,-0.7573529481887817,5.071078300476074
4010,-0.9848039150238037,5.470588207244873
4011,0.7166666388511658,6.017157077789307
4012,-1.051960825920105,6.213235378265381
4013,0.4049019515514374,6.536764621734619
4014,-0.23676469922065735,6.745098114013672
4015,0.019117647781968117,6.865196228027344
4016,-0.03333333507180214,6.946078300476074
4017,-0.061764705926179886,6.963235378265381
4018,0.0034313725773245096,6.865196228027344
4019,-0.01666666753590107,6.666666507720947
4020,-0.03333333507180214,6.441176414489746
4021,-0.01274509821087122,6.098039150238037
4022,-0.03921568766236305,5.720588207244873
4023,-0.01764705963432789,5.264705657958984
4024,-0.028431372717022896,4.811274528503418
4025,-0.05245098099112511,4.25
4026,-0.030392156913876534,3.713235378265381
4027,-0.045098040252923965,3.132352828979492
4028,-0.04019607976078987,2.5710785388946533
4029,-0.0416666679084301,2.0171568393707275
4030,-0.05147058889269829,1.4558823108673096
4031,-0.037745099514722824,0.9338235259056091
4032,-0.05147058889269829,0.4803921580314636
4033,-0.04215686395764351,0.07598039507865906
4034,-0.030882352963089943,-0.2916666567325592
4035,-0.04313725605607033,-0.5710784196853638
4036,-0.03872549161314964,-0.7083333134651184
4037,-0.02500000037252903,-0.8529411554336548
4038,-0.01568627543747425,-0.8897058963775635
4039,-0.021078431978821754,-0.8014705777168274
4040,0.0024509804788976908,-0.6519607901573181
4041,-0.030882352963089943,-0.4362744987010956
4042,0.014705882407724857,-0.15931372344493866
4043,-0.010294117964804173,0.24264705181121826
4044,0.01715686358511448,0.688725471496582
4045,0.010784314014017582,1.183823585510254
4046,0.026960784569382668,1.752450942993164
4047,0.020588235929608345,2.2892158031463623
4048,0.035784315317869186,2.8897058963775635
4049,0.0470588244497776,3.5
4050,0.029901960864663124,4.053921699523926
4051,0.03480392321944237,4.585784435272217
4052,0.0470588244497776,5.06862735748291
4053,0.046568628400564194,5.529411792755127
4054,0.03480392321944237,5.93137264251709
4055,0.035784315317869186,6.257352828979492
4056,0.03970588371157646,6.455882549285889
4057,0.02500000037252903,6.671568393707275
4058,0.01764705963432789,6.730391979217529
4059,0.006862745154649019,6.678921699523926
4060,0.008333333767950535,6.566176414489746
4061,0.014215686358511448,6.345588207244873
4062,-0.01568627543747425,6.019608020782471
4063,-0.005392157007008791,5.639705657958984
4064,-0.014705882407724857,5.161764621734619
4065,-0.03431372717022896,4.598039150238037
4066,-0.02598039247095585,4.088235378265381
4067,-0.03431372717022896,3.406862735748291
4068,-0.04019607976078987,2.7377450466156006
4069,-0.04362745210528374,2.0147058963775635
4070,-0.03186274692416191,1.3186274766921997
4071,-0.04803921654820442,0.6960784196853638
4072,-0.06568627804517746,0.036764707416296005
4073,-0.4735293984413147,-0.6225489974021912
4074,-0.4779411852359772,-1.122549057006836
4075,0.15735293924808502,-1.595588207244873
4076,-0.4166666567325592,-2.05637264251709
4077,0.11274509876966476,-2.284313678741455
4078,-0.20098039507865906,-2.495098114013672
4079,-0.09019608050584793,-2.6372549533843994
4080,0.0117647061124444,-2.6102941036224365
4081,-0.06666667014360428,-2.534313678741455
4082,-0.015196078456938267,-2.338235378265381
4083,-0.01764705963432789,-2.002450942993164
4084,-0.038235295563936234,-1.622549057006836
4085,0.02401960827410221,-1.1397058963775635
4086,0.018627451732754707,-0.561274528503418
4087,0.02549019642174244,0.09313725680112839
4088,0.03235294297337532,0.7328431606292725
4089,0.04362745210528374,1.465686321258545
4090,0.02450980432331562,2.1421568393707275
4091,0.04803921654820442,2.8970587253570557
4092,0.03382353112101555,3.595588207244873
4093,0.0470588244497776,4.296568393707275
4094,0.04411764815449715,4.924019813537598
4095,0.04117647185921669,5.492647171020508
4096,0.04215686395764351,5.968137264251709
4097,0.03382353112101555,6.404411792755127
4098,0.037254903465509415,6.688725471496582
4099,0.030882352963089943,6.875
4100,0.028921568766236305,7.019608020782471
4101,0.01666666753590107,6.950980186462402
4102,0.0117647061124444,6.86274528503418
4103,0.0004901961074210703,6.585784435272217
4104,-0.008823529817163944,6.218137264251709
4105,-0.0004901961074210703,5.789215564727783
4106,-0.021078431978821754,5.200980186462402
4107,-0.028431372717022896,4.583333492279053
4108,-0.03186274692416191,3.8284313678741455
4109,-0.04950980469584465,3.1053922176361084
4110,-0.04754902049899101,2.3039214611053467
4111,-0.05833333358168602,1.4607843160629272
4112,-0.06421568989753723,0.6715686321258545
4113,-0.05784313753247261,-0.12745098769664764
4114,-0.062745101749897,-0.9313725233078003
4115,-0.06715686619281769,-1.627450942993164
4116,-0.06666667014360428,-2.311274528503418
4117,-0.14901961386203766,-2.8872549533843994
4118,-0.0887254923582077,-3.3921568393707275
4119,-0.09705882519483566,-3.786764621734619
4120,-0.03970588371157646,-4.063725471496582
4121,-0.06029411777853966,-4.218137264251709
4122,-0.046568628400564194,-4.245098114013672
4123,-0.019607843831181526,-4.147058963775635
4124,-0.01568627543747425,-3.9142158031463623
4125,-0.010294117964804173,-3.526960849761963
4126,0.0024509804788976908,-3.1764705181121826
4127,0.008333333767950535,-2.531862735748291
4128,0.018627451732754707,-1.8848038911819458
4129,0.02401960827410221,-1.1470588445663452
4130,0.03333333507180214,-0.32598039507865906
4131,0.04019607976078987,0.47549018263816833
4132,0.04803921654820442,1.3578431606292725
4133,0.06568627804517746,2.2696077823638916
4134,0.06029411777853966,3.132352828979492
4135,0.06323529779911041,3.975490093231201
4136,0.05980392172932625,4.754901885986328
4137,0.05784313753247261,5.504901885986328
4138,0.06372549384832382,6.188725471496582
4139,0.05098039284348488,6.683823585510254
4140,0.04215686395764351,7.095588207244873
4141,0.03970588371157646,7.497549057006836
4142,0.020588235929608345,7.610294342041016
4143,0.1303921639919281,7.723039150238037
4144,0.8803921341896057,7.63725471496582
4145,-1.0127451419830322,7.281862735748291
4146,1.1348038911819458,7.041666507720947
4147,-1.0151960849761963,6.509803771972656
4148,0.4906862676143646,5.892157077789307
4149,-0.30490195751190186,5.254901885986328
4150,0.10343137383460999,4.394608020782471
4151,-0.028431372717022896,3.5808823108673096
4152,-0.10735294222831726,2.6151959896087646
4153,-0.01715686358511448,1.6764706373214722
4154,-0.054411765187978745,0.6911764740943909
4155,-0.14754901826381683,-0.2769607901573181
4156,0.01225490216165781,-1.2745097875595093
4157,-0.13431373238563538,-2.1715686321258545
4158,-0.07696078717708588,-2.9852941036224365
4159,-0.10049019753932953,-3.745098114013672
4160,-0.07254902273416519,-4.421568393707275
4161,-0.06911765038967133,-4.938725471496582
4162,-0.05980392172932625,-5.338235378265381
4163,-0.052941177040338516,-5.676470756530762
4164,-0.03921568766236305,-5.745098114013672
4165,-0.03186274692416191,-5.727941036224365
4166,-0.02500000037252903,-5.575980186462402
4167,-0.01225490216165781,-5.296568393707275
4168,-0.004411764908581972,-4.823529243469238
4169,0.01225490216165781,-4.257352828979492
4170,0.026960784569382668,-3.534313678741455
4171,0.026960784569382668,-2.725490093231201
4172,0.03431372717022896,-1.8186274766921997
4173,0.0470588244497776,-0.8725489974021912
4174,0.054411765187978745,0.1764705926179886
4175,0.08382353186607361,1.2328431606292725
4176,0.062745101749897,2.2401959896087646
4177,0.07696078717708588,3.2892158031463623
4178,0.0681372582912445,4.303921699523926
4179,0.07401961088180542,5.220588207244873
4180,0.061764705926179886,6.075980186462402
4181,0.06862745434045792,6.779411792755127
4182,0.053921569138765335,7.453431606292725
4183,0.07009804248809814,7.919117450714111
4184,0.04411764815449715,8.291666984558105
4185,0.045588236302137375,8.54411792755127
4186,0.045098040252923965,8.561274528503418
4187,0.06666667014360428,8.504901885986328
4188,0.0029411765281111,8.25
4189,0.02450980432331562,7.801470756530762
4190,-0.01666666753590107,7.230391979217529
4191,-0.026470588520169258,6.495098114013672
4192,-0.0235294122248888,5.720588207244873
4193,-0.05000000074505806,4.813725471496582
4194,-0.045098040252923965,3.781862735748291
4195,-0.05833333358168602,2.7009804248809814
4196,-0.07352941483259201,1.6519607305526733
4197,-0.06470588594675064,0.4485294222831726
4198,-0.08627451211214066,-0.6274510025978088
4199,-0.08382353186607361,-1.7720588445663452
4200,-0.0779411792755127,-2.867647171020508
4201,-0.0887254923582077,-3.781862735748291
4202,-0.09460784494876862,-4.700980186462402
4203,-0.07549019902944565,-5.458333492279053
4204,-0.07450980693101883,-6.127450942993164
4205,-0.07696078717708588,-6.593137264251709
4206,-0.05000000074505806,-6.924019813537598
4207,-0.053431373089551926,-7.080882549285889
4208,-0.022549020126461983,-7.139705657958984
4209,-0.05784313753247261,-6.973039150238037
4210,0.1931372582912445,-6.629901885986328
4211,-0.0019607844296842813,-6.147058963775635
4212,-0.09215686470270157,-5.536764621734619
4213,0.363725483417511,-4.727941036224365
4214,-0.18627451360225677,-3.8848040103912354
4215,0.2539215683937073,-2.848039150238037
4216,-0.046078432351350784,-1.784313678741455
4217,0.08774510025978088,-0.6274510025978088
4218,0.11372549086809158,0.5392156839370728
4219,0.006862745154649019,1.688725471496582
4220,0.125,2.93137264251709
4221,0.0676470622420311,4.031862735748291
4222,0.08284313976764679,5.149509906768799
4223,0.07892157137393951,6.154411792755127
4224,0.06421568989753723,7.036764621734619
4225,0.08039215952157974,7.852941036224365
4226,0.06568627804517746,8.541666984558105
4227,0.06323529779911041,9.009803771972656
4228,0.04901960864663124,9.286765098571777
4229,0.03284313902258873,9.436274528503418
4230,0.03186274692416191,9.409314155578613
4231,0.011274510063230991,9.174019813537598
4232,-0.0004901961074210703,8.84313678741455
4233,-0.00637254910543561,8.301470756530762
4234,-0.010294117964804173,7.659313678741455
4235,-0.028921568766236305,6.803921699523926
4236,-0.04313725605607033,5.830882549285889
4237,-0.05049019679427147,4.742647171020508
4238,-0.05049019679427147,3.649509906768799
4239,-0.08676470816135406,2.4215686321258545
4240,-0.08431372791528702,1.1789215803146362
4241,-0.07598039507865906,-0.09313725680112839
4242,-0.08970588445663452,-1.3382352590560913
4243,-0.10784313827753067,-2.504901885986328
4244,-0.10245098173618317,-3.632352828979492
4245,-0.09019608050584793,-4.683823585510254
4246,-0.09558823704719543,-5.678921699523926
4247,-0.08480392396450043,-6.458333492279053
4248,-0.08431372791528702,-7.125
4249,-0.07598039507865906,-7.602941036224365
4250,-0.05784313753247261,-7.970588207244873
4251,-0.04852941259741783,-8.139705657958984
4252,-0.044607844203710556,-8.147058486938477
4253,-0.036764707416296005,-7.926470756530762
4254,-0.021078431978821754,-7.585784435272217
4255,-0.0049019609577953815,-6.965686321258545
4256,0.00147058826405555,-6.335784435272217
4257,0.01568627543747425,-5.448529243469238
4258,0.04313725605607033,-4.463235378265381
4259,0.03872549161314964,-3.4607841968536377
4260,0.05637254938483238,-2.2598040103912354
4261,0.05637254938483238,-1.0220588445663452
4262,0.07009804248809814,0.25245097279548645
4263,0.07549019902944565,1.531862735748291
4264,0.0882352963089943,2.779411792755127
4265,0.08774510025978088,4.022058963775635
4266,0.08970588445663452,5.210784435272217
4267,0.0833333358168602,6.281862735748291
4268,0.07450980693101883,7.227941036224365
4269,0.07107843458652496,8.095588684082031
4270,0.0573529414832592,8.76225471496582
4271,0.08284313976764679,9.340685844421387
4272,0.03480392321944237,9.720588684082031
4273,0.05686274543404579,9.924019813537598
4274,0.022058824077248573,9.901960372924805
4275,0.02598039247095585,9.77450942993164
4276,0.00147058826405555,9.441176414489746
4277,0.0029411765281111,8.960783958435059
4278,-0.01617647148668766,8.26225471496582
4279,-0.030392156913876534,7.441176414489746
4280,-0.037254903465509415,6.497549057006836
4281,-0.05637254938483238,5.421568393707275
4282,-0.06078431382775307,4.279411792755127
4283,-0.06715686619281769,3.05637264251709
4284,-0.0784313753247261,1.8014706373214722
4285,-0.08578431606292725,0.4803921580314636
4286,-0.08921568840742111,-0.7965686321258545
4287,-0.0887254923582077,-2.058823585510254
4288,-0.08137255162000656,-3.225490093231201
4289,-0.09166666865348816,-4.299019813537598
4290,-0.09656862914562225,-5.379901885986328
4291,-0.08774510025978088,-6.269608020782471
4292,-0.08431372791528702,-7.039215564727783
4293,-0.08137255162000656,-7.659313678741455
4294,-0.0681372582912445,-8.10049057006836
4295,-0.06421568989753723,-8.38725471496582
4296,-0.04803921654820442,-8.463234901428223
4297,-0.04215686395764351,-8.39950942993164
4298,-0.022549020126461983,-8.151960372924805
4299,-0.020098039880394936,-7.742647171020508
4300,-0.0009803922148421407,-7.161764621734619
4301,0.01568627543747425,-6.392157077789307
4302,0.0313725508749485,-5.558823585510254
4303,0.04362745210528374,-4.55637264251709
4304,0.03970588371157646,-3.475490093231201
4305,0.0519607849419117,-2.3210785388946533
4306,0.05931372568011284,-1.095588207244873
4307,0.05686274543404579,0.11764705926179886
4308,0.0681372582912445,1.345588207244873
4309,0.08676470816135406,2.595588207244873
4310,0.08627451211214066,3.870098114013672
4311,0.08382353186607361,4.93137264251709
4312,0.07892157137393951,6.026960849761963
4313,0.08039215952157974,6.955882549285889
4314,0.08186274766921997,7.772058963775635
4315,0.07009804248809814,8.482843399047852
4316,0.05147058889269829,9.007352828979492
4317,0.05784313753247261,9.401960372924805
4318,0.03333333507180214,9.622549057006836
4319,0.028921568766236305,9.659314155578613
4320,0.0416666679084301,9.522058486938477
4321,-0.0024509804788976908,9.247549057006836
4322,0.01666666753590107,8.833333015441895
4323,-0.018137255683541298,8.272058486938477
4324,-0.02401960827410221,7.534313678741455
4325,-0.04068627581000328,6.715686321258545
4326,-0.04754902049899101,5.735294342041016
4327,-0.04313725605607033,4.700980186462402
4328,-0.05539215728640556,3.588235378265381
4329,-0.08284313976764679,2.438725471496582
4330,-0.08676470816135406,1.2671568393707275
4331,-0.0882352963089943,0.0784313753247261
4332,-0.09068627655506134,-1.0857843160629272
4333,-0.08235294371843338,-2.183823585510254
4334,-0.09656862914562225,-3.30637264251709
4335,-0.0833333358168602,-4.274509906768799
4336,-0.08921568840742111,-5.196078300476074
4337,-0.08088235557079315,-5.919117450714111
4338,-0.08186274766921997,-6.578431606292725
4339,-0.07549019902944565,-7.122549057006836
4340,-0.06911765038967133,-7.539215564727783
4341,-0.06078431382775307,-7.747549057006836
4342,-0.05980392172932625,-7.825980186462402
4343,-0.03529411926865578,-7.73774528503418
4344,-0.019117647781968117,-7.517157077789307
4345,-0.01225490216165781,-7.178921699523926
4346,-0.0117647061124444,-6.671568393707275
4347,0.01715686358511448,-6.031862735748291
4348,0.019117647781968117,-5.308823585510254
4349,0.037254903465509415,-4.421568393707275
4350,0.03921568766236305,-3.5490195751190186
4351,0.05049019679427147,-2.529411792755127
4352,0.04852941259741783,-1.4754902124404907
4353,0.06029411777853966,-0.4166666567325592
4354,0.06323529779911041,0.688725471496582
4355,0.0676470622420311,1.7647058963775635
4356,0.0676470622420311,2.754901885986328
4357,0.07401961088180542,3.786764621734619
4358,0.06323529779911041,4.698529243469238
4359,0.06421568989753723,5.588235378265381
4360,0.06323529779911041,6.338235378265381
4361,0.05637254938483238,6.985294342041016
4362,0.062745101749897,7.531862735748291
4363,0.05098039284348488,8.0
4364,0.04313725605607033,8.29411792755127
4365,0.03921568766236305,8.477941513061523
4366,0.027941176667809486,8.463234901428223
4367,0.011274510063230991,8.41911792755127
4368,0.01225490216165781,8.18137264251709
4369,-0.008823529817163944,7.799019813537598
4370,-0.020098039880394936,7.345588207244873
4371,-0.02500000037252903,6.779411792755127
4372,-0.02549019642174244,6.129901885986328
4373,-0.05147058889269829,5.355391979217529
4374,-0.04411764815449715,4.536764621734619
4375,-0.05686274543404579,3.686274528503418
4376,-0.05882352963089943,2.713235378265381
4377,-0.061764705926179886,1.7916666269302368
4378,-0.07401961088180542,0.8235294222831726
4379,-0.0779411792755127,-0.12254901975393295
4380,-0.07156863063573837,-1.0784313678741455
4381,-0.0779411792755127,-1.9803920984268188
4382,-0.07696078717708588,-2.786764621734619
4383,-0.062254901975393295,-3.561274528503418
4384,-0.07107843458652496,-4.291666507720947
4385,-0.07500000298023224,-4.88725471496582
4386,-0.06470588594675064,-5.448529243469238
4387,-0.06372549384832382,-5.889705657958984
4388,-0.04803921654820442,-6.232842922210693
4389,-0.04950980469584465,-6.394608020782471
4390,-0.04754902049899101,-6.563725471496582
4391,-0.07156863063573837,-6.529411792755127
4392,-0.019117647781968117,-6.392157077789307
4393,-0.029411764815449715,-6.18137264251709
4394,-0.004411764908581972,-5.850490093231201
4395,-0.0024509804788976908,-5.419117450714111
4396,-0.0004901961074210703,-4.875
4397,0.028431372717022896,-4.26225471496582
4398,0.01568627543747425,-3.5735294818878174
4399,0.029901960864663124,-2.872549057006836
4400,0.03284313902258873,-2.1102941036224365
4401,0.04313725605607033,-1.2647058963775635
4402,0.04852941259741783,-0.4215686321258545
4403,0.046078432351350784,0.4632352888584137
4404,0.053431373089551926,1.3063725233078003
4405,0.054901961237192154,2.120098114013672
4406,0.0573529414832592,2.970588207244873
4407,0.05049019679427147,3.718137264251709
4408,0.053921569138765335,4.441176414489746
4409,0.05245098099112511,5.134803771972656
4410,0.05098039284348488,5.713235378265381
4411,0.05245098099112511,6.289215564727783
4412,0.0416666679084301,6.68137264251709
4413,0.036764707416296005,7.029411792755127
4414,0.037745099514722824,7.276960849761963
4415,0.03382353112101555,7.453431606292725
4416,0.027450980618596077,7.514705657958984
4417,0.01225490216165781,7.475490093231201
4418,0.011274510063230991,7.31862735748291
4419,-0.0313725508749485,7.063725471496582
4420,0.006862745154649019,6.708333492279053
4421,-0.02450980432331562,6.279411792755127
4422,-0.020588235929608345,5.769608020782471
4423,-0.03186274692416191,5.191176414489746
4424,-0.04901960864663124,4.502450942993164
4425,-0.03431372717022896,3.8602941036224365
4426,-0.06029411777853966,3.061274528503418
4427,-0.03480392321944237,2.252450942993164
4428,-0.07450980693101883,1.4509804248809814
4429,-0.05245098099112511,0.5735294222831726
4430,-0.06519608199596405,-0.22794117033481598
4431,-0.06421568989753723,-1.0490195751190186
4432,-0.06568627804517746,-1.8995097875595093
4433,-0.06862745434045792,-2.7058823108673096
4434,-0.07598039507865906,-3.4289214611053467
4435,-0.05539215728640556,-4.085784435272217
4436,-0.0573529414832592,-4.686274528503418
4437,-0.045588236302137375,-5.242647171020508
4438,-0.04950980469584465,-5.683823585510254
4439,-0.05637254938483238,-6.029411792755127
4440,-0.044607844203710556,-6.330882549285889
4441,-0.044607844203710556,-6.480391979217529
4442,-0.027450980618596077,-6.539215564727783
4443,-0.0235294122248888,-6.504901885986328
4444,-0.0313725508749485,-6.36274528503418
4445,-0.01225490216165781,-6.149509906768799
4446,-0.0049019609577953815,-5.732842922210693
4447,-0.00147058826405555,-5.330882549285889
4448,0.01666666753590107,-4.796568393707275
4449,0.015196078456938267,-4.183823585510254
4450,0.026960784569382668,-3.4877450466156006
4451,0.028431372717022896,-2.7009804248809814
4452,0.046078432351350784,-1.8872549533843994
4453,0.038235295563936234,-1.0465686321258545
4454,0.04950980469584465,-0.12745098769664764
4455,0.04215686395764351,0.720588207244873
4456,0.05588235333561897,1.686274528503418
4457,0.0519607849419117,2.5833332538604736
4458,0.053431373089551926,3.5122549533843994
4459,0.05931372568011284,4.31862735748291
4460,0.061764705926179886,5.110294342041016
4461,0.06029411777853966,5.843137264251709
4462,0.0470588244497776,6.549019813537598
4463,0.05000000074505806,7.098039150238037
4464,0.04901960864663124,7.622549057006836
4465,0.04754902049899101,7.982842922210693
4466,0.03480392321944237,8.247549057006836
4467,0.03431372717022896,8.438725471496582
4468,0.020588235929608345,8.473039627075195
4469,0.009313725866377354,8.397058486938477
4470,0.0034313725773245096,8.242647171020508
4471,0.007352941203862429,7.973039150238037
4472,-0.010784314014017582,7.517157077789307
4473,-0.0024509804788976908,6.973039150238037
4474,-0.03333333507180214,6.316176414489746
4475,-0.03431372717022896,5.671568393707275
4476,-0.04264706000685692,4.850490093231201
4477,-0.036764707416296005,4.019608020782471
4478,-0.019117647781968117,3.0392158031463623
4479,-0.06519608199596405,2.0441176891326904
4480,-0.06421568989753723,1.066176414489746
4481,-0.09509804099798203,0.04411764815449715
4482,-0.07696078717708588,-0.9632353186607361
4483,-0.09264706075191498,-1.9828431606292725
4484,-0.07892157137393951,-2.936274528503418
4485,-0.07647059112787247,-3.8284313678741455
4486,-0.06715686619281769,-4.676470756530762
4487,-0.08529412001371384,-5.458333492279053
4488,-0.06421568989753723,-6.129901885986328
4489,-0.06519608199596405,-6.730391979217529
4490,-0.06666667014360428,-7.169117450714111
4491,-0.052941177040338516,-7.544117450714111
4492,-0.045098040252923965,-7.791666507720947
4493,-0.04068627581000328,-7.897058963775635
4494,-0.030392156913876534,-7.93137264251709
4495,-0.029901960864663124,-7.745098114013672
4496,-0.018137255683541298,-7.490196228027344
4497,-0.00147058826405555,-7.041666507720947
4498,-0.0029411765281111,-6.566176414489746
4499,0.020098039880394936,-5.94362735748291
4500,0.028921568766236305,-5.196078300476074
4501,0.011274510063230991,-4.372549057006836
4502,0.054411765187978745,-3.4607841968536377
4503,0.03529411926865578,-2.5147058963775635
4504,0.3137255012989044,-1.4607843160629272
4505,0.09852941334247589,-0.4852941036224365
4506,-0.9750000238418579,0.47549018263816833
4507,0.6867647171020508,1.656862735748291
4508,-0.7911764979362488,2.620098114013672
4509,0.2647058963775635,3.69362735748291
4510,-0.08088235557079315,4.659313678741455
4511,0.044607844203710556,5.558823585510254
4512,0.04852941259741783,6.38725471496582
4513,0.019117647781968117,7.147058963775635
4514,0.07401961088180542,7.747549057006836
4515,0.03970588371157646,8.335783958435059
4516,0.02598039247095585,8.732843399047852
4517,0.04264706000685692,8.980392456054688
4518,0.03480392321944237,9.196078300476074
4519,0.021078431978821754,9.247549057006836
4520,0.021568628028035164,9.122549057006836
4521,0.0058823530562222,8.926470756530762
4522,0.0058823530562222,8.58088207244873
4523,-0.0117647061124444,8.164216041564941
4524,-0.019117647781968117,7.578431606292725
4525,-0.01666666753590107,6.906862735748291
4526,-0.021568628028035164,6.159313678741455
4527,-0.027941176667809486,5.30637264251709
4528,-0.04362745210528374,4.448529243469238
4529,-0.06029411777853966,3.475490093231201
4530,-0.05931372568011284,2.5098040103912354
4531,-0.06519608199596405,1.468137264251709
4532,-0.0882352963089943,0.4485294222831726
4533,-0.04362745210528374,-0.5367646813392639
4534,-0.09558823704719543,-1.5
4535,-0.06029411777853966,-2.4460785388946533
4536,-0.07598039507865906,-3.3897058963775635
4537,-0.07401961088180542,-4.200980186462402
4538,-0.07598039507865906,-4.977941036224365
4539,-0.06568627804517746,-5.625
4540,-0.06960784643888474,-6.200980186462402
4541,-0.05980392172932625,-6.708333492279053
4542,-0.0519607849419117,-7.051470756530762
4543,-0.05000000074505806,-7.355391979217529
4544,-0.046568628400564194,-7.541666507720947
4545,-0.026470588520169258,-7.602941036224365
4546,-0.0235294122248888,-7.504901885986328
4547,-0.010294117964804173,-7.296568393707275
4548,-0.011274510063230991,-7.007352828979492
4549,-0.007843137718737125,-6.63725471496582
4550,0.009803921915590763,-6.156862735748291
4551,0.021078431978821754,-5.558823585510254
4552,0.019117647781968117,-4.950980186462402
4553,0.03235294297337532,-4.232842922210693
4554,0.035784315317869186,-3.465686321258545
4555,0.04264706000685692,-2.632352828979492
4556,0.05000000074505806,-1.7867647409439087
4557,0.04754902049899101,-0.9215686321258545
4558,0.05539215728640556,0.01225490216165781
4559,0.0519607849419117,0.8504902124404907
4560,0.06862745434045792,1.7573529481887817
4561,0.05637254938483238,2.588235378265381
4562,0.05931372568011284,3.4215686321258545
4563,0.05931372568011284,4.171568393707275
4564,0.06078431382775307,4.941176414489746
4565,0.061764705926179886,5.561274528503418
4566,0.04754902049899101,6.125
4567,0.053921569138765335,6.647058963775635
4568,0.05147058889269829,7.061274528503418
4569,0.05245098099112511,7.43137264251709
4570,0.04215686395764351,7.644608020782471
4571,0.030882352963089943,7.870098114013672
4572,0.022058824077248573,7.914215564727783
4573,0.0117647061124444,7.848039150238037
4574,0.1715686321258545,7.81862735748291
4575,0.7544117569923401,7.732842922210693
4576,-0.26813724637031555,7.360294342041016
4577,0.3083333373069763,7.029411792755127
4578,0.06960784643888474,6.615196228027344
4579,-0.0117647061124444,6.075980186462402
4580,0.07990196347236633,5.549019813537598
4581,0.0049019609577953815,4.897058963775635
4582,-0.018137255683541298,4.279411792755127
4583,0.045588236302137375,3.598039150238037
4584,-0.0681372582912445,2.872549057006836
4585,-0.0004901961074210703,2.1127450466156006
4586,-0.05245098099112511,1.2671568393707275
4587,-0.05980392172932625,0.5514705777168274
4588,-0.0416666679084301,-0.2083333283662796
4589,-0.0676470622420311,-0.9901960492134094
4590,-0.0519607849419117,-1.7401961088180542
4591,-0.06519608199596405,-2.4166667461395264
4592,-0.053921569138765335,-3.1348040103912354
4593,-0.05539215728640556,-3.7941176891326904
4594,-0.05686274543404579,-4.357842922210693
4595,-0.05539215728640556,-4.899509906768799
4596,-0.05637254938483238,-5.357842922210693
4597,-0.0470588244497776,-5.742647171020508
4598,-0.04362745210528374,-6.083333492279053
4599,-0.04411764815449715,-6.377450942993164
4600,-0.0313725508749485,-6.502450942993164
4601,-0.030392156913876534,-6.629901885986328
4602,-0.020098039880394936,-6.63725471496582
4603,-0.008333333767950535,-6.607842922210693
4604,-0.01666666753590107,-6.43137264251709
4605,-0.005392157007008791,-6.220588207244873
4606,0.0,-5.909313678741455
4607,-0.0058823530562222,-5.485294342041016
4608,0.01568627543747425,-5.019608020782471
4609,0.0019607844296842813,-4.495098114013672
4610,0.02401960827410221,-3.9509804248809814
4611,0.11764705926179886,-3.225490093231201
4612,0.08431372791528702,-2.561274528503418
4613,0.0936274528503418,-1.8235293626785278
4614,0.061274509876966476,-1.093137264251709
4615,0.0779411792755127,-0.27941176295280457
4616,0.05980392172932625,0.5735294222831726
4617,0.07401961088180542,1.3946079015731812
4618,0.06617647409439087,2.2377450466156006
4619,0.06421568989753723,3.0514705181121826
4620,0.062745101749897,3.8210785388946533
4621,0.054411765187978745,4.544117450714111
4622,0.06568627804517746,5.296568393707275
4623,0.05637254938483238,5.973039150238037
4624,0.05098039284348488,6.600490093231201
4625,0.09705882519483566,7.154411792755127
4626,0.03284313902258873,7.580882549285889
4627,0.062745101749897,7.965686321258545
4628,0.04313725605607033,8.289216041564941
4629,0.030882352963089943,8.490196228027344
4630,0.04313725605607033,8.598039627075195
4631,0.010294117964804173,8.60049057006836
4632,0.021078431978821754,8.480392456054688
4633,0.006862745154649019,8.289216041564941
4634,0.007352941203862429,8.014705657958984
4635,-0.0049019609577953815,7.664215564727783
4636,-0.02549019642174244,7.154411792755127
4637,-0.01617647148668766,6.649509906768799
4638,-0.030392156913876534,5.982842922210693
4639,-0.1044117659330368,5.289215564727783
4640,1.3735294342041016,4.600490093231201
4641,-0.8852941393852234,3.7352941036224365
4642,1.1970587968826294,2.9215686321258545
4643,-0.6004902124404907,1.9509804248809814
4644,0.4112745225429535,1.0049020051956177
4645,-0.17990195751190186,0.09558823704719543
4646,0.013725490309298038,-0.8725489974021912
4647,0.01274509821087122,-1.7328431606292725
4648,-0.08529412001371384,-2.6985294818878174
4649,-0.029901960864663124,-3.529411792755127
4650,-0.026960784569382668,-4.294117450714111
4651,-0.0990196093916893,-5.039215564727783
4652,-0.015196078456938267,-5.715686321258545
4653,-0.09019608050584793,-6.348039150238037
4654,-0.09068627655506134,-6.850490093231201
4655,-0.030392156913876534,-7.257352828979492
4656,-0.06960784643888474,-7.588235378265381
4657,-0.02500000037252903,-7.794117450714111
4658,-0.03480392321944237,-7.958333492279053
4659,-0.027941176667809486,-7.958333492279053
4660,-0.03235294297337532,-7.855391979217529
4661,-0.013235294260084629,-7.642157077789307
4662,-0.006862745154649019,-7.357842922210693
4663,0.008333333767950535,-6.936274528503418
4664,0.0034313725773245096,-6.428921699523926
4665,0.005392157007008791,-5.938725471496582
4666,0.010784314014017582,-5.247549057006836
4667,0.0235294122248888,-4.517157077789307
4668,0.03186274692416191,-3.713235378265381
4669,0.02598039247095585,-2.8921568393707275
4670,0.03186274692416191,-2.0441176891326904
4671,0.04754902049899101,-1.1200979948043823
4672,0.044607844203710556,-0.2181372493505478
4673,0.05784313753247261,0.7426470518112183
4674,0.0573529414832592,1.625
4675,0.06078431382775307,2.507352828979492
4676,0.05833333358168602,3.3627450466156006
4677,0.06372549384832382,4.186274528503418
4678,0.05245098099112511,4.953431606292725
4679,0.06617647409439087,5.691176414489746
4680,0.06078431382775307,6.338235378265381
4681,0.05784313753247261,6.914215564727783
4682,0.04950980469584465,7.424019813537598
4683,0.04754902049899101,7.781862735748291
4684,0.045098040252923965,8.166666984558105
4685,0.037745099514722824,8.38725471496582
4686,0.035784315317869186,8.509803771972656
4687,0.02598039247095585,8.575980186462402
4688,0.013235294260084629,8.551470756530762
4689,0.0019607844296842813,8.43137264251709
4690,0.006862745154649019,8.188725471496582
4691,-0.00147058826405555,7.867647171020508
4692,-0.01225490216165781,7.504901885986328
4693,-0.021078431978821754,7.075980186462402
4694,-0.022549020126461983,6.583333492279053
4695,-0.029411764815449715,6.031862735748291
4696,-0.03921568766236305,5.433823585510254
4697,-0.04901960864663124,4.767157077789307
4698,-0.03480392321944237,4.036764621734619
4699,-0.0519607849419117,3.2892158031463623
4700,-0.0681372582912445,2.5808823108673096
4701,-0.062745101749897,1.784313678741455
4702,-0.04852941259741783,1.0073529481887817
4703,-0.06862745434045792,0.27450981736183167
4704,-0.06568627804517746,-0.46568626165390015
4705,-0.0887254923582077,-1.1960784196853638
4706,-0.03284313902258873,-1.9289215803146362
4707,-0.08970588445663452,-2.5833332538604736
4708,-0.052941177040338516,-3.2107841968536377
4709,-0.06519608199596405,-3.8210785388946533
4710,-0.06029411777853966,-4.392157077789307
4711,-0.0676470622420311,-4.892157077789307
4712,0.0004901961074210703,-5.325980186462402
4713,0.3274509906768799,-5.678921699523926
4714,-0.09705882519483566,-6.0
4715,-0.04901960864663124,-6.294117450714111
4716,0.22843137383460999,-6.441176414489746
4717,-0.20490196347236633,-6.605391979217529
4718,0.13823530077934265,-6.656862735748291
4719,-0.053921569138765335,-6.649509906768799
4720,0.013235294260084629,-6.575980186462402
4721,0.0470588244497776,-6.416666507720947
4722,-0.061274509876966476,-6.242647171020508
4723,0.046568628400564194,-5.980391979217529
4724,-0.0024509804788976908,-5.632352828979492
4725,0.01764705963432789,-5.213235378265381
4726,0.01617647148668766,-4.796568393707275
4727,0.01764705963432789,-4.340686321258545
4728,0.037745099514722824,-3.7303922176361084
4729,0.02549019642174244,-3.1715686321258545
4730,0.020098039880394936,-2.566176414489746
4731,0.029901960864663124,-1.9166666269302368
4732,0.03480392321944237,-1.2696079015731812
4733,0.05000000074505806,-0.5563725233078003
4734,0.037745099514722824,0.18872548639774323
4735,0.04264706000685692,0.9215686321258545
4736,0.04411764815449715,1.6348038911819458
4737,0.046568628400564194,2.345588207244873
4738,0.045098040252923965,3.0539214611053467
4739,0.0470588244497776,3.7598040103912354
4740,0.053431373089551926,4.460784435272217
4741,0.04803921654820442,5.100490093231201
4742,0.05245098099112511,5.696078300476074
4743,0.054901961237192154,6.242647171020508
4744,0.03921568766236305,6.732842922210693
4745,0.04068627581000328,7.227941036224365
4746,0.03480392321944237,7.580882549285889
4747,0.02549019642174244,7.894608020782471
4748,0.02598039247095585,8.171568870544434
4749,0.019607843831181526,8.345588684082031
4750,0.022058824077248573,8.463234901428223
4751,0.010784314014017582,8.433823585510254
4752,0.007843137718737125,8.428921699523926
4753,0.0049019609577953815,8.235294342041016
4754,0.0004901961074210703,8.049019813537598
4755,-0.008823529817163944,7.767157077789307
4756,-0.01617647148668766,7.399509906768799
4757,-0.022058824077248573,6.955882549285889
4758,-0.02401960827410221,6.428921699523926
4759,-0.03235294297337532,5.825980186462402
4760,-0.03970588371157646,5.171568393707275
4761,-0.04117647185921669,4.502450942993164
4762,-0.0519607849419117,3.7303922176361084
4763,-0.05980392172932625,2.973039150238037
4764,-0.052941177040338516,2.149509906768799
4765,-0.0833333358168602,1.3063725233078003
4766,-0.06029411777853966,0.4632352888584137
4767,-0.06519608199596405,-0.37254902720451355
4768,-0.06029411777853966,-1.215686321258545
4769,-0.07745098322629929,-2.0759804248809814
4770,-0.07500000298023224,-2.899509906768799
4771,-0.07745098322629929,-3.6666667461395264
4772,-0.07156863063573837,-4.426470756530762
4773,-0.0573529414832592,-5.029411792755127
4774,-0.062745101749897,-5.654411792755127
4775,-0.05588235333561897,-6.213235378265381
4776,-0.05588235333561897,-6.703431606292725
4777,-0.05000000074505806,-7.11274528503418
4778,-0.045588236302137375,-7.463235378265381
4779,-0.046568628400564194,-7.676470756530762
4780,-0.03382353112101555,-7.799019813537598
4781,-0.03872549161314964,-7.88725471496582
4782,-0.026470588520169258,-7.833333492279053
4783,-0.0235294122248888,-7.730391979217529
4784,-0.007843137718737125,-7.531862735748291
4785,-0.0049019609577953815,-7.267157077789307
4786,0.0049019609577953815,-6.848039150238037
4787,0.008823529817163944,-6.448529243469238
4788,0.019607843831181526,-5.938725471496582
4789,0.021078431978821754,-5.394608020782471
4790,0.0235294122248888,-4.705882549285889
4791,0.027941176667809486,-4.009803771972656
4792,0.03186274692416191,-3.3259804248809814
4793,0.03872549161314964,-2.5833332538604736
4794,0.05980392172932625,-1.8039215803146362
4795,0.046078432351350784,-0.9877451062202454
4796,0.04803921654820442,-0.17892156541347504
4797,0.04852941259741783,0.593137264251709
4798,0.05147058889269829,1.372549057006836
4799,0.05098039284348488,2.1642158031463623
4800,0.061274509876966476,2.9166667461395264
4801,0.03921568766236305,3.686274528503418
4802,0.05539215728640556,4.325980186462402
4803,0.053921569138765335,4.950980186462402
4804,0.04019607976078987,5.553921699523926
4805,0.05098039284348488,6.093137264251709
4806,0.05147058889269829,6.602941036224365
4807,0.04411764815449715,6.980391979217529
4808,0.03186274692416191,7.321078300476074
4809,0.028431372717022896,7.647058963775635
4810,0.03480392321944237,7.850490093231201
4811,0.02500000037252903,8.051470756530762
4812,0.01617647148668766,8.117647171020508
4813,0.009803921915590763,8.132352828979492
4814,0.003921568859368563,8.115196228027344
4815,-0.00147058826405555,8.004901885986328
4816,-0.008823529817163944,7.833333492279053
4817,0.008823529817163944,7.627450942993164
4818,-0.030882352963089943,7.330882549285889
4819,0.004411764908581972,7.014705657958984
4820,-0.030392156913876534,6.634803771972656
4821,-0.010784314014017582,6.247549057006836
4822,-0.03431372717022896,5.713235378265381
4823,-0.027450980618596077,5.242647171020508
4824,-0.028431372717022896,4.68137264251709
4825,-0.03970588371157646,4.176470756530762
4826,-0.038235295563936234,3.5710785388946533
4827,-0.05147058889269829,2.963235378265381
4828,-0.046078432351350784,2.338235378265381
4829,-0.04950980469584465,1.7328431606292725
4830,-0.046568628400564194,1.0441176891326904
4831,-0.05882352963089943,0.45588234066963196
4832,-0.05686274543404579,-0.2083333283662796
4833,-0.05784313753247261,-0.8357843160629272
4834,-0.062254901975393295,-1.4926470518112183
4835,-0.0779411792755127,-2.125
4836,-0.09019608050584793,-2.7107841968536377
4837,-0.04264706000685692,-3.2916667461395264
4838,-0.0676470622420311,-3.8235294818878174
4839,-0.046568628400564194,-4.38725471496582
4840,-0.05098039284348488,-4.81862735748291
4841,-0.053431373089551926,-5.26225471496582
4842,-0.05098039284348488,-5.69362735748291
4843,-0.045098040252923965,-6.002450942993164
4844,-0.04264706000685692,-6.382352828979492
4845,-0.046568628400564194,-6.63725471496582
4846,-0.037745099514722824,-6.816176414489746
4847,-0.026470588520169258,-6.960784435272217
4848,-0.02401960827410221,-7.051470756530762
4849,-0.020098039880394936,-7.105391979217529
4850,-0.02500000037252903,-7.085784435272217
4851,-0.011274510063230991,-6.960784435272217
4852,-0.009313725866377354,-6.75
4853,-0.0009803922148421407,-6.590686321258545
4854,-0.006862745154649019,-6.289215564727783
4855,0.0049019609577953815,-5.899509906768799
4856,0.01225490216165781,-5.51225471496582
4857,0.022549020126461983,-5.053921699523926
4858,0.029411764815449715,-4.497549057006836
4859,0.018627451732754707,-3.9534313678741455
4860,0.02500000037252903,-3.343137264251709
4861,0.03921568766236305,-2.720588207244873
4862,0.035784315317869186,-1.9877450466156006
4863,0.045588236302137375,-1.2647058963775635
4864,0.04215686395764351,-0.531862735748291
4865,0.03970588371157646,0.23774509131908417
4866,0.05147058889269829,1.0441176891326904
4867,0.07598039507865906,1.781862735748291
4868,0.03921568766236305,2.529411792755127
4869,0.06323529779911041,3.338235378265381
4870,0.03284313902258873,4.058823585510254
4871,0.06372549384832382,4.73774528503418
4872,0.05147058889269829,5.404411792755127
4873,0.04754902049899101,6.071078300476074
4874,0.0416666679084301,6.696078300476074
4875,0.037745099514722824,7.159313678741455
4876,0.03970588371157646,7.629901885986328
4877,0.03284313902258873,8.073529243469238
4878,0.04068627581000328,8.389705657958984
4879,0.030882352963089943,8.664216041564941
4880,0.02401960827410221,8.840685844421387
4881,0.026470588520169258,8.933823585510254
4882,0.018137255683541298,8.990196228027344
4883,0.004411764908581972,8.95588207244873
4884,0.006862745154649019,8.84313678741455
4885,-0.01225490216165781,8.674019813537598
4886,-0.005392157007008791,8.352941513061523
4887,-0.006862745154649019,8.02450942993164
4888,-0.020588235929608345,7.683823585510254
4889,-0.02549019642174244,7.186274528503418
4890,-0.03284313902258873,6.696078300476074
4891,-0.037254903465509415,6.125
4892,-0.03872549161314964,5.517157077789307
4893,-0.04068627581000328,4.875
4894,-0.054901961237192154,4.247549057006836
4895,-0.05000000074505806,3.55637264251709
4896,-0.05098039284348488,2.8529412746429443
4897,-0.05147058889269829,2.1102941036224365
4898,-0.0470588244497776,1.3480392694473267
4899,-0.05833333358168602,0.6151960492134094
4900,-0.05833333358168602,-0.0784313753247261
4901,-0.06372549384832382,-0.7647058963775635
4902,-0.05784313753247261,-1.438725471496582
4903,-0.062254901975393295,-2.117647171020508
4904,-0.0573529414832592,-2.7352941036224365
4905,-0.05980392172932625,-3.3259804248809814
4906,-0.052941177040338516,-3.8921568393707275
4907,-0.05882352963089943,-4.397058963775635
4908,-0.05098039284348488,-4.860294342041016
4909,-0.05833333358168602,-5.259803771972656
4910,-0.04803921654820442,-5.671568393707275
4911,-0.0470588244497776,-5.980391979217529
4912,-0.03382353112101555,-6.230391979217529
4913,-0.02401960827410221,-6.495098114013672
4914,-0.03284313902258873,-6.607842922210693
4915,-0.020098039880394936,-6.742647171020508
4916,-0.0235294122248888,-6.808823585510254
4917,-0.02549019642174244,-6.828431606292725
4918,-0.018627451732754707,-6.76225471496582
4919,-0.013235294260084629,-6.718137264251709
4920,-0.008333333767950535,-6.600490093231201
4921,-0.0058823530562222,-6.460784435272217
4922,0.0004901961074210703,-6.254901885986328
4923,0.0004901961074210703,-5.970588207244873
4924,-0.0117647061124444,-5.708333492279053
4925,0.027941176667809486,-5.357842922210693
4926,0.010784314014017582,-5.009803771972656
4927,0.030882352963089943,-4.583333492279053
4928,0.0049019609577953815,-4.220588207244873
4929,0.015196078456938267,-3.6985294818878174
4930,0.02598039247095585,-3.2401959896087646
4931,0.02450980432331562,-2.7279412746429443
4932,0.028921568766236305,-2.1960785388946533
4933,0.028431372717022896,-1.6421568393707275
4934,0.02500000037252903,-1.061274528503418
4935,0.03529411926865578,-0.45098039507865906
4936,0.04019607976078987,0.15931372344493866
4937,0.04313725605607033,0.718137264251709
4938,0.04068627581000328,1.3823529481887817
4939,0.04019607976078987,1.9264706373214722
4940,0.046078432351350784,2.5514705181121826
4941,0.036274511367082596,3.1446077823638916
4942,0.045098040252923965,3.7647058963775635
4943,0.038235295563936234,4.365196228027344
4944,0.05245098099112511,4.855391979217529
4945,0.04019607976078987,5.477941036224365
4946,0.037254903465509415,6.004901885986328
4947,0.03480392321944237,6.470588207244873
4948,0.04019607976078987,6.909313678741455
4949,0.036764707416296005,7.355391979217529
4950,0.029411764815449715,7.683823585510254
4951,0.02401960827410221,7.950980186462402
4952,0.027941176667809486,8.25
4953,0.03333333507180214,8.416666984558105
4954,0.01764705963432789,8.605392456054688
4955,0.0235294122248888,8.71813678741455
4956,0.009803921915590763,8.720588684082031
4957,0.007843137718737125,8.696078300476074
4958,0.0058823530562222,8.607843399047852
4959,0.0058823530562222,8.409314155578613
4960,-0.004411764908581972,8.198529243469238
4961,-0.008333333767950535,7.93137264251709
4962,-0.021568628028035164,7.541666507720947
4963,-0.018627451732754707,7.156862735748291
4964,-0.018137255683541298,6.68137264251709
4965,-0.02401960827410221,6.188725471496582
4966,-0.03529411926865578,5.598039150238037
4967,-0.0470588244497776,5.022058963775635
4968,-0.036764707416296005,4.379901885986328
4969,-0.04411764815449715,3.7401959896087646
4970,-0.04117647185921669,3.026960849761963
4971,-0.05980392172932625,2.311274528503418
4972,-0.04754902049899101,1.5808823108673096
4973,-0.029901960864663124,0.8014705777168274
4974,0.0416666679084301,0.10049019753932953
4975,0.009803921915590763,-0.595588207244873
4976,-0.022058824077248573,-1.3235293626785278
4977,-0.04117647185921669,-2.002450942993164
4978,-0.03872549161314964,-2.649509906768799
4979,-0.06421568989753723,-3.3259804248809814
4980,-0.053921569138765335,-3.9142158031463623
4981,-0.04852941259741783,-4.522058963775635
4982,-0.054901961237192154,-4.985294342041016
4983,-0.044607844203710556,-5.48774528503418
4984,-0.05147058889269829,-5.889705657958984
4985,-0.038235295563936234,-6.235294342041016
4986,-0.03921568766236305,-6.585784435272217
4987,-0.03333333507180214,-6.850490093231201
4988,-0.027941176667809486,-7.063725471496582
4989,-0.027450980618596077,-7.151960849761963
4990,-0.0034313725773245096,-7.252450942993164
4991,-0.04852941259741783,-7.323529243469238
4992,0.021568628028035164,-7.299019813537598
4993,-0.022549020126461983,-7.220588207244873
4994,0.0024509804788976908,-7.088235378265381
4995,-0.09313725680112839,-6.953431606292725
4996,-2.117647171020508,-6.909313678741455
4997,0.7367647290229797,-6.541666507720947
4998,-1.1622549295425415,-6.218137264251709
4999,0.07107843458652496,-5.958333492279053
5000,-0.22745098173618317,-5.470588207244873
5001,-0.045098040252923965,-5.134803771972656
5002,-0.11764705926179886,-4.742647171020508
5003,-0.014705882407724857,-4.259803771972656
5004,-0.054411765187978745,-3.7965686321258545
5005,0.04068627581000328,-3.3308823108673096
5006,-0.05588235333561897,-2.843137264251709
5007,0.044607844203710556,-2.3578431606292725
5008,-0.009803921915590763,-1.8284313678741455
5009,0.02598039247095585,-1.313725471496582
5010,0.027450980618596077,-0.7352941036224365
5011,0.011274510063230991,-0.25245097279548645
5012,0.03872549161314964,0.3382352888584137
5013,0.04264706000685692,0.8333333134651184
5014,0.030882352963089943,1.406862735748291
5015,0.036764707416296005,1.9240195751190186
5016,0.03382353112101555,2.4240195751190186
5017,0.05000000074505806,2.9828431606292725
5018,0.026960784569382668,3.43137264251709
5019,0.029901960864663124,3.94362735748291
5020,0.03970588371157646,4.470588207244873
5021,0.026960784569382668,4.950980186462402
5022,0.04117647185921669,5.404411792755127
5023,0.08186274766921997,5.825980186462402
5024,0.06421568989753723,6.25
5025,0.03529411926865578,6.620098114013672
5026,0.05931372568011284,6.992647171020508
5027,0.030882352963089943,7.296568393707275
5028,0.04019607976078987,7.605391979217529
5029,0.03333333507180214,7.852941036224365
5030,0.02598039247095585,8.051470756530762
5031,0.03284313902258873,8.208333015441895
5032,0.052941177040338516,8.365196228027344
5033,-0.013235294260084629,8.46813678741455
5034,0.04068627581000328,8.497549057006836
5035,0.003921568859368563,8.495098114013672
5036,0.0117647061124444,8.379901885986328
5037,0.0004901961074210703,8.31862735748291
5038,0.0058823530562222,8.127450942993164
5039,-0.009313725866377354,7.906862735748291
5040,-0.007352941203862429,7.629901885986328
5041,-0.014705882407724857,7.313725471496582
5042,-0.020588235929608345,6.914215564727783
5043,-0.015196078456938267,6.482842922210693
5044,-0.0313725508749485,6.06862735748291
5045,-0.027941176667809486,5.504901885986328
5046,-0.028431372717022896,4.928921699523926
5047,-0.02401960827410221,4.355391979217529
5048,-0.036274511367082596,3.776960849761963
5049,-0.03186274692416191,3.1421568393707275
5050,-0.04019607976078987,2.436274528503418
5051,-0.04754902049899101,1.8063725233078003
5052,-0.053921569138765335,1.1151961088180542
5053,-0.04803921654820442,0.4362744987010956
5054,-0.0573529414832592,-0.2450980395078659
5055,-0.08039215952157974,-0.9338235259056091
5056,-0.06862745434045792,-1.5710784196853638
5057,-0.04803921654820442,-2.213235378265381
5058,-0.062254901975393295,-2.848039150238037
5059,-0.053431373089551926,-3.473039150238037
5060,-0.05784313753247261,-4.041666507720947
5061,-0.0573529414832592,-4.514705657958984
5062,-0.05000000074505806,-5.029411792755127
5063,-0.046078432351350784,-5.480391979217529
5064,-0.04117647185921669,-5.830882549285889
5065,-0.04754902049899101,-6.210784435272217
5066,-0.04068627581000328,-6.546568393707275
5067,-0.035784315317869186,-6.784313678741455
5068,-0.03529411926865578,-6.985294342041016
5069,-0.028921568766236305,-7.117647171020508
5070,-0.022058824077248573,-7.254901885986328
5071,-0.022058824077248573,-7.321078300476074
5072,-0.02401960827410221,-7.343137264251709
5073,-0.01764705963432789,-7.269608020782471
5074,-0.007352941203862429,-7.213235378265381
5075,-0.0029411765281111,-7.110294342041016
5076,-0.008823529817163944,-6.899509906768799
5077,-0.0034313725773245096,-6.752450942993164
5078,0.0990196093916893,-6.514705657958984
5079,0.5696078538894653,-6.205882549285889
5080,0.04068627581000328,-5.965686321258545
5081,0.006862745154649019,-5.659313678741455
5082,0.24754901230335236,-5.254901885986328
5083,-0.12303921580314636,-4.975490093231201
5084,0.09264706075191498,-4.546568393707275
5085,0.07107843458652496,-4.205882549285889
5086,-0.013725490309298038,-3.781862735748291
5087,0.07696078717708588,-3.3553922176361084
5088,-0.008823529817163944,-2.8970587253570557
5089,0.044607844203710556,-2.473039150238037
5090,0.029901960864663124,-2.0196077823638916
5091,0.023039216175675392,-1.5759804248809814
5092,0.02401960827410221,-1.0980392694473267
5093,0.02401960827410221,-0.6323529481887817
5094,0.029411764815449715,-0.11029411852359772
5095,0.03431372717022896,0.3284313678741455
5096,0.03333333507180214,0.8995097875595093
5097,0.030882352963089943,1.340686321258545
5098,0.03333333507180214,1.845588207244873
5099,0.02500000037252903,2.313725471496582
5100,0.03284313902258873,2.840686321258545
5101,0.04019607976078987,3.3529412746429443
5102,0.04068627581000328,3.8259804248809814
5103,0.03529411926865578,4.279411792755127
5104,0.029411764815449715,4.767157077789307
5105,0.01568627543747425,5.218137264251709
5106,0.029411764815449715,5.634803771972656
5107,0.03480392321944237,6.05637264251709
5108,0.04068627581000328,6.526960849761963
5109,0.036274511367082596,6.88725471496582
5110,0.07549019902944565,7.200980186462402
5111,0.05000000074505806,7.55637264251709
5112,0.044607844203710556,7.852941036224365
5113,0.03970588371157646,8.075980186462402
5114,0.028431372717022896,8.311274528503418
5115,0.022549020126461983,8.509803771972656
5116,0.02500000037252903,8.578431129455566
5117,0.027450980618596077,8.710783958435059
5118,0.010294117964804173,8.76225471496582
5119,0.01225490216165781,8.72549057006836
5120,0.0117647061124444,8.68137264251709
5121,0.01568627543747425,8.64950942993164
5122,0.0019607844296842813,8.458333015441895
5123,-0.01225490216165781,8.264705657958984
5124,-0.011274510063230991,8.004901885986328
5125,0.0117647061124444,7.691176414489746
5126,-0.036764707416296005,7.340686321258545
5127,-0.00637254910543561,6.914215564727783
5128,-0.035784315317869186,6.522058963775635
5129,0.035784315317869186,6.078431606292725
5130,1.3622548580169678,5.649509906768799
5131,-0.8833333253860474,5.017157077789307
5132,1.1392157077789307,4.458333492279053
5133,-0.5328431129455566,3.975490093231201
5134,0.20735293626785278,3.257352828979492
5135,0.0,2.747549057006836
5136,-0.0313725508749485,2.0490195751190186
5137,0.062254901975393295,1.5073529481887817
5138,-0.06617647409439087,0.8578431606292725
5139,-0.036274511367082596,0.2720588147640228
5140,0.03284313902258873,-0.3700980246067047
5141,-0.10098039358854294,-0.8848039507865906
5142,-0.0019607844296842813,-1.502450942993164
5143,-0.062254901975393295,-2.063725471496582
5144,-0.046078432351350784,-2.536764621734619
5145,-0.036764707416296005,-3.031862735748291
5146,-0.05049019679427147,-3.5490195751190186
5147,-0.036274511367082596,-3.9803922176361084
5148,-0.029411764815449715,-4.394608020782471
5149,-0.023039216175675392,-4.713235378265381
5150,-0.08578431606292725,-5.107842922210693
5151,0.0058823530562222,-5.355391979217529
5152,-0.06519608199596405,-5.678921699523926
5153,-0.013725490309298038,-5.877450942993164
5154,-0.03872549161314964,-6.127450942993164
5155,-0.022058824077248573,-6.296568393707275
5156,-0.030392156913876534,-6.490196228027344
5157,-0.015196078456938267,-6.546568393707275
5158,-0.026470588520169258,-6.676470756530762
5159,-0.013725490309298038,-6.732842922210693
5160,-0.01568627543747425,-6.759803771972656
5161,-0.01666666753590107,-6.784313678741455
5162,-0.011274510063230991,-6.774509906768799
5163,-0.007352941203862429,-6.75
5164,0.0,-6.696078300476074
5165,0.0004901961074210703,-6.593137264251709
5166,0.005392157007008791,-6.549019813537598
5167,0.02401960827410221,-6.414215564727783
5168,0.018627451732754707,-6.269608020782471
5169,0.0058823530562222,-6.098039150238037
5170,0.003921568859368563,-5.909313678741455
5171,0.0034313725773245096,-5.718137264251709
5172,0.01225490216165781,-5.509803771972656
5173,0.014215686358511448,-5.254901885986328
5174,0.007843137718737125,-4.946078300476074
5175,0.023039216175675392,-4.691176414489746
5176,0.01225490216165781,-4.375
5177,0.01568627543747425,-4.026960849761963
5178,0.01666666753590107,-3.629901885986328
5179,0.029411764815449715,-3.213235378265381
5180,0.021078431978821754,-2.8259804248809814
5181,0.02598039247095585,-2.382352828979492
5182,0.026470588520169258,-1.938725471496582
5183,0.030392156913876534,-1.3921568393707275
5184,0.037745099514722824,-0.9632353186607361
5185,0.0416666679084301,-0.34558823704719543
5186,0.03529411926865578,0.14950980246067047
5187,0.03186274692416191,0.6764705777168274
5188,0.04411764815449715,1.2303920984268188
5189,0.04313725605607033,1.781862735748291
5190,0.04362745210528374,2.3872549533843994
5191,0.036764707416296005,2.94362735748291
5192,0.037745099514722824,3.5490195751190186
5193,0.04411764815449715,4.034313678741455
5194,0.04803921654820442,4.541666507720947
5195,0.0416666679084301,5.117647171020508
5196,0.05147058889269829,5.607842922210693
5197,0.03872549161314964,6.066176414489746
5198,0.03529411926865578,6.507352828979492
5199,0.23725490272045135,6.958333492279053
5200,-0.08431372791528702,7.284313678741455
5201,0.10000000149011612,7.671568393707275
5202,0.2558823525905609,7.970588207244873
5203,-0.13333334028720856,8.200980186462402
5204,0.2191176414489746,8.450980186462402
5205,-0.08235294371843338,8.595588684082031
5206,0.05980392172932625,8.71813678741455
5207,0.04754902049899101,8.828431129455566
5208,-0.05147058889269829,8.821078300476074
5209,0.05245098099112511,8.840685844421387
5210,-0.011274510063230991,8.79411792755127
5211,0.01617647148668766,8.698529243469238
5212,-0.00637254910543561,8.54411792755127
5213,-0.014215686358511448,8.397058486938477
5214,0.0009803922148421407,8.171568870544434
5215,-0.006862745154649019,7.938725471496582
5216,-0.022549020126461983,7.725490093231201
5217,-0.027450980618596077,7.424019813537598
5218,-0.0313725508749485,7.115196228027344
5219,-0.02598039247095585,6.740196228027344
5220,-0.01225490216165781,6.44362735748291
5221,-0.027450980618596077,6.078431606292725
5222,-0.021568628028035164,5.700980186462402
5223,-0.021078431978821754,5.38725471496582
5224,-0.027450980618596077,4.970588207244873
5225,-0.038235295563936234,4.549019813537598
5226,-0.030392156913876534,4.178921699523926
5227,-0.030882352963089943,3.776960849761963
5228,-0.030392156913876534,3.3357841968536377
5229,-0.03382353112101555,3.0147058963775635
5230,-0.04411764815449715,2.5808823108673096
5231,-0.026470588520169258,2.154411792755127
5232,-0.037745099514722824,1.779411792755127
5233,-0.037254903465509415,1.3529411554336548
5234,-0.07745098322629929,0.9950980544090271
5235,-0.014705882407724857,0.5759803652763367
5236,-0.062745101749897,0.1715686321258545
5237,-0.04362745210528374,-0.2034313678741455
5238,-0.037745099514722824,-0.6127451062202454
5239,-0.0470588244497776,-1.0
5240,-0.036274511367082596,-1.433823585510254
5241,-0.04362745210528374,-1.7990195751190186
5242,-0.05637254938483238,-2.183823585510254
5243,-0.04411764815449715,-2.6053922176361084
5244,-0.04215686395764351,-2.9803922176361084
5245,-0.04215686395764351,-3.4240195751190186
5246,-0.03872549161314964,-3.816176414489746
5247,-0.03872549161314964,-4.186274528503418
5248,-0.038235295563936234,-4.571078300476074
5249,-0.036764707416296005,-4.919117450714111
5250,-0.03921568766236305,-5.330882549285889
5251,-0.03382353112101555,-5.659313678741455
5252,-0.036274511367082596,-6.002450942993164
5253,-0.04362745210528374,-6.264705657958984
5254,-0.04411764815449715,-6.598039150238037
5255,-0.037745099514722824,-6.867647171020508
5256,-0.03382353112101555,-7.132352828979492
5257,-0.03186274692416191,-7.291666507720947
5258,-0.02401960827410221,-7.497549057006836
5259,-0.03186274692416191,-7.63725471496582
5260,-0.014705882407724857,-7.723039150238037
5261,-0.019607843831181526,-7.779411792755127
5262,-0.020588235929608345,-7.816176414489746
5263,-0.01715686358511448,-7.833333492279053
5264,0.0,-7.779411792755127
5265,-0.022058824077248573,-7.644608020782471
5266,-0.007843137718737125,-7.507352828979492
5267,-0.0058823530562222,-7.379901885986328
5268,-0.003921568859368563,-7.154411792755127
5269,0.0009803922148421407,-6.879901885986328
5270,-0.0009803922148421407,-6.56862735748291
5271,0.007352941203862429,-6.245098114013672
5272,-0.0024509804788976908,-5.926470756530762
5273,0.007843137718737125,-5.544117450714111
5274,0.007843137718737125,-5.098039150238037
5275,0.014215686358511448,-4.671568393707275
5276,0.022058824077248573,-4.264705657958984
5277,0.023039216175675392,-3.7941176891326904
5278,0.0235294122248888,-3.3578431606292725
5279,0.018137255683541298,-2.879901885986328
5280,0.023039216175675392,-2.345588207244873
5281,0.030392156913876534,-1.8921568393707275
5282,0.03186274692416191,-1.4142156839370728
5283,0.028921568766236305,-0.9583333134651184
5284,0.02401960827410221,-0.47058823704719543
5285,0.022058824077248573,0.0049019609577953815
5286,0.02450980432331562,0.4534313678741455
5287,0.03284313902258873,0.875
5288,0.02598039247095585,1.281862735748291
5289,0.021568628028035164,1.7083333730697632
5290,0.026960784569382668,2.05637264251709
5291,0.022549020126461983,2.4852941036224365
5292,0.027450980618596077,2.808823585510254
5293,0.02450980432331562,3.2009804248809814
5294,0.020098039880394936,3.534313678741455
5295,0.029411764815449715,3.8210785388946533
5296,0.02549019642174244,4.11274528503418
5297,0.02549019642174244,4.453431606292725
5298,0.019607843831181526,4.718137264251709
5299,0.014215686358511448,5.004901885986328
5300,0.01764705963432789,5.264705657958984
5301,0.013235294260084629,5.553921699523926
5302,0.022058824077248573,5.811274528503418
5303,0.01225490216165781,6.05637264251709
5304,0.01225490216165781,6.281862735748291
5305,0.01715686358511448,6.56862735748291
5306,0.008823529817163944,6.75
5307,0.008823529817163944,7.007352828979492
5308,0.014705882407724857,7.225490093231201
5309,0.021568628028035164,7.433823585510254
5310,0.0117647061124444,7.629901885986328
5311,0.005392157007008791,7.813725471496582
5312,0.007843137718737125,7.990196228027344
5313,0.02500000037252903,8.122549057006836
5314,0.020588235929608345,8.254901885986328
5315,-0.0029411765281111,8.36274528503418
5316,0.028921568766236305,8.490196228027344
5317,0.004411764908581972,8.53186321258545
5318,0.010784314014017582,8.563725471496582
5319,-0.0004901961074210703,8.566176414489746
5320,0.00147058826405555,8.585783958435059
5321,-0.0049019609577953815,8.48774528503418
5322,-0.003921568859368563,8.438725471496582
5323,-0.005392157007008791,8.301470756530762
5324,-0.008333333767950535,8.115196228027344
5325,-0.01568627543747425,7.933823585510254
5326,-0.015196078456938267,7.718137264251709
5327,-0.0117647061124444,7.414215564727783
5328,-0.02598039247095585,7.125
5329,-0.020098039880394936,6.799019813537598
5330,-0.0235294122248888,6.477941036224365
5331,-0.01764705963432789,6.071078300476074
5332,-0.023039216175675392,5.671568393707275
5333,-0.026960784569382668,5.210784435272217
5334,-0.03480392321944237,4.772058963775635
5335,-0.026470588520169258,4.308823585510254
5336,-0.03431372717022896,3.838235378265381
5337,-0.037254903465509415,3.350490093231201
5338,-0.03970588371157646,2.8553922176361084
5339,-0.038235295563936234,2.3578431606292725
5340,-0.04019607976078987,1.8872549533843994
5341,-0.05098039284348488,1.406862735748291
5342,-0.036274511367082596,0.9460784196853638
5343,-0.04362745210528374,0.47549018263816833
5344,-0.037254903465509415,0.026960784569382668
5345,-0.04215686395764351,-0.4215686321258545
5346,-0.038235295563936234,-0.8602941036224365
5347,-0.045588236302137375,-1.2647058963775635
5348,-0.04264706000685692,-1.593137264251709
5349,-0.029901960864663124,-2.0171568393707275
5350,-0.030392156913876534,-2.375
5351,-0.04068627581000328,-2.661764621734619
5352,-0.037745099514722824,-2.9852941036224365
5353,-0.030392156913876534,-3.2647058963775635
5354,-0.029411764815449715,-3.5490195751190186
5355,-0.02500000037252903,-3.8014705181121826
5356,-0.026470588520169258,-4.017157077789307
5357,-0.026470588520169258,-4.291666507720947
5358,-0.018627451732754707,-4.482842922210693
5359,-0.010784314014017582,-4.700980186462402
5360,-0.020588235929608345,-4.933823585510254
5361,-0.027450980618596077,-5.120098114013672
5362,-0.014215686358511448,-5.308823585510254
5363,-0.026470588520169258,-5.482842922210693
5364,-0.022549020126461983,-5.642157077789307
5365,-0.018627451732754707,-5.811274528503418
5366,-0.023039216175675392,-5.94362735748291
5367,-0.05245098099112511,-6.18137264251709
5368,-0.01274509821087122,-6.311274528503418
5369,-0.015196078456938267,-6.492647171020508
5370,-0.0117647061124444,-6.617647171020508
5371,-0.02401960827410221,-6.781862735748291
5372,-0.013235294260084629,-6.919117450714111
5373,0.03235294297337532,-7.036764621734619
5374,0.01225490216165781,-7.149509906768799
5375,-0.011274510063230991,-7.232842922210693
5376,0.0034313725773245096,-7.31862735748291
5377,-0.01274509821087122,-7.330882549285889
5378,0.0019607844296842813,-7.397058963775635
5379,-0.0058823530562222,-7.411764621734619
5380,-0.01225490216165781,-7.401960849761963
5381,-0.003921568859368563,-7.323529243469238
5382,-0.0058823530562222,-7.276960849761963
5383,0.0058823530562222,-7.159313678741455
5384,0.0034313725773245096,-7.007352828979492
5385,-0.0029411765281111,-6.88725471496582
5386,0.004411764908581972,-6.622549057006836
5387,0.004411764908581972,-6.438725471496582
5388,-0.004411764908581972,-6.147058963775635
5389,0.01274509821087122,-5.872549057006836
5390,0.0058823530562222,-5.51225471496582
5391,0.009313725866377354,-5.19362735748291
5392,0.008333333767950535,-4.830882549285889
5393,0.03235294297337532,-4.470588207244873
5394,0.022058824077248573,-4.007352828979492
5395,0.030882352963089943,-3.6029412746429443
5396,0.019117647781968117,-3.120098114013672
5397,0.014705882407724857,-2.725490093231201
5398,0.03235294297337532,-2.2720587253570557
5399,0.026960784569382668,-1.8039215803146362
5400,0.029901960864663124,-1.3848038911819458
5401,0.03284313902258873,-0.8700980544090271
5402,0.029901960864663124,-0.45098039507865906
5403,0.027450980618596077,0.01225490216165781
5404,0.036274511367082596,0.37745097279548645
5405,0.0681372582912445,0.811274528503418
5406,0.008333333767950535,1.2426470518112183
5407,0.038235295563936234,1.590686321258545
5408,0.02450980432331562,1.936274528503418
5409,0.01617647148668766,2.30637264251709
5410,0.03872549161314964,2.6078431606292725
5411,0.01715686358511448,2.94362735748291
5412,0.014215686358511448,3.191176414489746
5413,0.022549020126461983,3.497549057006836
5414,0.01666666753590107,3.7720587253570557
5415,0.018137255683541298,3.995098114013672
5416,0.01617647148668766,4.23774528503418
5417,0.026470588520169258,4.448529243469238
5418,0.021568628028035164,4.700980186462402
5419,0.009313725866377354,4.904411792755127
5420,0.022058824077248573,5.090686321258545
5421,0.01225490216165781,5.291666507720947
5422,0.0,5.460784435272217
5423,0.022549020126461983,5.698529243469238
5424,0.007352941203862429,5.914215564727783
5425,0.014215686358511448,6.080882549285889
5426,0.010294117964804173,6.30637264251709
5427,0.01225490216165781,6.502450942993164
5428,0.011274510063230991,6.69362735748291
5429,0.01617647148668766,6.901960849761963
5430,0.0058823530562222,7.13725471496582
5431,0.005392157007008791,7.325980186462402
5432,0.0049019609577953815,7.514705657958984
5433,0.018627451732754707,7.698529243469238
5434,0.013235294260084629,7.884803771972656
5435,0.01225490216165781,8.110294342041016
5436,0.010294117964804173,8.25
5437,0.01617647148668766,8.438725471496582
5438,0.0,8.561274528503418
5439,0.009803921915590763,8.654411315917969
5440,0.00147058826405555,8.752450942993164
5441,0.007352941203862429,8.816176414489746
5442,0.003921568859368563,8.875
5443,0.006862745154649019,8.904411315917969
5444,-0.0019607844296842813,8.852941513061523
5445,0.0034313725773245096,8.808823585510254
5446,-0.008823529817163944,8.715685844421387
5447,0.004411764908581972,8.642156600952148
5448,-0.009803921915590763,8.46813678741455
5449,-0.01274509821087122,8.313725471496582
5450,-0.0049019609577953815,8.102941513061523
5451,-0.014705882407724857,7.892157077789307
5452,-0.021078431978821754,7.617647171020508
5453,-0.022549020126461983,7.30637264251709
5454,-0.027941176667809486,7.061274528503418
5455,-0.023039216175675392,6.683823585510254
5456,-0.02500000037252903,6.375
5457,-0.022549020126461983,6.051470756530762
5458,-0.028921568766236305,5.676470756530762
5459,-0.036764707416296005,5.289215564727783
5460,-0.03333333507180214,4.94362735748291
5461,-0.03529411926865578,4.546568393707275
5462,-0.018627451732754707,4.169117450714111
5463,-0.0416666679084301,3.7941176891326904
5464,-0.03529411926865578,3.43137264251709
5465,-0.036274511367082596,3.058823585510254
5466,-0.027941176667809486,2.725490093231201
5467,-0.007352941203862429,2.377450942993164
5468,0.07647059112787247,2.06862735748291
5469,0.026960784569382668,1.7598038911819458
5470,-0.0029411765281111,1.4950979948043823
5471,-0.006862745154649019,1.2230392694473267
5472,-0.026960784569382668,0.968137264251709
5473,-0.027941176667809486,0.6764705777168274
5474,-0.03333333507180214,0.46078431606292725
5475,-0.009313725866377354,0.20588235557079315
5476,-0.03480392321944237,-0.053921569138765335
5477,-0.011274510063230991,-0.22058823704719543
5478,-0.02401960827410221,-0.45098039507865906
5479,-0.014705882407724857,-0.6960784196853638
5480,-0.0235294122248888,-0.8970588445663452
5481,-0.018627451732754707,-1.1666666269302368
5482,-0.021568628028035164,-1.372549057006836
5483,-0.01225490216165781,-1.6053920984268188
5484,-0.05882352963089943,-1.8848038911819458
5485,0.023039216175675392,-2.100490093231201
5486,-0.04264706000685692,-2.409313678741455
5487,-0.013235294260084629,-2.686274528503418
5488,-0.020098039880394936,-2.9901959896087646
5489,-0.45588234066963196,-3.311274528503418
5490,1.8666666746139526,-3.4240195751190186
5491,-0.7656862735748291,-3.872549057006836
5492,0.9289215803146362,-4.171568393707275
5493,-0.09313725680112839,-4.48774528503418
5494,0.21519607305526733,-4.840686321258545
5495,0.027450980618596077,-5.144608020782471
5496,0.06372549384832382,-5.495098114013672
5497,-0.014705882407724857,-5.772058963775635
5498,0.04019607976078987,-6.073529243469238
5499,-0.04117647185921669,-6.409313678741455
5500,0.030882352963089943,-6.686274528503418
5501,-0.0416666679084301,-6.911764621734619
5502,0.01274509821087122,-7.151960849761963
5503,-0.011274510063230991,-7.333333492279053
5504,-0.019607843831181526,-7.502450942993164
5505,-0.009803921915590763,-7.674019813537598
5506,-0.019117647781968117,-7.816176414489746
5507,-0.01617647148668766,-7.909313678741455
5508,-0.01715686358511448,-8.01225471496582
5509,-0.022549020126461983,-7.997549057006836
5510,-0.010784314014017582,-8.009803771972656
5511,-0.0049019609577953815,-7.963235378265381
5512,-0.0004901961074210703,-7.911764621734619
5513,0.0058823530562222,-7.808823585510254
5514,-0.0024509804788976908,-7.742647171020508
5515,0.008333333767950535,-7.615196228027344
5516,0.0049019609577953815,-7.433823585510254
5517,0.0,-7.299019813537598
5518,0.0,-7.090686321258545
5519,0.010294117964804173,-6.93137264251709
5520,0.009313725866377354,-6.732842922210693
5521,0.010784314014017582,-6.529411792755127
5522,0.00637254910543561,-6.281862735748291
5523,0.01617647148668766,-6.149509906768799
5524,0.01666666753590107,-5.93137264251709
5525,0.01274509821087122,-5.73774528503418
5526,0.011274510063230991,-5.541666507720947
5527,0.036764707416296005,-5.335784435272217
5528,-0.0034313725773245096,-5.166666507720947
5529,0.03235294297337532,-5.019608020782471
5530,0.0058823530562222,-4.81862735748291
5531,0.020098039880394936,-4.705882549285889
5532,0.01225490216165781,-4.580882549285889
5533,0.010294117964804173,-4.436274528503418
5534,0.0058823530562222,-4.308823585510254
5535,0.01568627543747425,-4.176470756530762
5536,0.009313725866377354,-4.063725471496582
5537,0.01715686358511448,-3.933823585510254
5538,0.006862745154649019,-3.7941176891326904
5539,0.011274510063230991,-3.691176414489746
5540,0.0049019609577953815,-3.5539214611053467
5541,0.010784314014017582,-3.4142158031463623
5542,0.018627451732754707,-3.161764621734619
5543,0.013725490309298038,-3.007352828979492
5544,0.009313725866377354,-2.8284313678741455
5545,0.0117647061124444,-2.6029412746429443
5546,-0.030392156913876534,-2.3848040103912354
5547,-0.0009803922148421407,-2.1348040103912354
5548,-0.00147058826405555,-1.840686321258545
5549,0.0058823530562222,-1.529411792755127
5550,0.023039216175675392,-1.2279411554336548
5551,0.018627451732754707,-0.8627451062202454
5552,0.0235294122248888,-0.5220588445663452
5553,0.027941176667809486,-0.14705882966518402
5554,0.013725490309298038,0.2401960790157318
5555,0.014215686358511448,0.6593137383460999
5556,0.24607843160629272,1.0122549533843994
5557,0.5892156958580017,1.5269607305526733
5558,-0.4426470696926117,1.8014706373214722
5559,0.5416666865348816,2.2279412746429443
5560,-0.12058823555707932,2.625
5561,0.14656862616539001,3.0392158031463623
5562,0.07401961088180542,3.4485294818878174
5563,0.04313725605607033,3.776960849761963
5564,0.062745101749897,4.142157077789307
5565,0.05098039284348488,4.465686321258545
5566,0.006862745154649019,4.764705657958984
5567,0.061274509876966476,5.053921699523926
5568,0.026470588520169258,5.333333492279053
5569,0.038235295563936234,5.536764621734619
5570,0.010294117964804173,5.732842922210693
5571,0.009313725866377354,5.953431606292725
5572,0.026960784569382668,6.053921699523926
5573,0.011274510063230991,6.254901885986328
5574,0.01715686358511448,6.323529243469238
5575,-0.0019607844296842813,6.441176414489746
5576,-0.0029411765281111,6.504901885986328
5577,0.0,6.580882549285889
5578,0.04117647185921669,6.639705657958984
5579,-0.018627451732754707,6.686274528503418
5580,0.036274511367082596,6.713235378265381
5581,0.007352941203862429,6.740196228027344
5582,0.008333333767950535,6.774509906768799
5583,0.0049019609577953815,6.813725471496582
5584,-0.0004901961074210703,6.843137264251709
5585,0.0009803922148421407,6.899509906768799
5586,0.0019607844296842813,6.953431606292725
5587,0.0009803922148421407,7.007352828979492
5588,0.0049019609577953815,7.075980186462402
5589,0.0034313725773245096,7.154411792755127
5590,-0.0009803922148421407,7.252450942993164
5591,-0.0009803922148421407,7.409313678741455
5592,0.0049019609577953815,7.514705657958984
5593,0.004411764908581972,7.627450942993164
5594,0.0019607844296842813,7.784313678741455
5595,-0.004411764908581972,7.904411792755127
5596,0.009803921915590763,8.036765098571777
5597,0.007843137718737125,8.21813678741455
5598,0.006862745154649019,8.34313678741455
5599,0.0,8.450980186462402
5600,0.0029411765281111,8.58088207244873
5601,-0.007352941203862429,8.713234901428223
5602,0.023039216175675392,8.759803771972656
5603,0.009803921915590763,8.867647171020508
5604,0.06078431382775307,8.894607543945312
5605,0.01764705963432789,8.97549057006836
5606,0.038235295563936234,8.958333015441895
5607,0.014215686358511448,8.872549057006836
5608,0.01715686358511448,8.825980186462402
5609,0.008823529817163944,8.740196228027344
5610,0.009803921915590763,8.632352828979492
5611,-0.0009803922148421407,8.5
5612,-0.008823529817163944,8.370098114013672
5613,-0.0058823530562222,8.14950942993164
5614,-0.0049019609577953815,7.93137264251709
5615,-0.014215686358511448,7.696078300476074
5616,-0.02500000037252903,7.470588207244873
5617,-0.013725490309298038,7.154411792755127
5618,-0.004411764908581972,6.875
5619,-0.02549019642174244,6.590686321258545
5620,-0.0019607844296842813,6.272058963775635
5621,-0.04362745210528374,5.977941036224365
5622,-0.003921568859368563,5.676470756530762
5623,0.06960784643888474,5.38725471496582
5624,-1.6602941751480103,5.007352828979492
5625,0.748039186000824,4.801470756530762
5626,-1.2269607782363892,4.529411792755127
5627,0.22107842564582825,4.281862735748291
5628,-0.24901960790157318,4.139705657958984
5629,-0.07107843458652496,3.872549057006836
5630,-0.03284313902258873,3.747549057006836
5631,-0.1460784375667572,3.4901959896087646
5632,-0.03872549161314964,3.379901885986328
5633,-0.0024509804788976908,3.276960849761963
5634,-0.09950980544090271,3.095588207244873
5635,0.020588235929608345,2.9779412746429443
5636,-0.0730392187833786,2.9264705181121826
5637,-0.005392157007008791,2.7892158031463623
5638,-0.014215686358511448,2.7377450466156006
5639,-0.009803921915590763,2.5833332538604736
5640,-0.04019607976078987,2.55637264251709
5641,0.01764705963432789,2.502450942993164
5642,-0.037254903465509415,2.399509906768799
5643,0.007843137718737125,2.25
5644,-0.036764707416296005,2.151960849761963
5645,-0.009313725866377354,2.0098040103912354
5646,-0.01274509821087122,1.8529411554336548
5647,-0.010784314014017582,1.7058823108673096
5648,-0.01715686358511448,1.4509804248809814
5649,-0.018627451732754707,1.279411792755127
5650,-0.021078431978821754,1.0147058963775635
5651,-0.019117647781968117,0.7549019455909729
5652,-0.022549020126461983,0.4362744987010956
5653,-0.02401960827410221,0.12254901975393295
5654,-0.01225490216165781,-0.13235294818878174
5655,-0.02598039247095585,-0.5196078419685364
5656,-0.029411764815449715,-0.7916666865348816
5657,-0.028431372717022896,-1.183823585510254
5658,-0.038235295563936234,-1.5686274766921997
5659,-0.046078432351350784,-1.9558823108673096
5660,-0.03921568766236305,-2.2990195751190186
5661,-0.03872549161314964,-2.659313678741455
5662,-0.0235294122248888,-3.007352828979492
5663,-0.038235295563936234,-3.313725471496582
5664,-0.036764707416296005,-3.6764705181121826
5665,-0.04264706000685692,-3.9558823108673096
5666,-0.03872549161314964,-4.230391979217529
5667,-0.0416666679084301,-4.475490093231201
5668,-0.01764705963432789,-4.696078300476074
5669,-0.036274511367082596,-4.916666507720947
5670,-0.026960784569382668,-5.083333492279053
5671,-0.030882352963089943,-5.223039150238037
5672,-0.02450980432331562,-5.377450942993164
5673,-0.03333333507180214,-5.473039150238037
5674,-0.014705882407724857,-5.541666507720947
5675,-0.02401960827410221,-5.561274528503418
5676,-0.00637254910543561,-5.649509906768799
5677,-0.0117647061124444,-5.666666507720947
5678,-0.013725490309298038,-5.647058963775635
5679,-0.008823529817163944,-5.598039150238037
5680,-0.01617647148668766,-5.585784435272217
5681,-0.01617647148668766,-5.600490093231201
5682,-0.0058823530562222,-5.55637264251709
5683,-0.009313725866377354,-5.546568393707275
5684,-0.0019607844296842813,-5.504901885986328
5685,-0.009803921915590763,-5.522058963775635
5686,-0.007352941203862429,-5.531862735748291
5687,-0.008333333767950535,-5.551470756530762
5688,-0.011274510063230991,-5.61274528503418
5689,-0.0117647061124444,-5.651960849761963
5690,-0.008823529817163944,-5.75
5691,-0.009313725866377354,-5.865196228027344
5692,0.0058823530562222,-5.950980186462402
5693,-0.04901960864663124,-6.134803771972656
5694,0.15392157435417175,-6.276960849761963
5695,0.5220588445663452,-6.399509906768799
5696,-0.48088234663009644,-6.61274528503418
5697,0.5196078419685364,-6.799019813537598
5698,-0.2024509757757187,-7.009803771972656
5699,0.13186274468898773,-7.198529243469238
5700,0.018627451732754707,-7.355391979217529
5701,-0.03382353112101555,-7.620098114013672
5702,0.04852941259741783,-7.745098114013672
5703,-0.01764705963432789,-7.960784435272217
5704,-0.04313725605607033,-8.122549057006836
5705,0.021078431978821754,-8.240196228027344
5706,-0.02549019642174244,-8.352941513061523
5707,0.0,-8.409314155578613
5708,-0.020098039880394936,-8.495098114013672
5709,-0.008823529817163944,-8.502450942993164
5710,-0.0034313725773245096,-8.482843399047852
5711,-0.013235294260084629,-8.48774528503418
5712,-0.0058823530562222,-8.39950942993164
5713,-0.01274509821087122,-8.328431129455566
5714,-0.0034313725773245096,-8.19362735748291
5715,-0.0117647061124444,-8.058823585510254
5716,-0.008823529817163944,-7.875
5717,0.0,-7.674019813537598
5718,0.005392157007008791,-7.458333492279053
5719,0.007843137718737125,-7.235294342041016
5720,0.00147058826405555,-6.980391979217529
5721,0.0058823530562222,-6.808823585510254
5722,0.01617647148668766,-6.524509906768799
5723,0.0024509804788976908,-6.330882549285889
5724,0.00637254910543561,-6.073529243469238
5725,0.007843137718737125,-5.833333492279053
5726,0.046568628400564194,-5.698529243469238
5727,-0.009803921915590763,-5.507352828979492
5728,0.02500000037252903,-5.338235378265381
5729,0.00637254910543561,-5.23774528503418
5730,0.00147058826405555,-5.100490093231201
5731,0.01617647148668766,-4.985294342041016
5732,0.00147058826405555,-4.963235378265381
5733,-0.00147058826405555,-4.904411792755127
5734,0.006862745154649019,-4.879901885986328
5735,-0.00147058826405555,-4.884803771972656
5736,0.010784314014017582,-4.901960849761963
5737,0.003921568859368563,-4.936274528503418
5738,-0.0029411765281111,-4.977941036224365
5739,-0.0009803922148421407,-5.034313678741455
5740,-0.009803921915590763,-5.098039150238037
5741,0.0,-5.203431606292725
5742,-0.0029411765281111,-5.215686321258545
5743,-0.006862745154649019,-5.254901885986328
5744,0.0034313725773245096,-5.279411792755127
5745,-0.008823529817163944,-5.291666507720947
5746,-0.007352941203862429,-5.301470756530762
5747,-0.010294117964804173,-5.252450942993164
5748,-0.0004901961074210703,-5.203431606292725
5749,-0.0058823530562222,-5.164215564727783
5750,0.00147058826405555,-5.004901885986328
5751,-0.010294117964804173,-4.843137264251709
5752,0.0004901961074210703,-4.669117450714111
5753,0.0058823530562222,-4.470588207244873
5754,-0.010784314014017582,-4.291666507720947
5755,0.0235294122248888,-3.9803922176361084
5756,-0.00147058826405555,-3.7328431606292725
5757,0.04362745210528374,-3.367647171020508
5758,-0.014215686358511448,-3.0710785388946533
5759,0.03480392321944237,-2.7622549533843994
5760,0.020588235929608345,-2.3946077823638916
5761,0.01617647148668766,-2.125
5762,0.029411764815449715,-1.7303920984268188
5763,0.01666666753590107,-1.4019607305526733
5764,0.027450980618596077,-1.095588207244873
5765,0.023039216175675392,-0.7549019455909729
5766,0.0117647061124444,-0.46568626165390015
5767,0.026960784569382668,-0.1617647111415863
5768,0.02401960827410221,0.0416666679084301
5769,0.01666666753590107,0.2720588147640228
5770,0.014705882407724857,0.47058823704719543
5771,0.01274509821087122,0.6225489974021912
5772,0.010294117964804173,0.7303921580314636
5773,0.01274509821087122,0.843137264251709
5774,0.019607843831181526,0.9264705777168274
5775,0.0034313725773245096,0.936274528503418
5776,0.003921568859368563,0.9828431606292725
5777,-0.011274510063230991,0.9877451062202454
5778,-0.0117647061124444,0.9583333134651184
5779,-0.005392157007008791,0.9191176295280457
5780,-0.01617647148668766,0.8088235259056091
5781,-0.0019607844296842813,0.8039215803146362
5782,-0.010784314014017582,0.7671568393707275
5783,-0.005392157007008791,0.6960784196853638
5784,-0.014215686358511448,0.6348039507865906
5785,-0.0058823530562222,0.595588207244873
5786,-0.00147058826405555,0.6151960492134094
5787,-0.009313725866377354,0.5882353186607361
5788,-0.004411764908581972,0.6372548937797546
5789,-0.006862745154649019,0.686274528503418
5790,0.0029411765281111,0.7696078419685364
5791,-0.0029411765281111,0.8651960492134094
5792,-0.0024509804788976908,1.0784313678741455
5793,0.005392157007008791,1.2254902124404907
5794,0.01225490216165781,1.4583333730697632
5795,0.0058823530562222,1.6715686321258545
5796,0.007352941203862429,1.9436274766921997
5797,0.014705882407724857,2.25
5798,0.0117647061124444,2.561274528503418
5799,0.020098039880394936,2.8872549533843994
5800,0.008823529817163944,3.213235378265381
5801,0.02401960827410221,3.531862735748291
5802,0.014705882407724857,3.877450942993164
5803,0.01568627543747425,4.220588207244873
5804,0.018137255683541298,4.546568393707275
5805,0.009803921915590763,4.813725471496582
5806,0.03333333507180214,5.125
5807,0.00147058826405555,5.38725471496582
5808,0.02401960827410221,5.656862735748291
5809,0.007352941203862429,5.855391979217529
5810,0.020588235929608345,6.004901885986328
5811,0.018137255683541298,6.147058963775635
5812,0.01274509821087122,6.269608020782471
5813,0.0029411765281111,6.291666507720947
5814,0.0019607844296842813,6.352941036224365
5815,0.0004901961074210703,6.350490093231201
5816,-0.0034313725773245096,6.370098114013672
5817,-0.009313725866377354,6.259803771972656
5818,-0.006862745154649019,6.18137264251709
5819,-0.003921568859368563,6.026960849761963
5820,-0.010784314014017582,5.936274528503418
5821,-0.01617647148668766,5.786764621734619
5822,-0.01617647148668766,5.617647171020508
5823,-0.01274509821087122,5.495098114013672
5824,-0.01225490216165781,5.330882549285889
5825,-0.021078431978821754,5.252450942993164
5826,-0.020588235929608345,5.080882549285889
5827,-0.013725490309298038,5.007352828979492
5828,-0.01666666753590107,4.894608020782471
5829,-0.009313725866377354,4.879901885986328
5830,-0.008333333767950535,4.897058963775635
5831,-0.011274510063230991,4.870098114013672
5832,-0.007843137718737125,5.002450942993164
5833,0.0,5.039215564727783
5834,0.005392157007008791,5.178921699523926
5835,0.0019607844296842813,5.352941036224365
5836,0.009313725866377354,5.517157077789307
5837,0.00147058826405555,5.786764621734619
5838,0.005392157007008791,6.026960849761963
5839,0.011274510063230991,6.299019813537598
5840,0.01715686358511448,6.56862735748291
5841,0.010784314014017582,6.823529243469238
5842,0.009313725866377354,7.144608020782471
5843,0.021078431978821754,7.433823585510254
5844,0.01568627543747425,7.700980186462402
5845,0.02450980432331562,7.995098114013672
5846,0.019607843831181526,8.247549057006836
5847,0.009313725866377354,8.522058486938477
5848,0.022058824077248573,8.696078300476074
5849,0.020098039880394936,8.823529243469238
5850,0.01764705963432789,8.985294342041016
5851,-0.0009803922148421407,9.120098114013672
5852,0.010784314014017582,9.151960372924805
5853,0.007843137718737125,9.18137264251709
5854,0.01274509821087122,9.19362735748291
5855,0.0024509804788976908,9.102941513061523
5856,0.0,9.0
5857,-0.0004901961074210703,8.88725471496582
5858,-0.011274510063230991,8.703431129455566
5859,-0.014705882407724857,8.526960372924805
5860,-0.02401960827410221,8.286765098571777
5861,0.0004901961074210703,8.034314155578613
5862,-0.014705882407724857,7.757352828979492
5863,-0.01666666753590107,7.561274528503418
5864,-0.007352941203862429,7.284313678741455
5865,-0.01225490216165781,7.066176414489746
5866,-0.02401960827410221,6.813725471496582
5867,-0.020588235929608345,6.600490093231201
5868,-0.014215686358511448,6.458333492279053
5869,-0.01764705963432789,6.259803771972656
5870,-0.01666666753590107,6.127450942993164
5871,-0.009803921915590763,6.090686321258545
5872,-0.0058823530562222,6.051470756530762
5873,-0.0004901961074210703,6.009803771972656
5874,-0.010784314014017582,6.098039150238037
5875,0.0019607844296842813,6.122549057006836
5876,-0.0049019609577953815,6.274509906768799
5877,0.0009803922148421407,6.419117450714111
5878,0.0058823530562222,6.602941036224365
5879,-0.0004901961074210703,6.867647171020508
5880,0.021568628028035164,7.102941036224365
5881,0.022549020126461983,7.348039150238037
5882,0.019607843831181526,7.627450942993164
5883,0.010294117964804173,7.965686321258545
5884,0.0117647061124444,8.210783958435059
5885,0.014215686358511448,8.45588207244873
5886,0.013235294260084629,8.710783958435059
5887,0.019117647781968117,8.970588684082031
5888,0.015196078456938267,9.161765098571777
5889,0.0009803922148421407,9.323529243469238
5890,0.009803921915590763,9.497549057006836
5891,0.008823529817163944,9.605392456054688
5892,0.01617647148668766,9.622549057006836
5893,0.018137255683541298,9.642156600952148
5894,0.0029411765281111,9.578431129455566
5895,0.0058823530562222,9.522058486938477
5896,0.0,9.384803771972656
5897,-0.008333333767950535,9.196078300476074
5898,-0.0049019609577953815,9.0
5899,-0.0049019609577953815,8.77450942993164
5900,-0.013235294260084629,8.463234901428223
5901,-0.007843137718737125,8.144607543945312
5902,-0.015196078456938267,7.757352828979492
5903,-0.01715686358511448,7.48774528503418
5904,-0.027941176667809486,7.161764621734619
5905,-0.03333333507180214,6.833333492279053
5906,-0.02401960827410221,6.5
5907,-0.0235294122248888,6.188725471496582
5908,-0.020588235929608345,5.901960849761963
5909,-0.026960784569382668,5.656862735748291
5910,-0.027941176667809486,5.409313678741455
5911,-0.014705882407724857,5.279411792755127
5912,-0.02598039247095585,5.120098114013672
5913,-0.01715686358511448,5.063725471496582
5914,-0.020588235929608345,5.041666507720947
5915,-0.0049019609577953815,5.063725471496582
5916,-0.019607843831181526,5.100490093231201
5917,0.0,5.218137264251709
5918,0.0019607844296842813,5.375
5919,0.03480392321944237,5.573529243469238
5920,-0.01225490216165781,5.833333492279053
5921,0.018137255683541298,6.095588207244873
5922,0.0019607844296842813,6.394608020782471
5923,0.008333333767950535,6.61274528503418
5924,0.0117647061124444,6.938725471496582
5925,0.0117647061124444,7.272058963775635
5926,0.022058824077248573,7.602941036224365
5927,0.020098039880394936,7.848039150238037
5928,0.013235294260084629,8.11274528503418
5929,0.01568627543747425,8.325980186462402
5930,0.01617647148668766,8.53186321258545
5931,0.013235294260084629,8.647058486938477
5932,0.01715686358511448,8.757352828979492
5933,0.007352941203862429,8.79411792755127
5934,0.008823529817163944,8.803921699523926
5935,0.01568627543747425,8.715685844421387
5936,0.0004901961074210703,8.629901885986328
5937,0.009803921915590763,8.446078300476074
5938,-0.009313725866377354,8.213234901428223
5939,-0.0029411765281111,7.963235378265381
5940,-0.013725490309298038,7.639705657958984
5941,-0.008823529817163944,7.294117450714111
5942,-0.0235294122248888,6.955882549285889
5943,-0.02450980432331562,6.504901885986328
5944,-0.03186274692416191,6.100490093231201
5945,-0.04068627581000328,5.715686321258545
5946,-0.0470588244497776,5.303921699523926
5947,-0.03333333507180214,4.919117450714111
5948,-0.04411764815449715,4.536764621734619
5949,-0.004411764908581972,4.176470756530762
5950,-0.06911765038967133,3.8872549533843994
5951,-0.028921568766236305,3.600490093231201
5952,-0.026960784569382668,3.4215686321258545
5953,-0.03235294297337532,3.2892158031463623
5954,-0.0029411765281111,3.186274528503418
5955,-0.03186274692416191,3.1470587253570557
5956,-0.01617647148668766,3.1666667461395264
5957,-0.01715686358511448,3.186274528503418
5958,-0.008333333767950535,3.367647171020508
5959,-0.00637254910543561,3.5147058963775635
5960,0.00147058826405555,3.7279412746429443
5961,-0.01666666753590107,4.036764621734619
5962,-0.0416666679084301,4.316176414489746
5963,-0.0117647061124444,4.676470756530762
5964,-0.035784315317869186,5.046568393707275
5965,-0.009313725866377354,5.392157077789307
5966,-0.0004901961074210703,5.803921699523926
5967,0.020098039880394936,6.115196228027344
5968,0.018627451732754707,6.48774528503418
5969,0.026960784569382668,6.799019813537598
5970,0.01225490216165781,7.061274528503418
5971,0.021568628028035164,7.30637264251709
5972,0.01715686358511448,7.490196228027344
5973,0.01617647148668766,7.588235378265381
5974,0.02450980432331562,7.742647171020508
5975,0.008333333767950535,7.742647171020508
5976,-0.007352941203862429,7.666666507720947
5977,0.01274509821087122,7.56862735748291
5978,-0.008333333767950535,7.36274528503418
5979,-0.01568627543747425,7.098039150238037
5980,-0.010784314014017582,6.781862735748291
5981,-0.008333333767950535,6.477941036224365
5982,1.3284313678741455,6.264705657958984
5983,0.6284313797950745,5.80637264251709
5984,0.0681372582912445,5.154411792755127
5985,0.6892156600952148,4.747549057006836
5986,-0.10000000149011612,4.247549057006836
5987,0.23137255012989044,3.7598040103912354
5988,0.06862745434045792,3.2720587253570557
5989,-0.003921568859368563,2.8553922176361084
5990,0.06078431382775307,2.399509906768799
5991,-0.0313725508749485,2.024509906768799
5992,0.03382353112101555,1.7303920984268188
5993,-0.03431372717022896,1.470588207244873
5994,-0.008823529817163944,1.2083333730697632
5995,0.005392157007008791,1.0980392694473267
5996,-0.0019607844296842813,1.0392156839370728
5997,0.0,1.031862735748291
5998,-0.0004901961074210703,1.1323529481887817
5999,-0.0034313725773245096,1.279411792755127
6000,0.0117647061124444,1.4877450466156006
6001,-0.0004901961074210703,1.7965686321258545
6002,0.01568627543747425,2.100490093231201
6003,0.007843137718737125,2.4803922176361084
6004,0.02401960827410221,2.8897058963775635
6005,0.011274510063230991,3.350490093231201
6006,0.02500000037252903,3.776960849761963
6007,0.02450980432331562,4.267157077789307
6008,0.03235294297337532,4.725490093231201
6009,0.026470588520169258,5.117647171020508
6010,0.026470588520169258,5.553921699523926
6011,0.02549019642174244,5.963235378265381
6012,0.02450980432331562,6.301470756530762
6013,0.03480392321944237,6.517157077789307
6014,0.02500000037252903,6.776960849761963
6015,0.021568628028035164,6.921568393707275
6016,0.01568627543747425,6.977941036224365
6017,0.01225490216165781,6.924019813537598
6018,0.008333333767950535,6.803921699523926
6019,0.0029411765281111,6.686274528503418
6020,0.010784314014017582,6.397058963775635
6021,-0.01568627543747425,6.13725471496582
6022,0.003921568859368563,5.723039150238037
6023,-0.03284313902258873,5.247549057006836
6024,-0.013725490309298038,4.781862735748291
6025,-0.028921568766236305,4.274509906768799
6026,-0.03382353112101555,3.691176414489746
6027,-0.045098040252923965,3.149509906768799
6028,-0.036764707416296005,2.5220587253570557
6029,-0.04215686395764351,2.0220587253570557
6030,-0.036274511367082596,1.438725471496582
6031,-0.03431372717022896,0.9313725233078003
6032,-0.03970588371157646,0.4803921580314636
6033,-0.054901961237192154,0.09558823704719543
6034,-0.0416666679084301,-0.31617647409439087
6035,-0.026960784569382668,-0.531862735748291
6036,-0.02549019642174244,-0.7598039507865906
6037,-0.0313725508749485,-0.8259803652763367
6038,-0.021568628028035164,-0.8872548937797546
6039,-0.009803921915590763,-0.8235294222831726
6040,-0.00147058826405555,-0.656862735748291
6041,-0.00147058826405555,-0.42401960492134094
6042,0.00637254910543561,-0.10049019753932953
6043,0.013235294260084629,0.2720588147640228
6044,0.014215686358511448,0.686274528503418
6045,0.0235294122248888,1.1936274766921997
6046,-0.009803921915590763,1.7450979948043823
6047,-0.26813724637031555,2.252450942993164
6048,0.5274509787559509,2.9779412746429443
6049,-0.3284313678741455,3.5
6050,0.2769607901573181,4.034313678741455
6051,-0.03970588371157646,4.585784435272217
6052,0.005392157007008791,5.085784435272217
6053,0.06617647409439087,5.531862735748291
6054,0.05833333358168602,5.950980186462402
6055,-0.0019607844296842813,6.259803771972656
6056,0.053431373089551926,6.490196228027344
6057,-0.011274510063230991,6.620098114013672
6058,0.02401960827410221,6.732842922210693
6059,0.00147058826405555,6.698529243469238
6060,0.0,6.558823585510254
6061,0.0058823530562222,6.352941036224365
6062,-0.018137255683541298,6.046568393707275
6063,-0.01225490216165781,5.610294342041016
6064,-0.020098039880394936,5.159313678741455
6065,-0.023039216175675392,4.617647171020508
6066,-0.044607844203710556,3.992647171020508
6067,-0.029901960864663124,3.409313678741455
6068,-0.036764707416296005,2.7083332538604736
6069,-0.045588236302137375,2.034313678741455
6070,-0.045098040252923965,1.308823585510254
6071,-0.04754902049899101,0.6764705777168274
6072,-0.05539215728640556,0.014705882407724857
6073,-0.09558823704719543,-0.5686274766921997
6074,-0.03333333507180214,-1.1323529481887817
6075,-0.01225490216165781,-1.6078431606292725
6076,-0.02598039247095585,-1.965686321258545
6077,-0.030882352963089943,-2.2965686321258545
6078,-0.020588235929608345,-2.4828431606292725
6079,-0.026960784569382668,-2.5808823108673096
6080,-0.02450980432331562,-2.6102941036224365
6081,-0.020588235929608345,-2.475490093231201
6082,-0.01617647148668766,-2.2990195751190186
6083,-0.01225490216165781,-1.9632352590560913
6084,-0.0029411765281111,-1.595588207244873
6085,0.00637254910543561,-1.1078431606292725
6086,0.010294117964804173,-0.5416666865348816
6087,0.014215686358511448,0.10784313827753067
6088,0.03186274692416191,0.7769607901573181
6089,0.03480392321944237,1.4583333730697632
6090,0.04019607976078987,2.1446077823638916
6091,0.03970588371157646,2.899509906768799
6092,0.045098040252923965,3.6078431606292725
6093,0.05098039284348488,4.279411792755127
6094,0.052941177040338516,4.899509906768799
6095,0.09558823704719543,5.490196228027344
6096,0.08284313976764679,5.970588207244873
6097,0.06421568989753723,6.372549057006836
6098,0.05049019679427147,6.683823585510254
6099,0.036274511367082596,6.892157077789307
6100,0.03431372717022896,6.970588207244873
6101,0.018627451732754707,6.960784435272217
6102,0.013235294260084629,6.867647171020508
6103,0.0004901961074210703,6.590686321258545
6104,-0.008823529817163944,6.264705657958984
6105,-0.009313725866377354,5.781862735748291
6106,-0.01764705963432789,5.230391979217529
6107,-0.026470588520169258,4.595588207244873
6108,-0.03431372717022896,3.8970587253570557
6109,-0.0416666679084301,3.098039150238037
6110,-0.044607844203710556,2.345588207244873
6111,-0.07450980693101883,1.4950979948043823
6112,-0.04068627581000328,0.686274528503418
6113,-0.0730392187833786,-0.15931372344493866
6114,-0.062254901975393295,-0.8970588445663452
6115,-0.06617647409439087,-1.6740195751190186
6116,-0.5926470756530762,-2.340686321258545
6117,-0.5117647051811218,-2.9191176891326904
6118,0.25343137979507446,-3.338235378265381
6119,-0.8578431606292725,-3.850490093231201
6120,0.5514705777168274,-4.004901885986328
6121,-0.5063725709915161,-4.252450942993164
6122,0.23333333432674408,-4.200980186462402
6123,-0.21029411256313324,-4.122549057006836
6124,-0.053431373089551926,-3.9142158031463623
6125,0.04411764815449715,-3.5808823108673096
6126,-0.07696078717708588,-3.093137264251709
6127,0.028431372717022896,-2.497549057006836
6128,0.013725490309298038,-1.8946079015731812
6129,0.04068627581000328,-1.159313678741455
6130,0.008333333767950535,-0.3235294222831726
6131,0.0573529414832592,0.5220588445663452
6132,0.014215686358511448,1.404411792755127
6133,0.11225490272045135,2.2671568393707275
6134,0.04264706000685692,3.1397058963775635
6135,0.06421568989753723,3.970588207244873
6136,0.0681372582912445,4.791666507720947
6137,0.05784313753247261,5.495098114013672
6138,0.06029411777853966,6.151960849761963
6139,0.05784313753247261,6.705882549285889
6140,0.05000000074505806,7.117647171020508
6141,0.036764707416296005,7.460784435272217
6142,0.036764707416296005,7.642157077789307
6143,0.03431372717022896,7.642157077789307
6144,0.015196078456938267,7.580882549285889
6145,0.014215686358511448,7.365196228027344
6146,-0.00147058826405555,6.985294342041016
6147,-0.01274509821087122,6.524509906768799
6148,-0.01225490216165781,5.936274528503418
6149,-0.027450980618596077,5.235294342041016
6150,-0.02598039247095585,4.446078300476074
6151,-0.05245098099112511,3.526960849761963
6152,-0.06666667014360428,2.629901885986328
6153,-0.05980392172932625,1.6740195751190186
6154,-0.07254902273416519,0.6740196347236633
6155,-0.054411765187978745,-0.30882352590560913
6156,-0.06519608199596405,-1.284313678741455
6157,-0.0676470622420311,-2.183823585510254
6158,-0.0779411792755127,-2.9803922176361084
6159,-0.07352941483259201,-3.7647058963775635
6160,-0.06078431382775307,-4.375
6161,-0.04068627581000328,-4.928921699523926
6162,-0.062254901975393295,-5.375
6163,-0.0573529414832592,-5.627450942993164
6164,-0.038235295563936234,-5.713235378265381
6165,-0.03921568766236305,-5.73774528503418
6166,-0.018137255683541298,-5.610294342041016
6167,-0.014215686358511448,-5.289215564727783
6168,-0.0034313725773245096,-4.803921699523926
6169,0.014215686358511448,-4.240196228027344
6170,0.013725490309298038,-3.4803922176361084
6171,0.021568628028035164,-2.7009804248809814
6172,0.036764707416296005,-1.8382352590560913
6173,0.03970588371157646,-0.8333333134651184
6174,0.05000000074505806,0.1666666716337204
6175,0.05539215728640556,1.183823585510254
6176,0.061274509876966476,2.2720587253570557
6177,0.06715686619281769,3.2941176891326904
6178,0.054411765187978745,4.30637264251709
6179,0.06323529779911041,5.247549057006836
6180,0.06372549384832382,6.063725471496582
6181,0.08431372791528702,6.867647171020508
6182,0.01274509821087122,7.441176414489746
6183,0.07549019902944565,7.928921699523926
6184,-0.007352941203862429,8.316176414489746
6185,-0.12156862765550613,8.526960372924805
6186,0.42549020051956177,8.620098114013672
6187,-0.49166667461395264,8.48774528503418
6188,0.40343138575553894,8.200980186462402
6189,-0.24803921580314636,7.796568393707275
6190,0.052941177040338516,7.208333492279053
6191,-0.018627451732754707,6.517157077789307
6192,-0.06372549384832382,5.705882549285889
6193,-0.009803921915590763,4.811274528503418
6194,-0.08431372791528702,3.81862735748291
6195,-0.08284313976764679,2.7401959896087646
6196,-0.04215686395764351,1.6323529481887817
6197,-0.09803921729326248,0.49264705181121826
6198,-0.07156863063573837,-0.6519607901573181
6199,-0.09215686470270157,-1.7867647409439087
6200,-0.0936274528503418,-2.8333332538604736
6201,-0.07990196347236633,-3.8284313678741455
6202,-0.09117647260427475,-4.686274528503418
6203,-0.0833333358168602,-5.424019813537598
6204,-0.07696078717708588,-6.105391979217529
6205,-0.07549019902944565,-6.578431606292725
6206,-0.06568627804517746,-6.926470756530762
6207,-0.05784313753247261,-7.107842922210693
6208,-0.03970588371157646,-7.13725471496582
6209,-0.03480392321944237,-6.977941036224365
6210,-0.021078431978821754,-6.659313678741455
6211,-0.013725490309298038,-6.191176414489746
6212,0.0049019609577953815,-5.531862735748291
6213,0.021078431978821754,-4.747549057006836
6214,0.029411764815449715,-3.843137264251709
6215,0.04313725605607033,-2.8651959896087646
6216,0.04852941259741783,-1.811274528503418
6217,0.04950980469584465,-0.6348039507865906
6218,0.06421568989753723,0.5784313678741455
6219,0.06323529779911041,1.75
6220,0.07205882668495178,2.9264705181121826
6221,0.06911765038967133,4.100490093231201
6222,0.08284313976764679,5.120098114013672
6223,0.07696078717708588,6.132352828979492
6224,0.07009804248809814,7.058823585510254
6225,0.0676470622420311,7.848039150238037
6226,0.06421568989753723,8.458333015441895
6227,0.062254901975393295,8.94362735748291
6228,0.05049019679427147,9.291666984558105
6229,0.03872549161314964,9.490196228027344
6230,0.02549019642174244,9.421568870544434
6231,0.027450980618596077,9.203431129455566
6232,0.007352941203862429,8.852941513061523
6233,-0.01666666753590107,8.338234901428223
6234,-0.01764705963432789,7.620098114013672
6235,-0.028431372717022896,6.789215564727783
6236,-0.045098040252923965,5.843137264251709
6237,-0.05147058889269829,4.776960849761963
6238,-0.053431373089551926,3.651960849761963
6239,-0.06666667014360428,2.4460785388946533
6240,-0.0779411792755127,1.127450942993164
6241,-0.07156863063573837,-0.04901960864663124
6242,-0.10490196198225021,-1.2941176891326904
6243,-0.07058823853731155,-2.5196077823638916
6244,-0.10833333432674408,-3.6151959896087646
6245,-0.08382353186607361,-4.698529243469238
6246,-0.09852941334247589,-5.642157077789307
6247,-0.09313725680112839,-6.448529243469238
6248,-0.08186274766921997,-7.105391979217529
6249,-0.07647059112787247,-7.595588207244873
6250,-0.06421568989753723,-7.992647171020508
6251,-0.04950980469584465,-8.142156600952148
6252,-0.04313725605607033,-8.147058486938477
6253,-0.03235294297337532,-7.901960849761963
6254,-0.010294117964804173,-7.566176414489746
6255,-0.005392157007008791,-7.036764621734619
6256,0.00637254910543561,-6.284313678741455
6257,0.015196078456938267,-5.455882549285889
6258,0.038235295563936234,-4.490196228027344
6259,0.05588235333561897,-3.4142158031463623
6260,0.0519607849419117,-2.2696077823638916
6261,0.06862745434045792,-0.9975489974021912
6262,0.062745101749897,0.281862735748291
6263,0.0784313753247261,1.5441176891326904
6264,0.08480392396450043,2.8284313678741455
6265,0.0833333358168602,4.044117450714111
6266,0.09166666865348816,5.19362735748291
6267,0.08921568840742111,6.286764621734619
6268,0.08676470816135406,7.220588207244873
6269,0.0784313753247261,8.095588684082031
6270,0.08088235557079315,8.801470756530762
6271,0.06617647409439087,9.367647171020508
6272,0.061764705926179886,9.723039627075195
6273,0.038235295563936234,9.89950942993164
6274,0.03872549161314964,9.924019813537598
6275,0.018627451732754707,9.77450942993164
6276,0.010784314014017582,9.460783958435059
6277,-0.0009803922148421407,8.965685844421387
6278,-0.013725490309298038,8.23774528503418
6279,-0.037745099514722824,7.404411792755127
6280,-0.03970588371157646,6.44362735748291
6281,-0.05637254938483238,5.458333492279053
6282,-0.06519608199596405,4.325980186462402
6283,-0.07254902273416519,3.0171568393707275
6284,-0.0784313753247261,1.7598038911819458
6285,-0.08774510025978088,0.5735294222831726
6286,-0.08970588445663452,-0.7745097875595093
6287,-0.10294117778539658,-2.0539214611053467
6288,-0.09656862914562225,-3.2034313678741455
6289,-0.09754902124404907,-4.345588207244873
6290,-0.08725490421056747,-5.345588207244873
6291,-0.09117647260427475,-6.286764621734619
6292,-0.08480392396450043,-7.078431606292725
6293,-0.08431372791528702,-7.61274528503418
6294,-0.054411765187978745,-8.053921699523926
6295,-0.07058823853731155,-8.335783958435059
6296,-0.0416666679084301,-8.490196228027344
6297,-0.03970588371157646,-8.428921699523926
6298,-0.021078431978821754,-8.159314155578613
6299,-0.02549019642174244,-7.720588207244873
6300,-0.0049019609577953815,-7.188725471496582
6301,0.014705882407724857,-6.401960849761963
6302,0.037254903465509415,-5.524509906768799
6303,0.038235295563936234,-4.598039150238037
6304,0.045098040252923965,-3.4901959896087646
6305,0.05637254938483238,-2.308823585510254
6306,0.06029411777853966,-1.1323529481887817
6307,0.08235294371843338,0.14705882966518402
6308,0.07352941483259201,1.377450942993164
6309,0.07401961088180542,2.6078431606292725
6310,0.08284313976764679,3.7990195751190186
6311,0.08284313976764679,4.968137264251709
6312,0.08039215952157974,6.046568393707275
6313,0.0779411792755127,6.960784435272217
6314,0.07107843458652496,7.715686321258545
6315,0.08039215952157974,8.438725471496582
6316,0.05637254938483238,8.98774528503418
6317,0.05539215728640556,9.365196228027344
6318,0.04362745210528374,9.632352828979492
6319,0.037254903465509415,9.642156600952148
6320,0.02500000037252903,9.54411792755127
6321,0.008333333767950535,9.311274528503418
6322,0.008333333767950535,8.894607543945312
6323,-0.0117647061124444,8.279411315917969
6324,-0.018627451732754707,7.536764621734619
6325,-0.037745099514722824,6.723039150238037
6326,-0.052941177040338516,5.745098114013672
6327,-0.05098039284348488,4.69362735748291
6328,-0.06323529779911041,3.620098114013672
6329,-0.07205882668495178,2.438725471496582
6330,-0.07941176742315292,1.2573529481887817
6331,-0.08676470816135406,0.09558823704719543
6332,-0.08284313976764679,-1.0833333730697632
6333,-0.08970588445663452,-2.2303922176361084
6334,-0.08529412001371384,-3.308823585510254
6335,-0.09509804099798203,-4.296568393707275
6336,-0.08627451211214066,-5.198529243469238
6337,-0.07892157137393951,-5.921568393707275
6338,-0.07696078717708588,-6.666666507720947
6339,-0.06960784643888474,-7.151960849761963
6340,-0.06715686619281769,-7.51225471496582
6341,-0.05245098099112511,-7.76225471496582
6342,-0.04313725605607033,-7.811274528503418
6343,-0.03529411926865578,-7.747549057006836
6344,-0.035784315317869186,-7.524509906768799
6345,-0.004411764908581972,-7.159313678741455
6346,-0.014705882407724857,-6.708333492279053
6347,0.01666666753590107,-6.080882549285889
6348,0.0117647061124444,-5.257352828979492
6349,0.03186274692416191,-4.470588207244873
6350,0.03333333507180214,-3.4803922176361084
6351,0.04950980469584465,-2.5147058963775635
6352,0.05098039284348488,-1.4828431606292725
6353,0.05980392172932625,-0.4117647111415863
6354,0.06372549384832382,0.6789215803146362
6355,0.06568627804517746,1.7254902124404907
6356,0.07156863063573837,2.7647058963775635
6357,0.07892157137393951,3.7892158031463623
6358,0.07450980693101883,4.69362735748291
6359,0.06862745434045792,5.602941036224365
6360,0.06323529779911041,6.321078300476074
6361,0.062254901975393295,6.960784435272217
6362,0.05588235333561897,7.563725471496582
6363,0.04950980469584465,8.014705657958984
6364,0.03382353112101555,8.30637264251709
6365,0.03333333507180214,8.492647171020508
6366,0.02549019642174244,8.485294342041016
6367,0.018137255683541298,8.428921699523926
6368,0.0024509804788976908,8.18137264251709
6369,-0.027450980618596077,7.850490093231201
6370,0.02500000037252903,7.365196228027344
6371,-0.019117647781968117,6.794117450714111
6372,-0.020588235929608345,6.107842922210693
6373,-0.02401960827410221,5.375
6374,-0.05588235333561897,4.51225471496582
6375,-0.04019607976078987,3.656862735748291
6376,-0.054411765187978745,2.7107841968536377
6377,-0.06323529779911041,1.7745097875595093
6378,-0.06911765038967133,0.8333333134651184
6379,-0.07352941483259201,-0.13970588147640228
6380,-0.07156863063573837,-1.0441176891326904
6381,-0.07352941483259201,-2.002450942993164
6382,-0.06862745434045792,-2.7965686321258545
6383,-0.07696078717708588,-3.5416667461395264
6384,-0.06617647409439087,-4.316176414489746
6385,-0.07058823853731155,-4.948529243469238
6386,-0.061764705926179886,-5.497549057006836
6387,-0.06568627804517746,-5.911764621734619
6388,-0.04950980469584465,-6.230391979217529
6389,-0.05000000074505806,-6.441176414489746
6390,-0.036764707416296005,-6.590686321258545
6391,-0.030392156913876534,-6.534313678741455
6392,-0.018137255683541298,-6.392157077789307
6393,-0.01666666753590107,-6.151960849761963
6394,-0.009803921915590763,-5.860294342041016
6395,0.007843137718737125,-5.399509906768799
6396,0.011274510063230991,-4.889705657958984
6397,-0.0034313725773245096,-4.274509906768799
6398,0.003921568859368563,-3.6151959896087646
6399,0.03921568766236305,-2.848039150238037
6400,0.022549020126461983,-2.0710785388946533
6401,0.030392156913876534,-1.2916666269302368
6402,0.0519607849419117,-0.3553921580314636
6403,0.03382353112101555,0.406862735748291
6404,0.05098039284348488,1.281862735748291
6405,0.04754902049899101,2.132352828979492
6406,0.052941177040338516,2.938725471496582
6407,0.053921569138765335,3.7647058963775635
6408,0.04852941259741783,4.485294342041016
6409,0.05539215728640556,5.13725471496582
6410,0.045588236302137375,5.759803771972656
6411,0.0519607849419117,6.242647171020508
6412,0.03970588371157646,6.674019813537598
6413,0.03872549161314964,7.058823585510254
6414,0.03186274692416191,7.26225471496582
6415,0.021078431978821754,7.441176414489746
6416,0.01568627543747425,7.460784435272217
6417,0.022058824077248573,7.446078300476074
6418,0.0049019609577953815,7.323529243469238
6419,0.00147058826405555,7.053921699523926
6420,-0.00637254910543561,6.703431606292725
6421,-0.020098039880394936,6.299019813537598
6422,-0.02401960827410221,5.774509906768799
6423,-0.022549020126461983,5.188725471496582
6424,-0.03872549161314964,4.517157077789307
6425,-0.035784315317869186,3.8848040103912354
6426,-0.05049019679427147,3.024509906768799
6427,-0.05833333358168602,2.247549057006836
6428,-0.053921569138765335,1.4436274766921997
6429,-0.0573529414832592,0.5906862616539001
6430,-0.07107843458652496,-0.24754901230335236
6431,-0.0676470622420311,-1.0808823108673096
6432,-0.07549019902944565,-1.9019607305526733
6433,-0.06372549384832382,-2.691176414489746
6434,-0.06323529779911041,-3.4240195751190186
6435,-0.07647059112787247,-4.105391979217529
6436,-0.06078431382775307,-4.674019813537598
6437,-0.0730392187833786,-5.252450942993164
6438,-0.05784313753247261,-5.710784435272217
6439,-0.054901961237192154,-6.066176414489746
6440,-0.04803921654820442,-6.333333492279053
6441,-0.044607844203710556,-6.482842922210693
6442,-0.03921568766236305,-6.526960849761963
6443,-0.028431372717022896,-6.504901885986328
6444,-0.0235294122248888,-6.382352828979492
6445,-0.004411764908581972,-6.105391979217529
6446,-0.005392157007008791,-5.732842922210693
6447,0.00147058826405555,-5.325980186462402
6448,0.015196078456938267,-4.823529243469238
6449,0.013235294260084629,-4.191176414489746
6450,0.021078431978821754,-3.4779412746429443
6451,0.036274511367082596,-2.745098114013672
6452,0.04215686395764351,-1.8872549533843994
6453,0.0416666679084301,-1.0416666269302368
6454,0.05833333358168602,-0.15196079015731812
6455,0.04950980469584465,0.7598039507865906
6456,0.06568627804517746,1.656862735748291
6457,0.15980392694473267,2.6078431606292725
6458,0.052941177040338516,3.5171568393707275
6459,0.1460784375667572,4.367647171020508
6460,0.11323529481887817,5.127450942993164
6461,0.11421568691730499,5.857842922210693
6462,0.10343137383460999,6.558823585510254
6463,0.07647059112787247,7.105391979217529
6464,0.06372549384832382,7.625
6465,0.06078431382775307,7.98774528503418
6466,0.04754902049899101,8.272058486938477
6467,0.035784315317869186,8.436274528503418
6468,0.03480392321944237,8.480392456054688
6469,0.038235295563936234,8.404411315917969
6470,-0.01274509821087122,8.22549057006836
6471,0.04264706000685692,7.906862735748291
6472,-0.02598039247095585,7.524509906768799
6473,-0.013725490309298038,6.968137264251709
6474,-0.009803921915590763,6.365196228027344
6475,-0.8980392217636108,5.578431606292725
6476,1.3098039627075195,4.860294342041016
6477,-0.499019593000412,4.014705657958984
6478,0.3490196168422699,3.0098040103912354
6479,0.05931372568011284,2.1151959896087646
6480,0.021078431978821754,1.0465686321258545
6481,-0.029411764815449715,0.03186274692416191
6482,0.0029411765281111,-0.9656862616539001
6483,-0.11813725531101227,-1.9485293626785278
6484,0.0029411765281111,-2.906862735748291
6485,-0.10098039358854294,-3.8259804248809814
6486,-0.018137255683541298,-4.688725471496582
6487,-0.09460784494876862,-5.453431606292725
6488,-0.04313725605607033,-6.093137264251709
6489,-0.05000000074505806,-6.730391979217529
6490,-0.062745101749897,-7.198529243469238
6491,-0.054901961237192154,-7.566176414489746
6492,-0.04901960864663124,-7.838235378265381
6493,-0.03529411926865578,-7.916666507720947
6494,-0.02500000037252903,-7.916666507720947
6495,-0.02549019642174244,-7.732842922210693
6496,-0.01715686358511448,-7.485294342041016
6497,-0.00637254910543561,-7.078431606292725
6498,0.008333333767950535,-6.563725471496582
6499,0.022058824077248573,-5.921568393707275
6500,0.0235294122248888,-5.215686321258545
6501,0.036764707416296005,-4.401960849761963
6502,0.046078432351350784,-3.44362735748291
6503,0.05098039284348488,-2.536764621734619
6504,0.052941177040338516,-1.4583333730697632
6505,0.09313725680112839,-0.5122548937797546
6506,0.036764707416296005,0.5759803652763367
6507,0.10245098173618317,1.6348038911819458
6508,0.05931372568011284,2.7009804248809814
6509,0.07892157137393951,3.7009804248809814
6510,0.0730392187833786,4.68137264251709
6511,0.07450980693101883,5.571078300476074
6512,0.08137255162000656,6.428921699523926
6513,0.06568627804517746,7.144608020782471
6514,0.061764705926179886,7.754901885986328
6515,0.0730392187833786,8.328431129455566
6516,0.053431373089551926,8.708333015441895
6517,0.05000000074505806,9.04411792755127
6518,0.0416666679084301,9.174019813537598
6519,0.03284313902258873,9.196078300476074
6520,0.015196078456938267,9.171568870544434
6521,0.014705882407724857,8.938725471496582
6522,0.0019607844296842813,8.590685844421387
6523,0.0029411765281111,8.120098114013672
6524,-0.022549020126461983,7.583333492279053
6525,-0.023039216175675392,6.938725471496582
6526,-0.03284313902258873,6.132352828979492
6527,-0.037745099514722824,5.370098114013672
6528,-0.04411764815449715,4.446078300476074
6529,-0.05833333358168602,3.463235378265381
6530,-0.05000000074505806,2.475490093231201
6531,-0.062254901975393295,1.4877450466156006
6532,-0.06323529779911041,0.5098039507865906
6533,-0.07254902273416519,-0.5514705777168274
6534,-0.06617647409439087,-1.5171568393707275
6535,-0.07500000298023224,-2.470588207244873
6536,-0.06911765038967133,-3.3627450466156006
6537,-0.07647059112787247,-4.169117450714111
6538,-0.07401961088180542,-4.977941036224365
6539,-0.07009804248809814,-5.63725471496582
6540,-0.09264706075191498,-6.220588207244873
6541,-0.5504902005195618,-6.735294342041016
6542,-0.2823529541492462,-7.127450942993164
6543,0.06519608199596405,-7.406862735748291
6544,-0.34607842564582825,-7.553921699523926
6545,0.11323529481887817,-7.549019813537598
6546,-0.1818627417087555,-7.490196228027344
6547,-0.06862745434045792,-7.303921699523926
6548,0.023039216175675392,-7.031862735748291
6549,-0.07107843458652496,-6.598039150238037
6550,0.0058823530562222,-6.13725471496582
6551,-0.003921568859368563,-5.600490093231201
6552,0.01568627543747425,-4.926470756530762
6553,0.03284313902258873,-4.252450942993164
6554,0.019117647781968117,-3.465686321258545
6555,0.046078432351350784,-2.590686321258545
6556,0.061764705926179886,-1.8014706373214722
6557,0.03480392321944237,-0.8774510025978088
6558,0.06421568989753723,-0.03186274692416191
6559,0.053431373089551926,0.8602941036224365
6560,0.061764705926179886,1.7009804248809814
6561,0.06372549384832382,2.5808823108673096
6562,0.06911765038967133,3.370098114013672
6563,0.05098039284348488,4.208333492279053
6564,0.04950980469584465,4.88725471496582
6565,0.06911765038967133,5.536764621734619
6566,0.038235295563936234,6.147058963775635
6567,0.03480392321944237,6.639705657958984
6568,0.029411764815449715,7.107842922210693
6569,0.02598039247095585,7.438725471496582
6570,0.02549019642174244,7.669117450714111
6571,0.019117647781968117,7.86274528503418
6572,0.01274509821087122,7.938725471496582
6573,0.015196078456938267,7.901960849761963
6574,0.00147058826405555,7.80637264251709
6575,0.0009803922148421407,7.620098114013672
6576,-0.005392157007008791,7.360294342041016
6577,-0.008823529817163944,7.017157077789307
6578,-0.026960784569382668,6.585784435272217
6579,-0.03382353112101555,6.046568393707275
6580,-0.030392156913876534,5.504901885986328
6581,-0.037254903465509415,4.936274528503418
6582,-0.04362745210528374,4.289215564727783
6583,-0.05245098099112511,3.534313678741455
6584,-0.0519607849419117,2.8308823108673096
6585,-0.054901961237192154,2.122549057006836
6586,-0.0730392187833786,1.3235293626785278
6587,-0.05931372568011284,0.5490196347236633
6588,-0.05588235333561897,-0.2083333283662796
6589,-0.07450980693101883,-0.9901960492134094
6590,-0.061274509876966476,-1.718137264251709
6591,-0.05931372568011284,-2.411764621734619
6592,-0.13872548937797546,-3.066176414489746
6593,-0.06421568989753723,-3.779411792755127
6594,-0.09558823704719543,-4.325980186462402
6595,-0.03382353112101555,-4.872549057006836
6596,-0.0681372582912445,-5.335784435272217
6597,-0.054901961237192154,-5.747549057006836
6598,-0.04852941259741783,-6.088235378265381
6599,-0.03921568766236305,-6.365196228027344
6600,-0.04019607976078987,-6.546568393707275
6601,-0.03186274692416191,-6.639705657958984
6602,-0.030882352963089943,-6.642157077789307
6603,-0.01617647148668766,-6.580882549285889
6604,0.0009803922148421407,-6.468137264251709
6605,-0.02450980432331562,-6.25
6606,0.015196078456938267,-5.919117450714111
6607,-0.009803921915590763,-5.477941036224365
6608,0.027450980618596077,-5.026960849761963
6609,0.12205882370471954,-4.48774528503418
6610,-1.1936274766921997,-4.031862735748291
6611,0.3441176414489746,-3.308823585510254
6612,-0.499019593000412,-2.5808823108673096
6613,-0.2764706015586853,-1.9313725233078003
6614,0.1715686321258545,-1.034313678741455
6615,-0.20637254416942596,-0.2965686321258545
6616,0.1460784375667572,0.5759803652763367
6617,-0.07352941483259201,1.3897058963775635
6618,0.014215686358511448,2.2279412746429443
6619,0.11127451062202454,3.034313678741455
6620,-0.036274511367082596,3.7892158031463623
6621,0.0887254923582077,4.575980186462402
6622,0.0416666679084301,5.291666507720947
6623,0.0730392187833786,5.950980186462402
6624,0.030882352963089943,6.595588207244873
6625,0.06617647409439087,7.120098114013672
6626,0.08137255162000656,7.600490093231201
6627,0.0573529414832592,7.977941036224365
6628,0.036274511367082596,8.230392456054688
6629,0.05686274543404579,8.492647171020508
6630,0.019117647781968117,8.61274528503418
6631,0.026960784569382668,8.607843399047852
6632,0.020588235929608345,8.502450942993164
6633,0.020098039880394936,8.34313678741455
6634,0.0,8.029411315917969
6635,-0.004411764908581972,7.666666507720947
6636,-0.0029411765281111,7.196078300476074
6637,-0.02450980432331562,6.602941036224365
6638,-0.022549020126461983,6.026960849761963
6639,-0.03284313902258873,5.303921699523926
6640,-0.04264706000685692,4.517157077789307
6641,-0.05098039284348488,3.713235378265381
6642,-0.05686274543404579,2.813725471496582
6643,-0.062254901975393295,1.9509804248809814
6644,-0.0519607849419117,1.0392156839370728
6645,-0.062745101749897,0.07107843458652496
6646,-0.06666667014360428,-0.8627451062202454
6647,-0.05882352963089943,-1.781862735748291
6648,-0.07598039507865906,-2.6421568393707275
6649,-0.07500000298023224,-3.5098040103912354
6650,-0.05784313753247261,-4.276960849761963
6651,-0.07058823853731155,-5.073529243469238
6652,-0.07205882668495178,-5.76225471496582
6653,-0.1044117659330368,-6.343137264251709
6654,-0.03333333507180214,-6.811274528503418
6655,-0.0681372582912445,-7.274509906768799
6656,-0.05882352963089943,-7.590686321258545
6657,-0.03529411926865578,-7.808823585510254
6658,-0.045588236302137375,-7.948529243469238
6659,-0.029411764815449715,-7.953431606292725
6660,-0.02500000037252903,-7.80637264251709
6661,-0.020588235929608345,-7.642157077789307
6662,-0.006862745154649019,-7.350490093231201
6663,-0.009313725866377354,-6.953431606292725
6664,-0.0049019609577953815,-6.436274528503418
6665,0.020098039880394936,-5.889705657958984
6666,0.021078431978821754,-5.242647171020508
6667,0.037254903465509415,-4.517157077789307
6668,0.021568628028035164,-3.7352941036224365
6669,0.04215686395764351,-2.8946077823638916
6670,0.0470588244497776,-2.0147058963775635
6671,0.05147058889269829,-1.093137264251709
6672,0.05882352963089943,-0.19362744688987732
6673,0.054901961237192154,0.6519607901573181
6674,0.05882352963089943,1.6151961088180542
6675,0.045098040252923965,2.5098040103912354
6676,0.09215686470270157,3.3627450466156006
6677,0.030882352963089943,4.154411792755127
6678,0.09166666865348816,5.022058963775635
6679,0.036764707416296005,5.691176414489746
6680,0.0676470622420311,6.343137264251709
6681,0.04852941259741783,6.916666507720947
6682,0.0573529414832592,7.419117450714111
6683,0.03235294297337532,7.828431606292725
6684,0.0416666679084301,8.14950942993164
6685,0.019117647781968117,8.367647171020508
6686,0.2029411792755127,8.504901885986328
6687,0.47647058963775635,8.607843399047852
6688,-0.41862744092941284,8.504901885986328
6689,0.5975490212440491,8.426470756530762
6690,-0.2539215683937073,8.183823585510254
6691,0.21617646515369415,7.936274528503418
6692,-0.046078432351350784,7.526960849761963
6693,-0.019117647781968117,7.088235378265381
6694,0.045098040252923965,6.588235378265381
6695,-0.05833333358168602,6.044117450714111
6696,-0.03235294297337532,5.397058963775635
6697,-0.010294117964804173,4.752450942993164
6698,-0.05980392172932625,4.051470756530762
6699,-0.02549019642174244,3.2916667461395264
6700,-0.06715686619281769,2.558823585510254
6701,-0.05637254938483238,1.843137264251709
6702,-0.04754902049899101,1.034313678741455
6703,-0.05980392172932625,0.281862735748291
6704,-0.05098039284348488,-0.4901960790157318
6705,-0.06617647409439087,-1.186274528503418
6706,-0.05686274543404579,-1.877450942993164
6707,-0.06568627804517746,-2.5833332538604736
6708,-0.061764705926179886,-3.2058823108673096
6709,-0.06568627804517746,-3.8014705181121826
6710,-0.05833333358168602,-4.375
6711,-0.06568627804517746,-4.916666507720947
6712,-0.06519608199596405,-5.325980186462402
6713,-0.05147058889269829,-5.73774528503418
6714,-0.04901960864663124,-6.004901885986328
6715,-0.03872549161314964,-6.267157077789307
6716,-0.037254903465509415,-6.5
6717,-0.03333333507180214,-6.620098114013672
6718,-0.029901960864663124,-6.656862735748291
6719,-0.02598039247095585,-6.68137264251709
6720,-0.019117647781968117,-6.598039150238037
6721,-0.018137255683541298,-6.426470756530762
6722,-0.0019607844296842813,-6.223039150238037
6723,-0.0019607844296842813,-5.924019813537598
6724,0.005392157007008791,-5.622549057006836
6725,0.0,-5.215686321258545
6726,0.018137255683541298,-4.828431606292725
6727,0.01274509821087122,-4.321078300476074
6728,0.027941176667809486,-3.8014705181121826
6729,0.021078431978821754,-3.18137264251709
6730,0.035784315317869186,-2.5857841968536377
6731,0.04901960864663124,-1.875
6732,0.020588235929608345,-1.2377450466156006
6733,0.0470588244497776,-0.5710784196853638
6734,0.045098040252923965,0.18627451360225677
6735,0.05931372568011284,0.906862735748291
6736,0.04901960864663124,1.5784313678741455
6737,0.054901961237192154,2.3627450466156006
6738,0.053921569138765335,3.088235378265381
6739,0.045098040252923965,3.779411792755127
6740,0.04019607976078987,4.411764621734619
6741,0.05245098099112511,5.098039150238037
6742,0.04215686395764351,5.651960849761963
6743,0.04362745210528374,6.242647171020508
6744,0.04117647185921669,6.720588207244873
6745,0.053921569138765335,7.198529243469238
6746,0.038235295563936234,7.536764621734619
6747,0.036274511367082596,7.901960849761963
6748,0.03284313902258873,8.19362735748291
6749,0.028921568766236305,8.370098114013672
6750,0.022549020126461983,8.480392456054688
6751,0.014705882407724857,8.48774528503418
6752,0.006862745154649019,8.421568870544434
6753,0.015196078456938267,8.28186321258545
6754,-0.0009803922148421407,8.083333015441895
6755,-0.007352941203862429,7.772058963775635
6756,-0.018627451732754707,7.372549057006836
6757,-0.03480392321944237,6.953431606292725
6758,-0.029901960864663124,6.419117450714111
6759,-0.027941176667809486,5.830882549285889
6760,-0.03382353112101555,5.178921699523926
6761,-0.03921568766236305,4.48774528503418
6762,-0.04117647185921669,3.723039150238037
6763,-0.05245098099112511,2.9583332538604736
6764,-0.05588235333561897,2.1446077823638916
6765,-0.06715686619281769,1.3210784196853638
6766,-0.06470588594675064,0.4485294222831726
6767,-0.06519608199596405,-0.39950981736183167
6768,-0.061764705926179886,-1.2671568393707275
6769,-0.062745101749897,-2.095588207244873
6770,-0.06519608199596405,-2.9191176891326904
6771,-0.06960784643888474,-3.651960849761963
6772,-0.06568627804517746,-4.428921699523926
6773,-0.07156863063573837,-5.05637264251709
6774,-0.062254901975393295,-5.676470756530762
6775,-0.06568627804517746,-6.245098114013672
6776,-0.06078431382775307,-6.76225471496582
6777,-0.05882352963089943,-7.107842922210693
6778,-0.04852941259741783,-7.470588207244873
6779,-0.038235295563936234,-7.742647171020508
6780,-0.04264706000685692,-7.860294342041016
6781,-0.03529411926865578,-7.877450942993164
6782,-0.044607844203710556,-7.882352828979492
6783,0.0024509804788976908,-7.75
6784,-0.020098039880394936,-7.51225471496582
6785,0.005392157007008791,-7.26225471496582
6786,-0.009313725866377354,-6.901960849761963
6787,0.0024509804788976908,-6.411764621734619
6788,0.01274509821087122,-5.955882549285889
6789,0.018627451732754707,-5.375
6790,0.021078431978821754,-4.742647171020508
6791,0.029901960864663124,-4.080882549285889
6792,0.046078432351350784,-3.382352828979492
6793,0.044607844203710556,-2.5735294818878174
6794,0.044607844203710556,-1.8235293626785278
6795,0.053921569138765335,-1.066176414489746
6796,0.05686274543404579,-0.1985294073820114
6797,0.0519607849419117,0.6127451062202454
6798,0.04754902049899101,1.3995097875595093
6799,0.054411765187978745,2.191176414489746
6800,0.0573529414832592,2.9264705181121826
6801,0.05686274543404579,3.6691176891326904
6802,0.06372549384832382,4.325980186462402
6803,0.05049019679427147,4.970588207244873
6804,0.04901960864663124,5.546568393707275
6805,0.054411765187978745,6.105391979217529
6806,0.0416666679084301,6.56862735748291
6807,0.04754902049899101,7.004901885986328
6808,0.03872549161314964,7.350490093231201
6809,0.035784315317869186,7.654411792755127
6810,0.037254903465509415,7.860294342041016
6811,0.022549020126461983,8.017156600952148
6812,0.021568628028035164,8.107843399047852
6813,0.015196078456938267,8.132352828979492
6814,0.010784314014017582,8.053921699523926
6815,0.010294117964804173,8.039216041564941
6816,-0.008823529817163944,7.821078300476074
6817,-0.0029411765281111,7.615196228027344
6818,-0.01666666753590107,7.355391979217529
6819,-0.007352941203862429,7.002450942993164
6820,-0.01274509821087122,6.615196228027344
6821,-0.02401960827410221,6.210784435272217
6822,-0.0313725508749485,5.710784435272217
6823,-0.04117647185921669,5.276960849761963
6824,-0.038235295563936234,4.698529243469238
6825,-0.04803921654820442,4.186274528503418
6826,-0.036274511367082596,3.561274528503418
6827,-0.04019607976078987,2.975490093231201
6828,-0.03872549161314964,2.313725471496582
6829,-0.045588236302137375,1.6764706373214722
6830,-0.06029411777853966,1.0686274766921997
6831,-0.061274509876966476,0.42892158031463623
6832,-0.052941177040338516,-0.19362744688987732
6833,-0.06519608199596405,-0.8700980544090271
6834,-0.046568628400564194,-1.5073529481887817
6835,-0.053921569138765335,-2.0857841968536377
6836,-0.046078432351350784,-2.7279412746429443
6837,-0.05931372568011284,-3.284313678741455
6838,-0.038235295563936234,-3.8627450466156006
6839,-0.05784313753247261,-4.355391979217529
6840,-0.04803921654820442,-4.852941036224365
6841,-0.05686274543404579,-5.276960849761963
6842,-0.037254903465509415,-5.705882549285889
6843,-0.044607844203710556,-6.061274528503418
6844,-0.044607844203710556,-6.367647171020508
6845,-0.03284313902258873,-6.620098114013672
6846,-0.04313725605607033,-6.825980186462402
6847,-0.03382353112101555,-7.009803771972656
6848,-0.028921568766236305,-7.031862735748291
6849,-0.019117647781968117,-7.06862735748291
6850,-0.020588235929608345,-7.063725471496582
6851,-0.01274509821087122,-6.990196228027344
6852,-0.006862745154649019,-6.789215564727783
6853,-0.0034313725773245096,-6.590686321258545
6854,-0.0034313725773245096,-6.279411792755127
6855,0.010784314014017582,-5.909313678741455
6856,0.00147058826405555,-5.48774528503418
6857,0.021568628028035164,-5.085784435272217
6858,0.014705882407724857,-4.553921699523926
6859,0.029411764815449715,-3.9558823108673096
6860,0.030882352963089943,-3.372549057006836
6861,0.037254903465509415,-2.683823585510254
6862,0.0416666679084301,-2.036764621734619
6863,0.03529411926865578,-1.252450942993164
6864,0.045098040252923965,-0.5122548937797546
6865,0.05245098099112511,0.21568627655506134
6866,0.04950980469584465,1.0490195751190186
6867,0.05147058889269829,1.784313678741455
6868,0.04852941259741783,2.5196077823638916
6869,0.0470588244497776,3.316176414489746
6870,0.04215686395764351,4.06862735748291
6871,0.04264706000685692,4.752450942993164
6872,0.04901960864663124,5.416666507720947
6873,0.05049019679427147,6.102941036224365
6874,0.04313725605607033,6.691176414489746
6875,0.029901960864663124,7.196078300476074
6876,0.00147058826405555,7.629901885986328
6877,0.04852941259741783,8.05637264251709
6878,0.02598039247095585,8.38725471496582
6879,0.02450980432331562,8.642156600952148
6880,0.0235294122248888,8.81862735748291
6881,0.007352941203862429,8.941176414489746
6882,0.014705882407724857,8.98774528503418
6883,0.009313725866377354,8.953431129455566
6884,0.0024509804788976908,8.83088207244873
6885,-0.005392157007008791,8.661765098571777
6886,-0.003921568859368563,8.348039627075195
6887,-0.01274509821087122,8.058823585510254
6888,-0.026470588520169258,7.629901885986328
6889,0.00147058826405555,7.215686321258545
6890,-0.04362745210528374,6.698529243469238
6891,-0.01274509821087122,6.125
6892,-0.0519607849419117,5.546568393707275
6893,-0.035784315317869186,4.884803771972656
6894,-0.037254903465509415,4.198529243469238
6895,-0.05098039284348488,3.5490195751190186
6896,-0.05637254938483238,2.843137264251709
6897,-0.04950980469584465,2.1151959896087646
6898,-0.052941177040338516,1.3602941036224365
6899,-0.05784313753247261,0.6593137383460999
6900,-0.06617647409439087,-0.04901960864663124
6901,-0.05686274543404579,-0.7696078419685364
6902,-0.04852941259741783,-1.441176414489746
6903,-0.05637254938483238,-2.127450942993164
6904,-0.018137255683541298,-2.686274528503418
6905,-0.07500000298023224,-3.3529412746429443
6906,-0.030392156913876534,-3.8970587253570557
6907,-0.04215686395764351,-4.379901885986328
6908,-0.053921569138765335,-4.828431606292725
6909,-0.04313725605607033,-5.267157077789307
6910,-0.046078432351350784,-5.647058963775635
6911,-0.046568628400564194,-5.985294342041016
6912,-0.03186274692416191,-6.230391979217529
6913,-0.035784315317869186,-6.43137264251709
6914,-0.027941176667809486,-6.610294342041016
6915,-0.038235295563936234,-6.772058963775635
6916,-0.019607843831181526,-6.823529243469238
6917,-0.023039216175675392,-6.828431606292725
6918,-0.01617647148668766,-6.784313678741455
6919,-0.01617647148668766,-6.740196228027344
6920,-0.01764705963432789,-6.649509906768799
6921,-0.0004901961074210703,-6.470588207244873
6922,0.0004901961074210703,-6.240196228027344
6923,-0.0004901961074210703,-5.982842922210693
6924,-0.0034313725773245096,-5.656862735748291
6925,0.0049019609577953815,-5.377450942993164
6926,-0.014705882407724857,-5.034313678741455
6927,0.013725490309298038,-4.642157077789307
6928,0.01568627543747425,-4.196078300476074
6929,0.023039216175675392,-3.7303922176361084
6930,0.022549020126461983,-3.2622549533843994
6931,0.021568628028035164,-2.7328431606292725
6932,0.02598039247095585,-2.1740195751190186
6933,0.029411764815449715,-1.6470588445663452
6934,0.036274511367082596,-1.0392156839370728
6935,0.03970588371157646,-0.5
6936,0.03431372717022896,0.125
6937,0.03970588371157646,0.6838235259056091
6938,0.038235295563936234,1.340686321258545
6939,0.04852941259741783,1.9730392694473267
6940,0.04264706000685692,2.5784313678741455
6941,0.036764707416296005,3.1691176891326904
6942,0.04313725605607033,3.7671568393707275
6943,0.044607844203710556,4.379901885986328
6944,0.027941176667809486,4.916666507720947
6945,0.06519608199596405,5.490196228027344
6946,0.022058824077248573,5.98774528503418
6947,0.061764705926179886,6.51225471496582
6948,0.029901960864663124,6.901960849761963
6949,0.03333333507180214,7.343137264251709
6950,0.03186274692416191,7.686274528503418
6951,0.06568627804517746,8.083333015441895
6952,0.0313725508749485,8.23774528503418
6953,0.10784313827753067,8.45588207244873
6954,0.0779411792755127,8.634803771972656
6955,0.05882352963089943,8.686274528503418
6956,0.04803921654820442,8.715685844421387
6957,0.03382353112101555,8.70588207244873
6958,0.0117647061124444,8.56862735748291
6959,0.01715686358511448,8.426470756530762
6960,0.0034313725773245096,8.198529243469238
6961,-0.007352941203862429,7.911764621734619
6962,-0.0009803922148421407,7.585784435272217
6963,-0.026470588520169258,7.127450942993164
6964,0.0019607844296842813,6.669117450714111
6965,-0.0519607849419117,6.169117450714111
6966,-0.023039216175675392,5.610294342041016
6967,-0.03921568766236305,4.955882549285889
6968,0.01225490216165781,4.377450942993164
6969,1.7838234901428223,3.811274528503418
6970,-0.7656862735748291,2.973039150238037
6971,0.8465686440467834,2.279411792755127
6972,-0.1147058829665184,1.622549057006836
6973,0.061764705926179886,0.8186274766921997
6974,0.05049019679427147,0.13725490868091583
6975,0.04950980469584465,-0.5882353186607361
6976,-0.07156863063573837,-1.3333333730697632
6977,0.02598039247095585,-2.004901885986328
6978,-0.07598039507865906,-2.69362735748291
6979,0.028921568766236305,-3.338235378265381
6980,-0.07598039507865906,-3.9215686321258545
6981,-0.019117647781968117,-4.453431606292725
6982,-0.037254903465509415,-5.007352828979492
6983,-0.04215686395764351,-5.504901885986328
6984,-0.03284313902258873,-5.875
6985,-0.03872549161314964,-6.26225471496582
6986,-0.03529411926865578,-6.588235378265381
6987,-0.03186274692416191,-6.825980186462402
6988,-0.029901960864663124,-7.066176414489746
6989,-0.01764705963432789,-7.198529243469238
6990,-0.01715686358511448,-7.284313678741455
6991,-0.018137255683541298,-7.316176414489746
6992,-0.020098039880394936,-7.284313678741455
6993,-0.011274510063230991,-7.23774528503418
6994,-0.0024509804788976908,-7.110294342041016
6995,0.0004901961074210703,-6.946078300476074
6996,-0.03235294297337532,-6.76225471496582
6997,0.03431372717022896,-6.495098114013672
6998,-0.02401960827410221,-6.176470756530762
6999,0.028921568766236305,-5.848039150238037
7000,0.01225490216165781,-5.519608020782471
7001,0.02450980432331562,-5.174019813537598
7002,0.02450980432331562,-4.720588207244873
7003,0.027450980618596077,-4.269608020782471
7004,0.019117647781968117,-3.81862735748291
7005,0.029901960864663124,-3.3210785388946533
7006,0.028921568766236305,-2.843137264251709
7007,0.04117647185921669,-2.3333332538604736
7008,0.036764707416296005,-1.8897058963775635
7009,0.03284313902258873,-1.3308823108673096
7010,0.0416666679084301,-0.7843137383460999
7011,0.037254903465509415,-0.25
7012,0.045098040252923965,0.29901960492134094
7013,0.03480392321944237,0.8333333134651184
7014,0.03431372717022896,1.3946079015731812
7015,0.0470588244497776,1.8970588445663452
7016,0.037745099514722824,2.4803922176361084
7017,0.045098040252923965,2.9803922176361084
7018,0.0416666679084301,3.470588207244873
7019,0.0416666679084301,3.9534313678741455
7020,0.04019607976078987,4.468137264251709
7021,0.04362745210528374,4.946078300476074
7022,0.03970588371157646,5.397058963775635
7023,0.035784315317869186,5.852941036224365
7024,0.036764707416296005,6.191176414489746
7025,0.03431372717022896,6.595588207244873
7026,0.027450980618596077,7.024509906768799
7027,0.028921568766236305,7.291666507720947
7028,0.026470588520169258,7.622549057006836
7029,0.03186274692416191,7.835784435272217
7030,0.02500000037252903,8.08088207244873
7031,0.019117647781968117,8.254901885986328
7032,0.01764705963432789,8.375
7033,0.018627451732754707,8.426470756530762
7034,0.01225490216165781,8.526960372924805
7035,0.01225490216165781,8.458333015441895
7036,0.011274510063230991,8.394607543945312
7037,0.011274510063230991,8.289216041564941
7038,0.0004901961074210703,8.18137264251709
7039,-0.0029411765281111,7.938725471496582
7040,-0.0019607844296842813,7.639705657958984
7041,-0.01274509821087122,7.245098114013672
7042,-0.01666666753590107,6.93137264251709
7043,-0.026960784569382668,6.492647171020508
7044,-0.023039216175675392,6.019608020782471
7045,-0.026470588520169258,5.519608020782471
7046,-0.0313725508749485,4.953431606292725
7047,-0.036274511367082596,4.406862735748291
7048,-0.02500000037252903,3.7696077823638916
7049,-0.05833333358168602,3.122549057006836
7050,-0.029411764815449715,2.4803922176361084
7051,-0.04950980469584465,1.7941176891326904
7052,0.18137255311012268,1.159313678741455
7053,0.027941176667809486,0.4436274468898773
7054,-0.36127451062202454,-0.24754901230335236
7055,0.3171568512916565,-0.8799019455909729
7056,-0.25784313678741455,-1.5808823108673096
7057,0.08431372791528702,-2.186274528503418
7058,-0.05147058889269829,-2.8210785388946533
7059,-0.0882352963089943,-3.473039150238037
7060,0.021078431978821754,-4.031862735748291
7061,-0.06617647409439087,-4.534313678741455
7062,-0.038235295563936234,-5.036764621734619
7063,-0.03284313902258873,-5.468137264251709
7064,-0.03970588371157646,-5.857842922210693
7065,-0.02450980432331562,-6.23774528503418
7066,-0.04215686395764351,-6.549019813537598
7067,-0.037254903465509415,-6.718137264251709
7068,-0.04362745210528374,-6.982842922210693
7069,-0.02401960827410221,-7.120098114013672
7070,-0.026960784569382668,-7.232842922210693
7071,-0.02549019642174244,-7.313725471496582
7072,-0.030882352963089943,-7.284313678741455
7073,-0.02500000037252903,-7.303921699523926
7074,-0.01225490216165781,-7.19362735748291
7075,-0.020588235929608345,-7.066176414489746
7076,-0.007352941203862429,-6.953431606292725
7077,0.0,-6.730391979217529
7078,-0.0029411765281111,-6.539215564727783
7079,0.0024509804788976908,-6.25
7080,-0.0019607844296842813,-5.941176414489746
7081,0.0004901961074210703,-5.669117450714111
7082,0.0058823530562222,-5.308823585510254
7083,-0.00147058826405555,-4.968137264251709
7084,0.020098039880394936,-4.56862735748291
7085,0.013235294260084629,-4.161764621734619
7086,-0.03382353112101555,-3.781862735748291
7087,0.027450980618596077,-3.3578431606292725
7088,0.004411764908581972,-2.909313678741455
7089,0.0470588244497776,-2.465686321258545
7090,0.03284313902258873,-2.036764621734619
7091,0.022058824077248573,-1.5710784196853638
7092,0.02500000037252903,-1.0735293626785278
7093,0.04803921654820442,-0.6029411554336548
7094,0.038235295563936234,-0.09558823704719543
7095,0.037745099514722824,0.3529411852359772
7096,0.03921568766236305,0.8946078419685364
7097,0.04754902049899101,1.3946079015731812
7098,0.01225490216165781,1.8308823108673096
7099,0.062254901975393295,2.3308823108673096
7100,0.01764705963432789,2.8235294818878174
7101,0.04852941259741783,3.2916667461395264
7102,0.03529411926865578,3.8284313678741455
7103,-0.7544117569923401,4.254901885986328
7104,0.7573529481887817,4.776960849761963
7105,-0.4725490212440491,5.254901885986328
7106,0.2504901885986328,5.61274528503418
7107,0.17499999701976776,6.174019813537598
7108,-0.08480392396450043,6.468137264251709
7109,0.16862745583057404,6.911764621734619
7110,-0.07401961088180542,7.215686321258545
7111,0.01617647148668766,7.524509906768799
7112,0.04362745210528374,7.833333492279053
7113,-0.03970588371157646,8.110294342041016
7114,0.07647059112787247,8.382352828979492
7115,-0.013235294260084629,8.5
7116,0.029411764815449715,8.625
7117,0.009803921915590763,8.723039627075195
7118,0.014705882407724857,8.813725471496582
7119,0.009803921915590763,8.79411792755127
7120,0.007843137718737125,8.723039627075195
7121,0.00147058826405555,8.627450942993164
7122,0.00637254910543561,8.450980186462402
7123,-0.009313725866377354,8.22549057006836
7124,-0.004411764908581972,7.997549057006836
7125,-0.0024509804788976908,7.740196228027344
7126,-0.019117647781968117,7.340686321258545
7127,-0.03235294297337532,6.970588207244873
7128,-0.020588235929608345,6.519608020782471
7129,-0.0313725508749485,6.041666507720947
7130,-0.03480392321944237,5.563725471496582
7131,-0.037745099514722824,5.031862735748291
7132,-0.03284313902258873,4.470588207244873
7133,-0.03431372717022896,3.9289214611053467
7134,-0.04411764815449715,3.313725471496582
7135,-0.044607844203710556,2.6960785388946533
7136,-0.05245098099112511,2.095588207244873
7137,-0.04950980469584465,1.4779411554336548
7138,-0.05637254938483238,0.8651960492134094
7139,-0.054411765187978745,0.2549019753932953
7140,-0.11274509876966476,-0.3553921580314636
7141,-0.020098039880394936,-0.936274528503418
7142,-0.0730392187833786,-1.5147058963775635
7143,-0.035784315317869186,-2.0220587253570557
7144,-0.05784313753247261,-2.5490195751190186
7145,-0.04950980469584465,-3.0171568393707275
7146,-0.03431372717022896,-3.5220587253570557
7147,-0.04754902049899101,-3.9803922176361084
7148,-0.054411765187978745,-4.333333492279053
7149,-0.037745099514722824,-4.745098114013672
7150,-0.04215686395764351,-5.044117450714111
7151,-0.03186274692416191,-5.389705657958984
7152,-0.03382353112101555,-5.735294342041016
7153,-0.028431372717022896,-5.911764621734619
7154,-0.02401960827410221,-6.127450942993164
7155,-0.03431372717022896,-6.303921699523926
7156,-0.030882352963089943,-6.438725471496582
7157,-0.028431372717022896,-6.553921699523926
7158,-0.018137255683541298,-6.686274528503418
7159,-0.020588235929608345,-6.745098114013672
7160,-0.020098039880394936,-6.80637264251709
7161,-0.027941176667809486,-6.767157077789307
7162,0.0117647061124444,-6.774509906768799
7163,-0.054901961237192154,-6.740196228027344
7164,0.014705882407724857,-6.688725471496582
7165,-0.020098039880394936,-6.602941036224365
7166,0.0029411765281111,-6.504901885986328
7167,-0.00147058826405555,-6.416666507720947
7168,0.0004901961074210703,-6.257352828979492
7169,0.003921568859368563,-6.115196228027344
7170,0.007843137718737125,-5.919117450714111
7171,-0.00147058826405555,-5.740196228027344
7172,0.005392157007008791,-5.495098114013672
7173,-0.0117647061124444,-5.254901885986328
7174,-0.3235294222831726,-5.022058963775635
7175,-0.1818627417087555,-4.683823585510254
7176,0.125490203499794,-4.30637264251709
7177,-0.3338235318660736,-4.041666507720947
7178,0.22107842564582825,-3.654411792755127
7179,-0.23725490272045135,-3.286764621734619
7180,0.05980392172932625,-2.882352828979492
7181,0.020588235929608345,-2.340686321258545
7182,-0.04215686395764351,-1.938725471496582
7183,0.05098039284348488,-1.4436274766921997
7184,-0.022549020126461983,-0.8823529481887817
7185,0.04019607976078987,-0.36764705181121826
7186,0.026470588520169258,0.15441176295280457
7187,0.015196078456938267,0.6911764740943909
7188,0.03333333507180214,1.2303920984268188
7189,0.03382353112101555,1.8259804248809814
7190,0.023039216175675392,2.3627450466156006
7191,0.044607844203710556,2.9460785388946533
7192,0.027941176667809486,3.5220587253570557
7193,0.03970588371157646,4.036764621734619
7194,0.027450980618596077,4.602941036224365
7195,0.04264706000685692,5.095588207244873
7196,0.029411764815449715,5.580882549285889
7197,0.036274511367082596,6.039215564727783
7198,0.03529411926865578,6.529411792755127
7199,0.03529411926865578,6.948529243469238
7200,0.028431372717022896,7.313725471496582
7201,0.027941176667809486,7.661764621734619
7202,0.027450980618596077,7.990196228027344
7203,0.02549019642174244,8.161765098571777
7204,0.026960784569382668,8.426470756530762
7205,0.019117647781968117,8.617647171020508
7206,0.01225490216165781,8.720588684082031
7207,0.004411764908581972,8.808823585510254
7208,0.0117647061124444,8.81862735748291
7209,-0.0034313725773245096,8.811274528503418
7210,0.0,8.791666984558105
7211,0.007352941203862429,8.644607543945312
7212,0.0024509804788976908,8.54411792755127
7213,-0.005392157007008791,8.411765098571777
7214,-0.013725490309298038,8.22549057006836
7215,-0.02549019642174244,7.997549057006836
7216,-0.00637254910543561,7.696078300476074
7217,-0.02401960827410221,7.424019813537598
7218,-0.019607843831181526,7.098039150238037
7219,-0.022058824077248573,6.774509906768799
7220,-0.027941176667809486,6.468137264251709
7221,-0.03235294297337532,6.115196228027344
7222,-0.03431372717022896,5.708333492279053
7223,-0.03431372717022896,5.365196228027344
7224,-0.02401960827410221,4.958333492279053
7225,-0.02450980432331562,4.534313678741455
7226,-0.027450980618596077,4.203431606292725
7227,-0.03186274692416191,3.7965686321258545
7228,-0.026960784569382668,3.348039150238037
7229,-0.037254903465509415,2.965686321258545
7230,-0.036764707416296005,2.595588207244873
7231,-0.046568628400564194,2.149509906768799
7232,-0.030882352963089943,1.7916666269302368
7233,-0.038235295563936234,1.3946079015731812
7234,-0.04264706000685692,0.9754902124404907
7235,-0.03284313902258873,0.6151960492134094
7236,-0.03529411926865578,0.18872548639774323
7237,-0.027941176667809486,-0.23529411852359772
7238,-0.027450980618596077,-0.6176470518112183
7239,-0.030882352963089943,-0.9901960492134094
7240,-0.03529411926865578,-1.4240195751190186
7241,-0.03921568766236305,-1.7941176891326904
7242,-0.03921568766236305,-2.19362735748291
7243,-0.030392156913876534,-2.6102941036224365
7244,-0.03970588371157646,-3.0392158031463623
7245,-0.04215686395764351,-3.411764621734619
7246,-0.03480392321944237,-3.8235294818878174
7247,-0.0416666679084301,-4.205882549285889
7248,-0.029411764815449715,-4.571078300476074
7249,-0.03186274692416191,-4.938725471496582
7250,-0.03529411926865578,-5.335784435272217
7251,-0.03382353112101555,-5.647058963775635
7252,-0.03235294297337532,-5.958333492279053
7253,-0.036274511367082596,-6.316176414489746
7254,-0.036764707416296005,-6.605391979217529
7255,-0.0313725508749485,-6.86274528503418
7256,-0.029411764815449715,-7.095588207244873
7257,-0.027450980618596077,-7.325980186462402
7258,-0.030392156913876534,-7.465686321258545
7259,-0.02598039247095585,-7.629901885986328
7260,-0.01617647148668766,-7.710784435272217
7261,-0.018627451732754707,-7.860294342041016
7262,-0.019117647781968117,-7.850490093231201
7263,-0.018627451732754707,-7.850490093231201
7264,-0.0009803922148421407,-7.791666507720947
7265,-0.007843137718737125,-7.696078300476074
7266,0.0,-7.514705657958984
7267,-0.007352941203862429,-7.384803771972656
7268,0.010294117964804173,-7.161764621734619
7269,-0.0034313725773245096,-6.88725471496582
7270,0.013725490309298038,-6.615196228027344
7271,0.0,-6.272058963775635
7272,0.008823529817163944,-5.877450942993164
7273,0.019607843831181526,-5.526960849761963
7274,0.01715686358511448,-5.107842922210693
7275,0.02450980432331562,-4.723039150238037
7276,0.018137255683541298,-4.269608020782471
7277,0.030392156913876534,-3.8014705181121826
7278,0.021568628028035164,-3.313725471496582
7279,0.026960784569382668,-2.8602941036224365
7280,0.04901960864663124,-2.379901885986328
7281,0.03431372717022896,-1.877450942993164
7282,0.035784315317869186,-1.375
7283,0.023039216175675392,-0.9166666865348816
7284,0.0313725508749485,-0.48774510622024536
7285,0.03284313902258873,-0.007352941203862429
7286,0.03382353112101555,0.38725489377975464
7287,0.018627451732754707,0.8799019455909729
7288,0.04117647185921669,1.2965686321258545
7289,0.03333333507180214,1.688725471496582
7290,0.03872549161314964,2.05637264251709
7291,0.02401960827410221,2.438725471496582
7292,0.026470588520169258,2.8259804248809814
7293,0.021568628028035164,3.1715686321258545
7294,0.021568628028035164,3.4803922176361084
7295,0.02500000037252903,3.781862735748291
7296,0.013235294260084629,4.159313678741455
7297,0.01568627543747425,4.428921699523926
7298,0.01617647148668766,4.759803771972656
7299,0.02500000037252903,4.973039150238037
7300,0.018137255683541298,5.254901885986328
7301,0.021078431978821754,5.531862735748291
7302,0.009313725866377354,5.776960849761963
7303,0.0117647061124444,6.044117450714111
7304,0.0235294122248888,6.294117450714111
7305,0.021568628028035164,6.561274528503418
7306,0.008333333767950535,6.73774528503418
7307,0.01764705963432789,7.026960849761963
7308,0.014215686358511448,7.227941036224365
7309,0.014215686358511448,7.482842922210693
7310,0.015196078456938267,7.625
7311,0.01617647148668766,7.811274528503418
7312,0.01715686358511448,7.980391979217529
7313,0.0058823530562222,8.161765098571777
7314,0.009313725866377354,8.242647171020508
7315,0.010294117964804173,8.384803771972656
7316,0.0004901961074210703,8.495098114013672
7317,0.01764705963432789,8.536765098571777
7318,0.010784314014017582,8.566176414489746
7319,-0.014215686358511448,8.595588684082031
7320,0.0049019609577953815,8.573529243469238
7321,-0.005392157007008791,8.495098114013672
7322,-0.00637254910543561,8.436274528503418
7323,-0.010294117964804173,8.276960372924805
7324,-0.0034313725773245096,8.171568870544434
7325,-0.01764705963432789,7.909313678741455
7326,-0.036764707416296005,7.732842922210693
7327,0.01715686358511448,7.448529243469238
7328,-0.018627451732754707,7.151960849761963
7329,-0.011274510063230991,6.833333492279053
7330,-0.013725490309298038,6.448529243469238
7331,-0.022058824077248573,6.078431606292725
7332,-0.021568628028035164,5.664215564727783
7333,-0.0313725508749485,5.218137264251709
7334,-0.036274511367082596,4.764705657958984
7335,-0.029901960864663124,4.284313678741455
7336,-0.04068627581000328,3.840686321258545
7337,-0.035784315317869186,3.348039150238037
7338,-0.036764707416296005,2.870098114013672
7339,-0.04313725605607033,2.3578431606292725
7340,-0.0470588244497776,1.8921568393707275
7341,-0.04411764815449715,1.4240195751190186
7342,-0.0416666679084301,0.9460784196853638
7343,-0.04411764815449715,0.4632352888584137
7344,-0.05000000074505806,0.03921568766236305
7345,-0.04019607976078987,-0.42892158031463623
7346,-0.03872549161314964,-0.8308823704719543
7347,-0.04264706000685692,-1.25
7348,-0.03480392321944237,-1.6519607305526733
7349,-0.036764707416296005,-1.9730392694473267
7350,-0.03382353112101555,-2.3553922176361084
7351,-0.03284313902258873,-2.6715686321258545
7352,-0.03284313902258873,-2.9558823108673096
7353,-0.027941176667809486,-3.2303922176361084
7354,-0.036764707416296005,-3.529411792755127
7355,-0.04215686395764351,-3.813725471496582
7356,-0.0784313753247261,-4.041666507720947
7357,0.00637254910543561,-4.31862735748291
7358,-0.04313725605607033,-4.495098114013672
7359,-0.0416666679084301,-4.669117450714111
7360,-0.030392156913876534,-4.904411792755127
7361,-0.02549019642174244,-5.090686321258545
7362,-0.02549019642174244,-5.281862735748291
7363,-0.026470588520169258,-5.441176414489746
7364,-0.026470588520169258,-5.651960849761963
7365,-0.028921568766236305,-5.850490093231201
7366,-0.028431372717022896,-6.002450942993164
7367,-0.022549020126461983,-6.154411792755127
7368,-0.03872549161314964,-6.335784435272217
7369,-0.01274509821087122,-6.514705657958984
7370,-0.026470588520169258,-6.654411792755127
7371,-0.019117647781968117,-6.754901885986328
7372,-0.018137255683541298,-6.919117450714111
7373,-0.01617647148668766,-7.036764621734619
7374,-0.026960784569382668,-7.11274528503418
7375,-0.029901960864663124,-7.240196228027344
7376,-0.01225490216165781,-7.284313678741455
7377,-0.015196078456938267,-7.321078300476074
7378,-0.020588235929608345,-7.379901885986328
7379,-0.008333333767950535,-7.389705657958984
7380,-0.019607843831181526,-7.365196228027344
7381,-0.007843137718737125,-7.328431606292725
7382,-0.01274509821087122,-7.264705657958984
7383,-0.0029411765281111,-7.174019813537598
7384,-0.0009803922148421407,-7.024509906768799
7385,0.007352941203862429,-6.86274528503418
7386,0.0,-6.664215564727783
7387,0.0029411765281111,-6.401960849761963
7388,0.00637254910543561,-6.139705657958984
7389,0.013725490309298038,-5.879901885986328
7390,0.0049019609577953815,-5.549019813537598
7391,0.006862745154649019,-5.164215564727783
7392,0.021568628028035164,-4.813725471496582
7393,0.010784314014017582,-4.450980186462402
7394,0.022058824077248573,-4.049019813537598
7395,0.03333333507180214,-3.5808823108673096
7396,0.01764705963432789,-3.129901885986328
7397,0.04215686395764351,-2.725490093231201
7398,0.02549019642174244,-2.2941176891326904
7399,0.029411764815449715,-1.8308823108673096
7400,0.03333333507180214,-1.3504902124404907
7401,0.027941176667809486,-0.8725489974021912
7402,0.02598039247095585,-0.4730392098426819
7403,0.028921568766236305,0.01225490216165781
7404,0.03235294297337532,0.3970588147640228
7405,0.022549020126461983,0.7769607901573181
7406,0.026470588520169258,1.191176414489746
7407,0.026470588520169258,1.590686321258545
7408,0.02401960827410221,1.9583333730697632
7409,0.020098039880394936,2.245098114013672
7410,0.020098039880394936,2.625
7411,0.026470588520169258,2.9166667461395264
7412,0.028921568766236305,3.1985294818878174
7413,0.026960784569382668,3.5122549533843994
7414,0.01274509821087122,3.7671568393707275
7415,0.01666666753590107,3.995098114013672
7416,0.01225490216165781,4.267157077789307
7417,0.02401960827410221,4.436274528503418
7418,0.01666666753590107,4.696078300476074
7419,0.018627451732754707,4.877450942993164
7420,0.01666666753590107,5.061274528503418
7421,0.018627451732754707,5.235294342041016
7422,0.014705882407724857,5.470588207244873
7423,0.021078431978821754,5.639705657958984
7424,-0.008333333767950535,5.86274528503418
7425,0.01666666753590107,6.080882549285889
7426,0.0029411765281111,6.301470756530762
7427,0.026470588520169258,6.522058963775635
7428,0.006862745154649019,6.718137264251709
7429,0.01666666753590107,6.870098114013672
7430,0.019607843831181526,7.13725471496582
7431,0.0019607844296842813,7.308823585510254
7432,0.021568628028035164,7.55637264251709
7433,0.0117647061124444,7.718137264251709
7434,0.003921568859368563,7.914215564727783
7435,0.0117647061124444,8.09313678741455
7436,0.01274509821087122,8.259803771972656
7437,0.014705882407724857,8.392156600952148
7438,0.01225490216165781,8.52450942993164
7439,0.0024509804788976908,8.666666984558105
7440,0.0004901961074210703,8.72549057006836
7441,0.007843137718737125,8.811274528503418
7442,-0.006862745154649019,8.840685844421387
7443,0.007843137718737125,8.879901885986328
7444,-0.0004901961074210703,8.879901885986328
7445,0.0024509804788976908,8.808823585510254
7446,-0.0058823530562222,8.735294342041016
7447,-0.04313725605607033,8.571078300476074
7448,0.01568627543747425,8.522058486938477
7449,-0.00147058826405555,8.367647171020508
7450,0.01666666753590107,8.110294342041016
7451,0.007352941203862429,7.872549057006836
7452,0.0019607844296842813,7.649509906768799
7453,-0.005392157007008791,7.360294342041016
7454,-0.00147058826405555,7.049019813537598
7455,-0.018137255683541298,6.718137264251709
7456,-0.008333333767950535,6.370098114013672
7457,-0.013725490309298038,6.01225471496582
7458,-0.03872549161314964,5.634803771972656
7459,-0.0029411765281111,5.276960849761963
7460,-0.045588236302137375,4.909313678741455
7461,0.24068626761436462,4.531862735748291
7462,0.13333334028720856,4.127450942993164
7463,-1.1235294342041016,3.6446077823638916
7464,0.6779412031173706,3.4215686321258545
7465,-0.8593137264251709,3.0122549533843994
7466,0.16764706373214722,2.6985294818878174
7467,-0.17598038911819458,2.4166667461395264
7468,-0.022549020126461983,2.031862735748291
7469,-0.037254903465509415,1.8014706373214722
7470,-0.07254902273416519,1.5122549533843994
7471,-0.005392157007008791,1.1960784196853638
7472,-0.02549019642174244,0.9338235259056091
7473,-0.036274511367082596,0.720588207244873
7474,-0.01274509821087122,0.4534313678741455
7475,-0.028921568766236305,0.19117647409439087
7476,-0.003921568859368563,-0.014705882407724857
7477,0.004411764908581972,-0.22058823704719543
7478,-0.05588235333561897,-0.47058823704719543
7479,0.00637254910543561,-0.6960784196853638
7480,-0.04068627581000328,-0.9191176295280457
7481,-0.015196078456938267,-1.1299020051956177
7482,-0.018627451732754707,-1.3946079015731812
7483,-0.01225490216165781,-1.6666666269302368
7484,-0.019117647781968117,-1.875
7485,-0.015196078456938267,-2.149509906768799
7486,-0.02598039247095585,-2.438725471496582
7487,-0.02450980432331562,-2.715686321258545
7488,-0.0235294122248888,-2.9558823108673096
7489,-0.021078431978821754,-3.254901885986328
7490,-0.01666666753590107,-3.593137264251709
7491,-0.026470588520169258,-3.93137264251709
7492,-0.022058824077248573,-4.215686321258545
7493,-0.027941176667809486,-4.526960849761963
7494,-0.03431372717022896,-4.860294342041016
7495,-0.02450980432331562,-5.176470756530762
7496,-0.028431372717022896,-5.509803771972656
7497,-0.03480392321944237,-5.813725471496582
7498,-0.027450980618596077,-6.120098114013672
7499,-0.02450980432331562,-6.421568393707275
7500,-0.02401960827410221,-6.671568393707275
7501,-0.0235294122248888,-6.921568393707275
7502,-0.021078431978821754,-7.147058963775635
7503,-0.0117647061124444,-7.357842922210693
7504,-0.022058824077248573,-7.541666507720947
7505,-0.010294117964804173,-7.686274528503418
7506,-0.013235294260084629,-7.816176414489746
7507,-0.009313725866377354,-7.870098114013672
7508,-0.02500000037252903,-7.955882549285889
7509,-0.01715686358511448,-8.002450942993164
7510,-0.0117647061124444,-7.997549057006836
7511,-0.004411764908581972,-7.965686321258545
7512,-0.006862745154649019,-7.950980186462402
7513,-0.007843137718737125,-7.791666507720947
7514,-0.01225490216165781,-7.784313678741455
7515,-0.007843137718737125,-7.583333492279053
7516,0.0058823530562222,-7.450980186462402
7517,0.007352941203862429,-7.328431606292725
7518,0.0009803922148421407,-7.110294342041016
7519,0.008333333767950535,-6.911764621734619
7520,0.005392157007008791,-6.710784435272217
7521,0.013235294260084629,-6.514705657958984
7522,0.014705882407724857,-6.311274528503418
7523,0.0117647061124444,-6.125
7524,0.0019607844296842813,-5.88725471496582
7525,0.01764705963432789,-5.730391979217529
7526,0.008823529817163944,-5.536764621734619
7527,0.014215686358511448,-5.350490093231201
7528,0.011274510063230991,-5.156862735748291
7529,0.035784315317869186,-4.985294342041016
7530,0.07352941483259201,-4.823529243469238
7531,-0.010784314014017582,-4.720588207244873
7532,0.04117647185921669,-4.575980186462402
7533,0.0,-4.448529243469238
7534,0.12892156839370728,-4.323529243469238
7535,0.6205882430076599,-4.100490093231201
7536,0.038235295563936234,-3.992647171020508
7537,0.0882352963089943,-3.8848040103912354
7538,0.27892157435417175,-3.754901885986328
7539,-0.07745098322629929,-3.651960849761963
7540,0.11421568691730499,-3.536764621734619
7541,0.07205882668495178,-3.372549057006836
7542,-0.003921568859368563,-3.245098114013672
7543,0.07598039507865906,-3.0122549533843994
7544,-0.014215686358511448,-2.784313678741455
7545,0.036274511367082596,-2.6053922176361084
7546,0.03235294297337532,-2.3529412746429443
7547,0.023039216175675392,-2.1029412746429443
7548,0.007352941203862429,-1.813725471496582
7549,0.0235294122248888,-1.5539215803146362
7550,0.013235294260084629,-1.2132352590560913
7551,0.01715686358511448,-0.8897058963775635
7552,0.0,-0.5147058963775635
7553,0.03921568766236305,-0.14950980246067047
7554,0.003921568859368563,0.23039215803146362
7555,0.007843137718737125,0.6078431606292725
7556,0.011274510063230991,1.0710784196853638
7557,0.01764705963432789,1.436274528503418
7558,0.01764705963432789,1.8578431606292725
7559,0.02549019642174244,2.2352941036224365
7560,0.054411765187978745,2.6348040103912354
7561,0.0,3.0710785388946533
7562,0.03235294297337532,3.401960849761963
7563,0.027941176667809486,3.808823585510254
7564,0.028431372717022896,4.159313678741455
7565,0.030882352963089943,4.465686321258545
7566,0.01715686358511448,4.796568393707275
7567,0.018137255683541298,5.036764621734619
7568,0.01715686358511448,5.350490093231201
7569,0.014705882407724857,5.517157077789307
7570,0.018137255683541298,5.703431606292725
7571,0.011274510063230991,5.909313678741455
7572,0.01666666753590107,6.036764621734619
7573,0.01568627543747425,6.240196228027344
7574,0.01274509821087122,6.340686321258545
7575,-0.00147058826405555,6.482842922210693
7576,0.00637254910543561,6.5
7577,0.005392157007008791,6.585784435272217
7578,0.0004901961074210703,6.610294342041016
7579,-0.004411764908581972,6.678921699523926
7580,0.0049019609577953815,6.68137264251709
7581,-0.09313725680112839,6.715686321258545
7582,-0.0470588244497776,6.754901885986328
7583,-0.04068627581000328,6.80637264251709
7584,-0.0034313725773245096,6.870098114013672
7585,-0.019607843831181526,6.892157077789307
7586,-0.014705882407724857,6.916666507720947
7587,-0.00147058826405555,7.019608020782471
7588,-0.007352941203862429,7.036764621734619
7589,-0.011274510063230991,7.174019813537598
7590,0.0,7.245098114013672
7591,-0.007352941203862429,7.350490093231201
7592,0.01568627543747425,7.497549057006836
7593,-0.01715686358511448,7.671568393707275
7594,0.020098039880394936,7.781862735748291
7595,-0.00637254910543561,7.924019813537598
7596,-0.11617647111415863,8.004901885986328
7597,1.4333332777023315,8.321078300476074
7598,-0.8617647290229797,8.36274528503418
7599,1.2549020051956177,8.55637264251709
7600,-0.522549033164978,8.63725471496582
7601,0.45637255907058716,8.713234901428223
7602,-0.10098039358854294,8.801470756530762
7603,0.07598039507865906,8.79411792755127
7604,0.09166666865348816,8.904411315917969
7605,-0.0034313725773245096,8.924019813537598
7606,0.03235294297337532,8.916666984558105
7607,0.036764707416296005,8.89950942993164
7608,-0.03431372717022896,8.875
7609,0.037745099514722824,8.784314155578613
7610,-0.018137255683541298,8.642156600952148
7611,0.009313725866377354,8.502450942993164
7612,-0.010784314014017582,8.348039627075195
7613,-0.018627451732754707,8.142156600952148
7614,-0.005392157007008791,7.897058963775635
7615,-0.026470588520169258,7.678921699523926
7616,-0.008333333767950535,7.397058963775635
7617,-0.02549019642174244,7.166666507720947
7618,-0.02450980432331562,6.852941036224365
7619,-0.027450980618596077,6.634803771972656
7620,-0.014705882407724857,6.325980186462402
7621,-0.015196078456938267,5.926470756530762
7622,-0.021078431978821754,5.674019813537598
7623,-0.021568628028035164,5.414215564727783
7624,-0.019117647781968117,5.090686321258545
7625,-0.020588235929608345,4.81862735748291
7626,-0.02450980432331562,4.578431606292725
7627,-0.028431372717022896,4.397058963775635
7628,-0.022549020126461983,4.110294342041016
7629,-0.029411764815449715,3.906862735748291
7630,-0.018627451732754707,3.720588207244873
7631,-0.019117647781968117,3.5490195751190186
7632,0.0,3.399509906768799
7633,-0.026470588520169258,3.2303922176361084
7634,-0.020098039880394936,3.1078431606292725
7635,-0.013235294260084629,2.995098114013672
7636,-0.01274509821087122,2.8553922176361084
7637,-0.020098039880394936,2.8308823108673096
7638,-0.01274509821087122,2.6960785388946533
7639,-0.021568628028035164,2.691176414489746
7640,-0.013235294260084629,2.593137264251709
7641,-0.06470588594675064,2.4803922176361084
7642,0.0470588244497776,2.3921568393707275
7643,-0.053431373089551926,2.2598040103912354
7644,0.0049019609577953815,2.1470587253570557
7645,-0.03284313902258873,2.007352828979492
7646,-0.0058823530562222,1.8333333730697632
7647,-0.010294117964804173,1.6617647409439087
7648,-0.0049019609577953815,1.4754902124404907
7649,-0.01274509821087122,1.2720588445663452
7650,-0.0117647061124444,1.0147058963775635
7651,-0.02401960827410221,0.7475489974021912
7652,-0.02401960827410221,0.45588234066963196
7653,-0.027450980618596077,0.14705882966518402
7654,-0.026470588520169258,-0.22058823704719543
7655,-0.02401960827410221,-0.4803921580314636
7656,-0.03186274692416191,-0.8529411554336548
7657,-0.030882352963089943,-1.2230392694473267
7658,-0.028921568766236305,-1.5416666269302368
7659,-0.027941176667809486,-1.9240195751190186
7660,-0.02598039247095585,-2.2990195751190186
7661,-0.036764707416296005,-2.6372549533843994
7662,-0.019117647781968117,-2.9828431606292725
7663,-0.045588236302137375,-3.3578431606292725
7664,0.0024509804788976908,-3.6666667461395264
7665,0.26764705777168274,-3.906862735748291
7666,-0.01225490216165781,-4.213235378265381
7667,-0.14509804546833038,-4.463235378265381
7668,0.28970587253570557,-4.723039150238037
7669,-0.23627451062202454,-4.911764621734619
7670,0.13774509727954865,-5.083333492279053
7671,-0.052941177040338516,-5.25
7672,-0.009803921915590763,-5.355391979217529
7673,0.04411764815449715,-5.465686321258545
7674,-0.07990196347236633,-5.578431606292725
7675,0.020588235929608345,-5.600490093231201
7676,-0.019117647781968117,-5.607842922210693
7677,-0.00637254910543561,-5.61274528503418
7678,-0.0034313725773245096,-5.610294342041016
7679,-0.009313725866377354,-5.63725471496582
7680,-0.005392157007008791,-5.605391979217529
7681,0.013725490309298038,-5.583333492279053
7682,-0.01764705963432789,-5.519608020782471
7683,0.0009803922148421407,-5.5
7684,-0.01274509821087122,-5.473039150238037
7685,-0.009803921915590763,-5.5
7686,-0.00637254910543561,-5.536764621734619
7687,-0.014705882407724857,-5.55637264251709
7688,-0.007352941203862429,-5.598039150238037
7689,-0.03284313902258873,-5.708333492279053
7690,0.01225490216165781,-5.69362735748291
7691,-0.03186274692416191,-5.865196228027344
7692,-0.009803921915590763,-5.977941036224365
7693,-0.02500000037252903,-6.156862735748291
7694,-0.015196078456938267,-6.264705657958984
7695,-0.020588235929608345,-6.433823585510254
7696,-0.011274510063230991,-6.580882549285889
7697,-0.02598039247095585,-6.801470756530762
7698,-0.029411764815449715,-7.0
7699,-0.021568628028035164,-7.220588207244873
7700,-0.02500000037252903,-7.414215564727783
7701,-0.023039216175675392,-7.634803771972656
7702,-0.0235294122248888,-7.759803771972656
7703,-0.01715686358511448,-7.924019813537598
7704,-0.01568627543747425,-8.117647171020508
7705,-0.01666666753590107,-8.210783958435059
7706,-0.020588235929608345,-8.372549057006836
7707,-0.021568628028035164,-8.416666984558105
7708,-0.013235294260084629,-8.450980186462402
7709,-0.0117647061124444,-8.571078300476074
7710,-0.02500000037252903,-8.551470756530762
7711,-0.01715686358511448,-8.463234901428223
7712,0.0024509804788976908,-8.411765098571777
7713,-0.0034313725773245096,-8.345588684082031
7714,-0.007352941203862429,-8.191176414489746
7715,-0.0029411765281111,-8.017156600952148
7716,-0.007843137718737125,-7.894608020782471
7717,-0.00637254910543561,-7.659313678741455
7718,0.007352941203862429,-7.453431606292725
7719,0.0004901961074210703,-7.25
7720,0.00637254910543561,-6.997549057006836
7721,0.0024509804788976908,-6.789215564727783
7722,0.007843137718737125,-6.536764621734619
7723,0.005392157007008791,-6.338235378265381
7724,-0.0019607844296842813,-6.083333492279053
7725,0.01764705963432789,-5.889705657958984
7726,0.00637254910543561,-5.720588207244873
7727,0.009313725866377354,-5.485294342041016
7728,0.01225490216165781,-5.323529243469238
7729,0.03921568766236305,-5.230391979217529
7730,-0.01666666753590107,-5.095588207244873
7731,0.019117647781968117,-4.98774528503418
7732,0.0019607844296842813,-4.916666507720947
7733,0.0049019609577953815,-4.889705657958984
7734,0.008333333767950535,-4.857842922210693
7735,-0.00147058826405555,-4.879901885986328
7736,-0.004411764908581972,-4.916666507720947
7737,0.0024509804788976908,-4.919117450714111
7738,-0.01274509821087122,-5.036764621734619
7739,-0.0034313725773245096,-5.041666507720947
7740,0.0009803922148421407,-5.058823585510254
7741,-0.010784314014017582,-5.169117450714111
7742,-0.01274509821087122,-5.176470756530762
7743,-0.0029411765281111,-5.23774528503418
7744,-0.01274509821087122,-5.279411792755127
7745,-0.006862745154649019,-5.259803771972656
7746,-0.013235294260084629,-5.286764621734619
7747,-0.0049019609577953815,-5.240196228027344
7748,-0.007352941203862429,-5.205882549285889
7749,-0.013725490309298038,-5.122549057006836
7750,0.0034313725773245096,-4.995098114013672
7751,-0.008823529817163944,-4.867647171020508
7752,0.011274510063230991,-4.664215564727783
7753,0.0019607844296842813,-4.492647171020508
7754,0.0049019609577953815,-4.247549057006836
7755,0.00637254910543561,-3.9828431606292725
7756,0.010784314014017582,-3.7279412746429443
7757,0.01225490216165781,-3.409313678741455
7758,0.014215686358511448,-3.1446077823638916
7759,-0.04362745210528374,-2.7696077823638916
7760,0.036764707416296005,-2.4240195751190186
7761,0.0029411765281111,-2.066176414489746
7762,0.018627451732754707,-1.7573529481887817
7763,0.023039216175675392,-1.4313725233078003
7764,0.009313725866377354,-1.063725471496582
7765,0.02450980432331562,-0.75
7766,0.0117647061124444,-0.5
7767,0.015196078456938267,-0.23284313082695007
7768,0.011274510063230991,0.036764707416296005
7769,0.008823529817163944,0.2696078419685364
7770,0.015196078456938267,0.4583333432674408
7771,0.01764705963432789,0.6151960492134094
7772,0.007352941203862429,0.7524510025978088
7773,0.009803921915590763,0.8627451062202454
7774,0.0,0.8946078419685364
7775,0.0034313725773245096,0.9436274766921997
7776,0.0029411765281111,1.0098038911819458
7777,0.005392157007008791,0.9877451062202454
7778,0.0,0.9436274766921997
7779,-0.0117647061124444,0.8995097875595093
7780,0.0019607844296842813,0.875
7781,-0.007352941203862429,0.8235294222831726
7782,-0.0029411765281111,0.7549019455909729
7783,-0.010294117964804173,0.7107843160629272
7784,-0.0029411765281111,0.6691176295280457
7785,-0.005392157007008791,0.595588207244873
7786,-0.011274510063230991,0.6372548937797546
7787,-0.008823529817163944,0.6176470518112183
7788,-0.009313725866377354,0.6740196347236633
7789,0.0,0.7058823704719543
7790,-0.009313725866377354,0.8088235259056091
7791,-0.0029411765281111,0.9436274766921997
7792,0.009803921915590763,1.095588207244873
7793,-0.003921568859368563,1.1740195751190186
7794,-0.0029411765281111,1.4264706373214722
7795,0.01225490216165781,1.654411792755127
7796,0.005392157007008791,1.9950979948043823
7797,0.0117647061124444,2.252450942993164
7798,0.008333333767950535,2.566176414489746
7799,0.01666666753590107,2.901960849761963
7800,0.011274510063230991,3.220588207244873
7801,0.022549020126461983,3.5465686321258545
7802,0.007352941203862429,3.877450942993164
7803,0.021568628028035164,4.166666507720947
7804,0.01225490216165781,4.522058963775635
7805,0.035784315317869186,4.840686321258545
7806,0.015196078456938267,5.147058963775635
7807,0.014705882407724857,5.392157077789307
7808,0.014705882407724857,5.644608020782471
7809,0.011274510063230991,5.852941036224365
7810,0.019117647781968117,5.985294342041016
7811,0.01715686358511448,6.142157077789307
7812,0.01225490216165781,6.267157077789307
7813,0.004411764908581972,6.299019813537598
7814,0.0034313725773245096,6.379901885986328
7815,0.0,6.350490093231201
7816,0.0009803922148421407,6.348039150238037
7817,-0.003921568859368563,6.230391979217529
7818,-0.0009803922148421407,6.151960849761963
7819,0.0034313725773245096,6.022058963775635
7820,-0.006862745154649019,5.924019813537598
7821,-0.007843137718737125,5.774509906768799
7822,-0.009313725866377354,5.644608020782471
7823,-0.010294117964804173,5.482842922210693
7824,-0.010784314014017582,5.338235378265381
7825,-0.006862745154649019,5.213235378265381
7826,-0.0117647061124444,5.102941036224365
7827,-0.0049019609577953815,4.98774528503418
7828,-0.018137255683541298,4.909313678741455
7829,-0.0058823530562222,4.872549057006836
7830,-0.0117647061124444,4.86274528503418
7831,-0.011274510063230991,4.899509906768799
7832,-0.003921568859368563,4.963235378265381
7833,-0.0009803922148421407,5.085784435272217
7834,-0.00637254910543561,5.156862735748291
7835,0.0,5.343137264251709
7836,0.004411764908581972,5.558823585510254
7837,0.006862745154649019,5.774509906768799
7838,0.007843137718737125,5.990196228027344
7839,0.010784314014017582,6.279411792755127
7840,0.005392157007008791,6.519608020782471
7841,0.014215686358511448,6.870098114013672
7842,0.014705882407724857,7.13725471496582
7843,0.020098039880394936,7.458333492279053
7844,0.01568627543747425,7.713235378265381
7845,0.021568628028035164,8.0
7846,0.014705882407724857,8.23774528503418
7847,0.01568627543747425,8.5
7848,0.008333333767950535,8.730392456054688
7849,0.009313725866377354,8.911765098571777
7850,0.014215686358511448,8.97549057006836
7851,0.0117647061124444,9.117647171020508
7852,0.007352941203862429,9.132352828979492
7853,0.003921568859368563,9.240196228027344
7854,0.00147058826405555,9.186274528503418
7855,-0.013725490309298038,9.071078300476074
7856,0.01715686358511448,9.007352828979492
7857,-0.008333333767950535,8.867647171020508
7858,0.0029411765281111,8.691176414489746
7859,-0.014705882407724857,8.48774528503418
7860,-0.006862745154649019,8.257352828979492
7861,-0.022549020126461983,8.0
7862,-0.013725490309298038,7.796568393707275
7863,-0.01568627543747425,7.558823585510254
7864,-0.020098039880394936,7.252450942993164
7865,-0.019607843831181526,7.029411792755127
7866,-0.01666666753590107,6.796568393707275
7867,-0.010294117964804173,6.600490093231201
7868,-0.01764705963432789,6.419117450714111
7869,-0.014705882407724857,6.313725471496582
7870,-0.010294117964804173,6.161764621734619
7871,-0.008823529817163944,6.110294342041016
7872,-0.01568627543747425,6.058823585510254
7873,-0.00637254910543561,5.98774528503418
7874,-0.006862745154649019,6.049019813537598
7875,0.0024509804788976908,6.176470756530762
7876,-0.0024509804788976908,6.247549057006836
7877,0.005392157007008791,6.460784435272217
7878,0.005392157007008791,6.620098114013672
7879,0.00637254910543561,6.80637264251709
7880,0.008333333767950535,7.110294342041016
7881,0.020098039880394936,7.389705657958984
7882,0.014215686358511448,7.595588207244873
7883,0.021568628028035164,7.901960849761963
7884,0.020098039880394936,8.183823585510254
7885,0.022058824077248573,8.485294342041016
7886,0.018627451732754707,8.745098114013672
7887,0.015196078456938267,8.916666984558105
7888,0.03284313902258873,9.20588207244873
7889,0.010784314014017582,9.311274528503418
7890,0.018137255683541298,9.495098114013672
7891,0.010784314014017582,9.566176414489746
7892,0.0034313725773245096,9.63725471496582
7893,0.010784314014017582,9.661765098571777
7894,0.0029411765281111,9.642156600952148
7895,-0.005392157007008791,9.541666984558105
7896,0.00637254910543561,9.325980186462402
7897,-0.008823529817163944,9.18137264251709
7898,-0.01666666753590107,8.960783958435059
7899,-0.0058823530562222,8.732843399047852
7900,-0.007352941203862429,8.463234901428223
7901,-0.015196078456938267,8.13725471496582
7902,-0.01274509821087122,7.828431606292725
7903,-0.022549020126461983,7.514705657958984
7904,-0.020098039880394936,7.151960849761963
7905,-0.020588235929608345,6.786764621734619
7906,-0.02401960827410221,6.477941036224365
7907,-0.0235294122248888,6.176470756530762
7908,-0.02450980432331562,5.928921699523926
7909,-0.0117647061124444,5.656862735748291
7910,-0.03872549161314964,5.455882549285889
7911,-0.01764705963432789,5.245098114013672
7912,-0.021078431978821754,5.117647171020508
7913,-0.010294117964804173,5.024509906768799
7914,-0.021078431978821754,5.029411792755127
7915,-0.0117647061124444,5.046568393707275
7916,-0.0024509804788976908,5.125
7917,-0.008333333767950535,5.198529243469238
7918,-0.007352941203862429,5.372549057006836
7919,-0.0049019609577953815,5.573529243469238
7920,0.014215686358511448,5.825980186462402
7921,0.013235294260084629,6.06862735748291
7922,0.008823529817163944,6.384803771972656
7923,0.015196078456938267,6.683823585510254
7924,0.018137255683541298,6.985294342041016
7925,0.01225490216165781,7.254901885986328
7926,-0.005392157007008791,7.590686321258545
7927,0.026470588520169258,7.860294342041016
7928,0.007352941203862429,8.115196228027344
7929,0.01715686358511448,8.311274528503418
7930,0.014215686358511448,8.51225471496582
7931,0.014705882407724857,8.642156600952148
7932,0.01715686358511448,8.77450942993164
7933,0.01568627543747425,8.803921699523926
7934,0.0117647061124444,8.786765098571777
7935,-0.010784314014017582,8.747549057006836
7936,0.0,8.610294342041016
7937,-0.01274509821087122,8.47549057006836
7938,-0.008823529817163944,8.220588684082031
7939,-0.014215686358511448,7.985294342041016
7940,-0.018137255683541298,7.654411792755127
7941,-0.12794117629528046,7.31862735748291
7942,-0.08284313976764679,6.938725471496582
7943,-0.10196078568696976,6.536764621734619
7944,-0.03480392321944237,6.147058963775635
7945,-0.037745099514722824,5.710784435272217
7946,-0.026960784569382668,5.289215564727783
7947,-0.03235294297337532,4.894608020782471
7948,-0.027941176667809486,4.539215564727783
7949,-0.015196078456938267,4.149509906768799
7950,-0.053921569138765335,3.879901885986328
7951,-0.00637254910543561,3.6421568393707275
7952,-0.029901960864663124,3.401960849761963
7953,-0.021078431978821754,3.2303922176361084
7954,0.06421568989753723,3.1372549533843994
7955,-2.0308823585510254,2.9534313678741455
7956,0.3274509906768799,3.0514705181121826
7957,-0.8156862854957581,3.188725471496582
7958,-0.28970587253570557,3.213235378265381
7959,-0.1308823525905609,3.531862735748291
7960,-0.10490196198225021,3.7303922176361084
7961,-0.12254901975393295,4.024509906768799
7962,-0.014705882407724857,4.338235378265381
7963,-0.07647059112787247,4.651960849761963
7964,0.02401960827410221,5.017157077789307
7965,-0.01617647148668766,5.394608020782471
7966,0.0049019609577953815,5.723039150238037
7967,-0.003921568859368563,6.102941036224365
7968,0.008823529817163944,6.460784435272217
7969,0.014215686358511448,6.772058963775635
7970,0.0117647061124444,7.071078300476074
7971,0.01617647148668766,7.31862735748291
7972,0.02598039247095585,7.517157077789307
7973,0.014705882407724857,7.649509906768799
7974,0.0049019609577953815,7.713235378265381
7975,0.021078431978821754,7.754901885986328
7976,0.006862745154649019,7.659313678741455
7977,-0.0019607844296842813,7.51225471496582
7978,-0.003921568859368563,7.370098114013672
7979,-0.01225490216165781,7.102941036224365
7980,-0.01617647148668766,6.81862735748291
7981,-0.007352941203862429,6.497549057006836
7982,-0.01617647148668766,6.06862735748291
7983,-0.0235294122248888,5.622549057006836
7984,-0.022058824077248573,5.19362735748291
7985,-0.030392156913876534,4.698529243469238
7986,-0.0313725508749485,4.208333492279053
7987,-0.037254903465509415,3.75
7988,-0.02598039247095585,3.2671568393707275
7989,-0.035784315317869186,2.8259804248809814
7990,-0.03431372717022896,2.404411792755127
7991,-0.044607844203710556,2.007352828979492
7992,-0.04215686395764351,1.688725471496582
7993,-0.02450980432331562,1.436274528503418
7994,-0.029411764815449715,1.2549020051956177
7995,-0.022549020126461983,1.095588207244873
7996,-0.018627451732754707,1.034313678741455
7997,-0.01764705963432789,1.0441176891326904
7998,-0.018627451732754707,1.1299020051956177
7999,0.0024509804788976908,1.2990195751190186
8000,-0.0029411765281111,1.5049020051956177
8001,0.009313725866377354,1.813725471496582
8002,0.0024509804788976908,2.0833332538604736
8003,0.0058823530562222,2.492647171020508
8004,0.014705882407724857,2.901960849761963
8005,0.0235294122248888,3.348039150238037
8006,0.028921568766236305,3.8235294818878174
8007,0.03529411926865578,4.227941036224365
8008,0.037254903465509415,4.715686321258545
8009,0.028431372717022896,5.159313678741455
8010,0.027941176667809486,5.563725471496582
8011,0.03186274692416191,5.970588207244873
8012,0.030882352963089943,6.272058963775635
8013,0.028921568766236305,6.571078300476074
8014,0.03970588371157646,6.781862735748291
8015,0.010784314014017582,6.882352828979492
8016,0.020098039880394936,6.970588207244873
8017,-0.027450980618596077,6.963235378265381
8018,0.02549019642174244,6.838235378265381
8019,-0.015196078456938267,6.671568393707275
8020,-0.0004901961074210703,6.416666507720947
8021,0.2186274528503418,6.102941036224365
8022,0.3127450942993164,5.786764621734619
8023,-0.4210784435272217,5.225490093231201
8024,0.4318627417087555,4.808823585510254
8025,-0.23578430712223053,4.259803771972656
8026,0.10147058963775635,3.6715686321258545
8027,-0.021078431978821754,3.1348040103912354
8028,-0.054411765187978745,2.524509906768799
8029,0.020098039880394936,1.9583333730697632
8030,-0.04264706000685692,1.4632352590560913
8031,-0.03872549161314964,0.9338235259056091
8032,-0.018137255683541298,0.5024510025978088
8033,-0.02450980432331562,0.07107843458652496
8034,-0.022058824077248573,-0.25245097279548645
8035,-0.03382353112101555,-0.49754902720451355
8036,-0.029901960864663124,-0.7426470518112183
8037,-0.027450980618596077,-0.8970588445663452
8038,-0.03333333507180214,-0.8872548937797546
8039,-0.005392157007008791,-0.8063725233078003
8040,-0.02500000037252903,-0.6519607901573181
8041,-0.0029411765281111,-0.4828431308269501
8042,-0.004411764908581972,-0.09068627655506134
8043,-0.003921568859368563,0.24264705181121826
8044,0.009313725866377354,0.7156862616539001
8045,0.007843137718737125,1.1936274766921997
8046,0.01715686358511448,1.7426470518112183
8047,0.02549019642174244,2.281862735748291
8048,0.0235294122248888,2.8848040103912354
8049,0.026960784569382668,3.463235378265381
8050,0.03872549161314964,4.009803771972656
8051,0.036764707416296005,4.602941036224365
8052,0.03333333507180214,5.090686321258545
8053,0.028431372717022896,5.551470756530762
8054,0.038235295563936234,5.928921699523926
8055,0.0235294122248888,6.26225471496582
8056,0.037254903465509415,6.485294342041016
8057,0.018627451732754707,6.666666507720947
8058,0.0029411765281111,6.732842922210693
8059,0.028431372717022896,6.713235378265381
8060,0.0019607844296842813,6.561274528503418
8061,0.003921568859368563,6.355391979217529
8062,-0.008823529817163944,6.041666507720947
8063,-0.02450980432331562,5.63725471496582
8064,-0.022058824077248573,5.178921699523926
8065,-0.030392156913876534,4.651960849761963
8066,-0.03431372717022896,4.06862735748291
8067,-0.037745099514722824,3.4264705181121826
8068,-0.04803921654820442,2.725490093231201
8069,-0.045588236302137375,2.026960849761963
8070,-0.05098039284348488,1.345588207244873
8071,-0.04901960864663124,0.654411792755127
8072,-0.05588235333561897,0.04411764815449715
8073,-0.05245098099112511,-0.593137264251709
8074,-0.046078432351350784,-1.090686321258545
8075,-0.05784313753247261,-1.5441176891326904
8076,-0.061274509876966476,-1.9926470518112183
8077,-0.06568627804517746,-2.3014705181121826
8078,-0.061274509876966476,-2.4877450466156006
8079,-0.03872549161314964,-2.595588207244873
8080,-0.05833333358168602,-2.632352828979492
8081,-0.01666666753590107,-2.5098040103912354
8082,-0.036274511367082596,-2.279411792755127
8083,-0.01568627543747425,-1.9779411554336548
8084,0.01666666753590107,-1.6127450466156006
8085,-0.009313725866377354,-1.122549057006836
8086,0.028431372717022896,-0.5392156839370728
8087,0.007352941203862429,0.07352941483259201
8088,0.06029411777853966,0.7598039507865906
8089,1.2627451419830322,1.5784313678741455
8090,-0.10539215803146362,2.1985294818878174
8091,0.686274528503418,2.8970587253570557
8092,0.22745098173618317,3.68137264251709
8093,-0.04019607976078987,4.23774528503418
8094,0.3539215624332428,4.958333492279053
8095,-0.07500000298023224,5.473039150238037
8096,0.18480391800403595,5.98774528503418
8097,0.05980392172932625,6.38725471496582
8098,0.021568628028035164,6.666666507720947
8099,0.12647059559822083,6.889705657958984
8100,-0.02598039247095585,6.997549057006836
8101,0.06029411777853966,6.975490093231201
8102,0.029411764815449715,6.843137264251709
8103,0.019607843831181526,6.61274528503418
8104,0.011274510063230991,6.227941036224365
8105,0.0024509804788976908,5.776960849761963
8106,-0.026960784569382668,5.208333492279053
8107,-0.01666666753590107,4.63725471496582
8108,-0.036274511367082596,3.8553922176361084
8109,-0.02549019642174244,3.1029412746429443
8110,-0.044607844203710556,2.3039214611053467
8111,-0.04754902049899101,1.4950979948043823
8112,-0.05980392172932625,0.6421568393707275
8113,-0.05637254938483238,-0.14705882966518402
8114,-0.06372549384832382,-0.8897058963775635
8115,-0.05588235333561897,-1.6715686321258545
8116,-0.05980392172932625,-2.308823585510254
8117,-0.062254901975393295,-2.9215686321258545
8118,-0.05588235333561897,-3.375
8119,-0.04803921654820442,-3.808823585510254
8120,-0.05049019679427147,-4.061274528503418
8121,-0.09068627655506134,-4.186274528503418
8122,-0.027941176667809486,-4.230391979217529
8123,-0.0313725508749485,-4.154411792755127
8124,-0.02549019642174244,-3.8897058963775635
8125,-0.009313725866377354,-3.5490195751190186
8126,0.003921568859368563,-3.129901885986328
8127,0.0049019609577953815,-2.5147058963775635
8128,0.014705882407724857,-1.8970588445663452
8129,0.02598039247095585,-1.1053920984268188
8130,0.05637254938483238,-0.343137264251709
8131,0.01715686358511448,0.4828431308269501
8132,0.01568627543747425,1.3995097875595093
8133,0.05931372568011284,2.254901885986328
8134,0.05147058889269829,3.127450942993164
8135,0.06372549384832382,4.017157077789307
8136,0.05833333358168602,4.747549057006836
8137,0.07598039507865906,5.492647171020508
8138,0.05980392172932625,6.151960849761963
8139,0.052941177040338516,6.678921699523926
8140,0.04362745210528374,7.120098114013672
8141,0.04068627581000328,7.446078300476074
8142,0.03382353112101555,7.61274528503418
8143,0.029411764815449715,7.659313678741455
8144,0.028921568766236305,7.558823585510254
8145,0.0034313725773245096,7.360294342041016
8146,0.003921568859368563,7.036764621734619
8147,-0.003921568859368563,6.519608020782471
8148,-0.01764705963432789,5.889705657958984
8149,-0.03186274692416191,5.223039150238037
8150,-0.03872549161314964,4.409313678741455
8151,-0.0004901961074210703,3.563725471496582
8152,-0.09166666865348816,2.6151959896087646
8153,-0.046568628400564194,1.6764706373214722
8154,-0.06617647409439087,0.6470588445663452
8155,-0.07598039507865906,-0.2647058963775635
8156,-0.07990196347236633,-1.247549057006836
8157,-0.08431372791528702,-2.2009804248809814
8158,-0.07598039507865906,-3.0196077823638916
8159,-0.08529412001371384,-3.7720587253570557
8160,-0.07009804248809814,-4.394608020782471
8161,-0.07598039507865906,-4.995098114013672
8162,-0.09607843309640884,-5.338235378265381
8163,0.2872548997402191,-5.583333492279053
8164,-0.489705890417099,-5.75
8165,0.39656862616539,-5.723039150238037
8166,-0.2906862795352936,-5.534313678741455
8167,0.09803921729326248,-5.303921699523926
8168,-0.014705882407724857,-4.808823585510254
8169,-0.00637254910543561,-4.23774528503418
8170,0.0779411792755127,-3.5196077823638916
8171,-0.007352941203862429,-2.754901885986328
8172,0.03186274692416191,-1.8308823108673096
8173,0.062745101749897,-0.8480392098426819
8174,0.03235294297337532,0.2132352888584137
8175,0.06568627804517746,1.2303920984268188
8176,0.05637254938483238,2.242647171020508
8177,0.05588235333561897,3.3014705181121826
8178,0.07892157137393951,4.269608020782471
8179,0.0519607849419117,5.208333492279053
8180,0.08529412001371384,6.06862735748291
8181,0.04950980469584465,6.803921699523926
8182,0.0573529414832592,7.414215564727783
8183,0.045098040252923965,7.946078300476074
8184,0.04803921654820442,8.321078300476074
8185,0.045098040252923965,8.522058486938477
8186,0.02401960827410221,8.617647171020508
8187,0.026960784569382668,8.495098114013672
8188,0.0,8.220588684082031
8189,0.00637254910543561,7.759803771972656
8190,-0.022549020126461983,7.252450942993164
8191,-0.03235294297337532,6.519608020782471
8192,-0.029411764815449715,5.730391979217529
8193,-0.05000000074505806,4.779411792755127
8194,-0.0573529414832592,3.757352828979492
8195,-0.05784313753247261,2.713235378265381
8196,-0.08088235557079315,1.627450942993164
8197,-0.0779411792755127,0.4534313678741455
8198,-0.08676470816135406,-0.6470588445663452
8199,-0.08529412001371384,-1.7965686321258545
8200,-0.08970588445663452,-2.786764621734619
8201,-0.09558823704719543,-3.80637264251709
8202,-0.0887254923582077,-4.659313678741455
8203,-0.08088235557079315,-5.458333492279053
8204,-0.08480392396450043,-6.117647171020508
8205,-0.06372549384832382,-6.588235378265381
8206,-0.061764705926179886,-6.950980186462402
8207,-0.04215686395764351,-7.13725471496582
8208,-0.03921568766236305,-7.117647171020508
8209,-0.035784315317869186,-6.955882549285889
8210,-0.014705882407724857,-6.666666507720947
8211,-0.014705882407724857,-6.169117450714111
8212,-0.0029411765281111,-5.526960849761963
8213,0.019117647781968117,-4.769608020782471
8214,0.02450980432331562,-3.8848040103912354
8215,0.044607844203710556,-2.872549057006836
8216,0.045098040252923965,-1.7769607305526733
8217,0.054411765187978745,-0.6421568393707275
8218,0.062254901975393295,0.5220588445663452
8219,0.07254902273416519,1.7377450466156006
8220,0.07990196347236633,2.9534313678741455
8221,0.08088235557079315,4.06862735748291
8222,0.07745098322629929,5.200980186462402
8223,0.07352941483259201,6.178921699523926
8224,0.07205882668495178,7.090686321258545
8225,0.0779411792755127,7.838235378265381
8226,0.06666667014360428,8.497549057006836
8227,0.05686274543404579,8.960783958435059
8228,0.05686274543404579,9.279411315917969
8229,0.05245098099112511,9.465685844421387
8230,0.046078432351350784,9.450980186462402
8231,0.02500000037252903,9.245098114013672
8232,0.013235294260084629,8.840685844421387
8233,-0.006862745154649019,8.301470756530762
8234,-0.01274509821087122,7.615196228027344
8235,-0.030882352963089943,6.80637264251709
8236,-0.04362745210528374,5.845588207244873
8237,-0.05588235333561897,4.781862735748291
8238,-0.062254901975393295,3.629901885986328
8239,-0.06862745434045792,2.399509906768799
8240,-0.0784313753247261,1.1789215803146362
8241,-0.08480392396450043,-0.08088235557079315
8242,-0.0887254923582077,-1.2990195751190186
8243,-0.10196078568696976,-2.497549057006836
8244,-0.08627451211214066,-3.6397058963775635
8245,-0.09950980544090271,-4.69362735748291
8246,-0.07990196347236633,-5.629901885986328
8247,-0.09754902124404907,-6.438725471496582
8248,-0.07156863063573837,-7.13725471496582
8249,-0.0779411792755127,-7.617647171020508
8250,-0.06470588594675064,-8.0
8251,-0.053431373089551926,-8.13725471496582
8252,-0.04852941259741783,-8.120098114013672
8253,-0.03970588371157646,-7.904411792755127
8254,-0.015196078456938267,-7.509803771972656
8255,-0.004411764908581972,-6.953431606292725
8256,0.00637254910543561,-6.272058963775635
8257,0.013725490309298038,-5.416666507720947
8258,0.029901960864663124,-4.477941036224365
8259,0.035784315317869186,-3.3848040103912354
8260,0.0470588244497776,-2.279411792755127
8261,0.05833333358168602,-1.0049020051956177
8262,0.07205882668495178,0.23774509131908417
8263,0.07892157137393951,1.5465686321258545
8264,0.07549019902944565,2.8039214611053467
8265,0.08088235557079315,4.002450942993164
8266,0.09068627655506134,5.218137264251709
8267,0.08774510025978088,6.325980186462402
8268,0.08529412001371384,7.225490093231201
8269,0.08088235557079315,8.09313678741455
8270,0.07500000298023224,8.79411792755127
8271,0.06372549384832382,9.323529243469238
8272,0.05539215728640556,9.723039627075195
8273,0.0470588244497776,9.909314155578613
8274,0.03284313902258873,9.928921699523926
8275,0.018627451732754707,9.784314155578613
8276,0.006862745154649019,9.424019813537598
8277,-0.0034313725773245096,8.901960372924805
8278,-0.022549020126461983,8.213234901428223
8279,-0.027941176667809486,7.485294342041016
8280,-0.038235295563936234,6.48774528503418
8281,-0.045588236302137375,5.411764621734619
8282,-0.06029411777853966,4.26225471496582
8283,-0.07254902273416519,3.0220587253570557
8284,-0.0833333358168602,1.75
8285,-0.08088235557079315,0.49264705181121826
8286,-0.08088235557079315,-0.7720588445663452
8287,-0.0887254923582077,-2.024509906768799
8288,-0.09656862914562225,-3.220588207244873
8289,-0.09607843309640884,-4.372549057006836
8290,-0.0887254923582077,-5.424019813537598
8291,-0.08676470816135406,-6.235294342041016
8292,-0.08235294371843338,-7.01225471496582
8293,-0.07009804248809814,-7.634803771972656
8294,-0.0784313753247261,-8.066176414489746
8295,-0.06617647409439087,-8.41911792755127
8296,-0.04803921654820442,-8.460783958435059
8297,-0.05588235333561897,-8.401960372924805
8298,-0.009803921915590763,-8.13725471496582
8299,-0.013725490309298038,-7.754901885986328
8300,0.0029411765281111,-7.149509906768799
8301,0.013725490309298038,-6.421568393707275
8302,0.02401960827410221,-5.551470756530762
8303,0.03382353112101555,-4.578431606292725
8304,0.0470588244497776,-3.502450942993164
8305,0.062745101749897,-2.276960849761963
8306,0.062745101749897,-1.1200979948043823
8307,0.06862745434045792,0.11274509876966476
8308,0.07941176742315292,1.3799020051956177
8309,0.08137255162000656,2.6078431606292725
8310,0.07598039507865906,3.838235378265381
8311,0.08676470816135406,4.955882549285889
8312,0.0882352963089943,6.007352828979492
8313,0.07450980693101883,6.948529243469238
8314,0.07009804248809814,7.779411792755127
8315,0.07598039507865906,8.465685844421387
8316,0.062745101749897,9.004901885986328
8317,0.05000000074505806,9.313725471496582
8318,0.04117647185921669,9.598039627075195
8319,0.03872549161314964,9.664216041564941
8320,0.04313725605607033,9.541666984558105
8321,0.04754902049899101,9.299019813537598
8322,-0.0034313725773245096,8.816176414489746
8323,0.0034313725773245096,8.296568870544434
8324,-0.022058824077248573,7.522058963775635
8325,-0.03431372717022896,6.674019813537598
8326,-0.036764707416296005,5.757352828979492
8327,-0.05049019679427147,4.710784435272217
8328,-0.0676470622420311,3.617647171020508
8329,-0.07598039507865906,2.4509804248809814
8330,-0.07696078717708588,1.2720588445663452
8331,-0.08578431606292725,0.05637254938483238
8332,-0.0779411792755127,-1.095588207244873
8333,-0.09166666865348816,-2.183823585510254
8334,-0.0936274528503418,-3.257352828979492
8335,-0.08039215952157974,-4.269608020782471
8336,-0.09019608050584793,-5.183823585510254
8337,-0.09264706075191498,-5.906862735748291
8338,-0.07941176742315292,-6.622549057006836
8339,-0.07500000298023224,-7.13725471496582
8340,-0.05931372568011284,-7.507352828979492
8341,-0.05588235333561897,-7.735294342041016
8342,-0.04068627581000328,-7.843137264251709
8343,-0.028921568766236305,-7.715686321258545
8344,-0.020098039880394936,-7.509803771972656
8345,-0.008823529817163944,-7.149509906768799
8346,-0.0049019609577953815,-6.68137264251709
8347,0.009803921915590763,-6.022058963775635
8348,0.022549020126461983,-5.308823585510254
8349,0.02500000037252903,-4.453431606292725
8350,0.08529412001371384,-3.5171568393707275
8351,0.04117647185921669,-2.492647171020508
8352,0.0519607849419117,-1.4730392694473267
8353,0.06617647409439087,-0.40441176295280457
8354,0.05833333358168602,0.7034313678741455
8355,0.08088235557079315,1.7328431606292725
8356,0.062254901975393295,2.779411792755127
8357,0.07990196347236633,3.757352828979492
8358,0.0784313753247261,4.703431606292725
8359,0.07009804248809814,5.56862735748291
8360,0.06421568989753723,6.338235378265381
8361,0.06323529779911041,6.963235378265381
8362,0.062254901975393295,7.549019813537598
8363,0.05049019679427147,8.0
8364,0.028431372717022896,8.257352828979492
8365,0.036274511367082596,8.460783958435059
8366,0.019117647781968117,8.5
8367,0.011274510063230991,8.392156600952148
8368,0.01617647148668766,8.16911792755127
8369,0.0004901961074210703,7.867647171020508
8370,-0.007843137718737125,7.375
8371,-0.013725490309298038,6.776960849761963
8372,-0.029901960864663124,6.129901885986328
8373,-0.03529411926865578,5.345588207244873
8374,-0.04950980469584465,4.522058963775635
8375,-0.04901960864663124,3.629901885986328
8376,-0.06078431382775307,2.69362735748291
8377,-0.062745101749897,1.7916666269302368
8378,-0.061764705926179886,0.7892156839370728
8379,-0.0681372582912445,-0.13970588147640228
8380,-0.08088235557079315,-1.0710784196853638
8381,-0.06960784643888474,-1.9632352590560913
8382,-0.07598039507865906,-2.813725471496582
8383,-0.06911765038967133,-3.629901885986328
8384,-0.07401961088180542,-4.289215564727783
8385,-0.07009804248809814,-4.936274528503418
8386,-0.07401961088180542,-5.460784435272217
8387,-0.05833333358168602,-5.88725471496582
8388,-0.04901960864663124,-6.218137264251709
8389,-0.05049019679427147,-6.44362735748291
8390,-0.04313725605607033,-6.544117450714111
8391,-0.036274511367082596,-6.566176414489746
8392,-0.026470588520169258,-6.372549057006836
8393,-0.020588235929608345,-6.166666507720947
8394,-0.0049019609577953815,-5.835784435272217
8395,0.00147058826405555,-5.416666507720947
8396,0.009313725866377354,-4.889705657958984
8397,0.007352941203862429,-4.264705657958984
8398,0.030392156913876534,-3.6421568393707275
8399,0.03235294297337532,-2.9142158031463623
8400,0.0416666679084301,-2.063725471496582
8401,0.03921568766236305,-1.2401961088180542
8402,0.04754902049899101,-0.4387255012989044
8403,0.04852941259741783,0.48774510622024536
8404,0.05588235333561897,1.284313678741455
8405,0.07696078717708588,2.1372549533843994
8406,0.04950980469584465,2.975490093231201
8407,0.07598039507865906,3.713235378265381
8408,0.05147058889269829,4.455882549285889
8409,0.0573529414832592,5.115196228027344
8410,0.04950980469584465,5.774509906768799
8411,0.05049019679427147,6.252450942993164
8412,0.04411764815449715,6.656862735748291
8413,0.037745099514722824,7.039215564727783
8414,0.03529411926865578,7.272058963775635
8415,0.03333333507180214,7.426470756530762
8416,0.028431372717022896,7.482842922210693
8417,0.018627451732754707,7.453431606292725
8418,0.008823529817163944,7.254901885986328
8419,0.008823529817163944,7.024509906768799
8420,-0.007352941203862429,6.666666507720947
8421,-0.020098039880394936,6.31862735748291
8422,-0.01715686358511448,5.759803771972656
8423,-0.02549019642174244,5.203431606292725
8424,-0.044607844203710556,4.514705657958984
8425,-0.037254903465509415,3.80637264251709
8426,-0.046568628400564194,3.036764621734619
8427,-0.05245098099112511,2.2401959896087646
8428,-0.05539215728640556,1.4019607305526733
8429,-0.07107843458652496,0.5367646813392639
8430,-0.06078431382775307,-0.2549019753932953
8431,-0.07254902273416519,-1.0563725233078003
8432,-0.07107843458652496,-1.909313678741455
8433,-0.06421568989753723,-2.649509906768799
8434,-0.06666667014360428,-3.4215686321258545
8435,-0.16862745583057404,-4.071078300476074
8436,-0.1039215698838234,-4.664215564727783
8437,-0.11813725531101227,-5.25
8438,-0.061764705926179886,-5.696078300476074
8439,-0.053921569138765335,-6.071078300476074
8440,-0.04754902049899101,-6.301470756530762
8441,-0.04019607976078987,-6.473039150238037
8442,-0.01764705963432789,-6.539215564727783
8443,-0.011274510063230991,-6.468137264251709
8444,-0.01715686358511448,-6.365196228027344
8445,-0.011274510063230991,-6.151960849761963
8446,0.008823529817163944,-5.786764621734619
8447,-0.0019607844296842813,-5.350490093231201
8448,0.2803921699523926,-4.784313678741455
8449,-1.208823561668396,-4.350490093231201
8450,-0.30882352590560913,-3.5735294818878174
8451,-0.03284313902258873,-2.683823585510254
8452,-0.6431372761726379,-1.9779411554336548
8453,0.11127451062202454,-1.0245097875595093
8454,-0.11127451062202454,-0.20098039507865906
8455,-0.04264706000685692,0.7156862616539001
8456,0.04264706000685692,1.6666666269302368
8457,-0.036764707416296005,2.558823585510254
8458,0.09264706075191498,3.44362735748291
8459,-0.009803921915590763,4.311274528503418
8460,0.06372549384832382,5.125
8461,0.04411764815449715,5.845588207244873
8462,0.053921569138765335,6.51225471496582
8463,0.04852941259741783,7.102941036224365
8464,0.04754902049899101,7.622549057006836
8465,0.037254903465509415,7.982842922210693
8466,0.04313725605607033,8.28186321258545
8467,0.028431372717022896,8.448529243469238
8468,0.029901960864663124,8.490196228027344
8469,0.0117647061124444,8.446078300476074
8470,0.020098039880394936,8.210783958435059
8471,0.007843137718737125,7.928921699523926
8472,0.0009803922148421407,7.514705657958984
8473,-0.008333333767950535,6.985294342041016
8474,-0.021078431978821754,6.355391979217529
8475,-0.029411764815449715,5.627450942993164
8476,-0.03529411926865578,4.857842922210693
8477,-0.0416666679084301,3.965686321258545
8478,-0.0470588244497776,3.0441176891326904
8479,-0.05147058889269829,2.0441176891326904
8480,-0.06078431382775307,1.0563725233078003
8481,-0.06470588594675064,0.03921568766236305
8482,-0.07009804248809814,-0.9754902124404907
8483,-0.07745098322629929,-1.9240195751190186
8484,-0.07009804248809814,-2.8970587253570557
8485,-0.06960784643888474,-3.843137264251709
8486,-0.061764705926179886,-4.708333492279053
8487,-0.0784313753247261,-5.438725471496582
8488,-0.0676470622420311,-6.144608020782471
8489,-0.06029411777853966,-6.698529243469238
8490,-0.054901961237192154,-7.252450942993164
8491,-0.05098039284348488,-7.553921699523926
8492,-0.054411765187978745,-7.781862735748291
8493,-0.04264706000685692,-7.916666507720947
8494,-0.02450980432331562,-7.901960849761963
8495,-0.018627451732754707,-7.73774528503418
8496,-0.007843137718737125,-7.51225471496582
8497,-0.013725490309298038,-7.061274528503418
8498,0.01617647148668766,-6.598039150238037
8499,0.021078431978821754,-5.914215564727783
8500,0.021078431978821754,-5.213235378265381
8501,0.037745099514722824,-4.394608020782471
8502,0.037254903465509415,-3.473039150238037
8503,0.046568628400564194,-2.5
8504,0.0573529414832592,-1.5098038911819458
8505,0.06519608199596405,-0.49754902720451355
8506,0.07549019902944565,0.5833333134651184
8507,0.07156863063573837,1.6740195751190186
8508,0.07401961088180542,2.69362735748291
8509,0.07990196347236633,3.713235378265381
8510,0.06911765038967133,4.671568393707275
8511,0.08186274766921997,5.602941036224365
8512,0.07205882668495178,6.416666507720947
8513,0.07598039507865906,7.144608020782471
8514,0.03284313902258873,7.796568393707275
8515,0.0887254923582077,8.308823585510254
8516,0.027941176667809486,8.752450942993164
8517,0.06323529779911041,9.034314155578613
8518,0.023039216175675392,9.230392456054688
8519,0.03921568766236305,9.210783958435059
8520,0.010784314014017582,9.120098114013672
8521,0.0004901961074210703,8.921568870544434
8522,0.24068626761436462,8.615196228027344
8523,0.3593137264251709,8.174019813537598
8524,-0.42892158031463623,7.536764621734619
8525,0.44558823108673096,6.884803771972656
8526,-0.23725490272045135,6.174019813537598
8527,0.08382353186607361,5.325980186462402
8528,-0.03235294297337532,4.43137264251709
8529,-0.06960784643888474,3.4779412746429443
8530,-0.011274510063230991,2.4779412746429443
8531,-0.06568627804517746,1.4803920984268188
8532,-0.0882352963089943,0.49264705181121826
8533,-0.01764705963432789,-0.5539215803146362
8534,-0.07647059112787247,-1.5122549533843994
8535,-0.06519608199596405,-2.4607841968536377
8536,-0.07352941483259201,-3.3872549533843994
8537,-0.08235294371843338,-4.191176414489746
8538,-0.05833333358168602,-4.977941036224365
8539,-0.06862745434045792,-5.656862735748291
8540,-0.06617647409439087,-6.230391979217529
8541,-0.06519608199596405,-6.725490093231201
8542,-0.05882352963089943,-7.100490093231201
8543,-0.03921568766236305,-7.36274528503418
8544,-0.05147058889269829,-7.470588207244873
8545,0.010784314014017582,-7.553921699523926
8546,-0.009803921915590763,-7.536764621734619
8547,0.007352941203862429,-7.286764621734619
8548,0.009803921915590763,-7.007352828979492
8549,0.008333333767950535,-6.647058963775635
8550,0.019607843831181526,-6.178921699523926
8551,0.019607843831181526,-5.598039150238037
8552,0.02450980432331562,-4.897058963775635
8553,0.027450980618596077,-4.208333492279053
8554,0.028431372717022896,-3.4583332538604736
8555,0.04362745210528374,-2.617647171020508
8556,0.046078432351350784,-1.7132352590560913
8557,0.05980392172932625,-0.8921568393707275
8558,0.04264706000685692,-0.029411764815449715
8559,0.044607844203710556,0.8382353186607361
8560,0.062745101749897,1.7303920984268188
8561,0.07450980693101883,2.6029412746429443
8562,0.08627451211214066,3.4215686321258545
8563,0.04950980469584465,4.164215564727783
8564,0.07696078717708588,4.892157077789307
8565,0.05588235333561897,5.563725471496582
8566,0.046568628400564194,6.134803771972656
8567,0.045098040252923965,6.627450942993164
8568,0.04411764815449715,7.105391979217529
8569,0.03480392321944237,7.397058963775635
8570,-0.013725490309298038,7.678921699523926
8571,-0.03921568766236305,7.835784435272217
8572,-0.0024509804788976908,7.892157077789307
8573,-0.01666666753590107,7.897058963775635
8574,-0.01617647148668766,7.784313678741455
8575,-0.01666666753590107,7.632352828979492
8576,-0.013725490309298038,7.333333492279053
8577,-0.02598039247095585,7.017157077789307
8578,-0.0058823530562222,6.534313678741455
8579,-0.04313725605607033,6.085784435272217
8580,-0.029411764815449715,5.492647171020508
8581,-0.036764707416296005,4.938725471496582
8582,-0.03235294297337532,4.281862735748291
8583,0.6220588088035583,3.6470587253570557
8584,0.686274528503418,2.9460785388946533
8585,-0.18529412150382996,2.0759804248809814
8586,0.813725471496582,1.4534313678741455
8587,-0.4691176414489746,0.5024510025978088
8588,0.41421568393707275,-0.20098039507865906
8589,-0.22254902124404907,-1.0367647409439087
8590,0.09068627655506134,-1.6740195751190186
8591,-0.00147058826405555,-2.4264705181121826
8592,-0.08088235557079315,-3.1102941036224365
8593,0.030882352963089943,-3.774509906768799
8594,-0.06715686619281769,-4.352941036224365
8595,-0.045588236302137375,-4.884803771972656
8596,-0.022058824077248573,-5.31862735748291
8597,-0.053921569138765335,-5.727941036224365
8598,-0.026960784569382668,-6.071078300476074
8599,-0.04411764815449715,-6.333333492279053
8600,-0.03529411926865578,-6.504901885986328
8601,-0.01666666753590107,-6.585784435272217
8602,-0.023039216175675392,-6.654411792755127
8603,-0.020588235929608345,-6.607842922210693
8604,-0.015196078456938267,-6.389705657958984
8605,-0.0049019609577953815,-6.210784435272217
8606,-0.003921568859368563,-5.899509906768799
8607,0.005392157007008791,-5.517157077789307
8608,0.019117647781968117,-5.01225471496582
8609,0.020588235929608345,-4.526960849761963
8610,0.01764705963432789,-3.9264705181121826
8611,0.018137255683541298,-3.281862735748291
8612,0.036764707416296005,-2.6078431606292725
8613,0.03284313902258873,-1.8210784196853638
8614,0.038235295563936234,-1.0392156839370728
8615,0.044607844203710556,-0.2181372493505478
8616,0.046078432351350784,0.5759803652763367
8617,0.05000000074505806,1.4117647409439087
8618,0.05588235333561897,2.2058823108673096
8619,0.06029411777853966,3.034313678741455
8620,0.053431373089551926,3.8333332538604736
8621,0.06519608199596405,4.549019813537598
8622,0.05588235333561897,5.330882549285889
8623,0.06372549384832382,5.946078300476074
8624,0.07500000298023224,6.55637264251709
8625,0.0009803922148421407,7.125
8626,0.0784313753247261,7.593137264251709
8627,0.009803921915590763,7.955882549285889
8628,0.05245098099112511,8.25
8629,0.01274509821087122,8.46813678741455
8630,0.02401960827410221,8.60049057006836
8631,0.014215686358511448,8.558823585510254
8632,0.0058823530562222,8.470588684082031
8633,-0.010784314014017582,8.355392456054688
8634,-0.014215686358511448,8.02450942993164
8635,-0.027941176667809486,7.674019813537598
8636,-0.028431372717022896,7.169117450714111
8637,-0.022549020126461983,6.644608020782471
8638,-0.03284313902258873,6.022058963775635
8639,-0.04362745210528374,5.299019813537598
8640,-0.038235295563936234,4.553921699523926
8641,-0.044607844203710556,3.7058823108673096
8642,-0.053921569138765335,2.8602941036224365
8643,-0.05980392172932625,1.9289215803146362
8644,-0.06666667014360428,1.0122549533843994
8645,-0.07450980693101883,0.11764705926179886
8646,-0.07450980693101883,-0.8529411554336548
8647,-0.06960784643888474,-1.7745097875595093
8648,-0.07892157137393951,-2.6642158031463623
8649,-0.0784313753247261,-3.495098114013672
8650,-0.0681372582912445,-4.325980186462402
8651,-0.07696078717708588,-5.073529243469238
8652,-0.07058823853731155,-5.76225471496582
8653,-0.07598039507865906,-6.325980186462402
8654,0.11715686321258545,-6.813725471496582
8655,-0.34607842564582825,-7.303921699523926
8656,0.09852941334247589,-7.620098114013672
8657,0.0470588244497776,-7.81862735748291
8658,-0.12303921580314636,-7.965686321258545
8659,0.11764705926179886,-7.901960849761963
8660,-0.12843137979507446,-7.855391979217529
8661,0.03382353112101555,-7.644608020782471
8662,0.013235294260084629,-7.323529243469238
8663,-0.05098039284348488,-6.928921699523926
8664,0.06617647409439087,-6.446078300476074
8665,-0.010784314014017582,-5.879901885986328
8666,0.0470588244497776,-5.252450942993164
8667,0.0313725508749485,-4.492647171020508
8668,0.03235294297337532,-3.754901885986328
8669,0.05098039284348488,-2.904411792755127
8670,0.045098040252923965,-2.0784313678741455
8671,0.04901960864663124,-1.1053920984268188
8672,0.06372549384832382,-0.19607843458652496
8673,0.05245098099112511,0.6960784196853638
8674,0.06960784643888474,1.6348038911819458
8675,0.05686274543404579,2.492647171020508
8676,0.0676470622420311,3.382352828979492
8677,0.05931372568011284,4.191176414489746
8678,0.06568627804517746,4.953431606292725
8679,0.061274509876966476,5.659313678741455
8680,0.053431373089551926,6.340686321258545
8681,0.05539215728640556,6.936274528503418
8682,0.05049019679427147,7.375
8683,0.045098040252923965,7.791666507720947
8684,0.04803921654820442,8.171568870544434
8685,0.03480392321944237,8.377450942993164
8686,0.027450980618596077,8.52450942993164
8687,0.01617647148668766,8.583333015441895
8688,0.014705882407724857,8.55637264251709
8689,0.014215686358511448,8.421568870544434
8690,0.0049019609577953815,8.213234901428223
8691,-0.0029411765281111,7.909313678741455
8692,-0.01274509821087122,7.546568393707275
8693,-0.021078431978821754,7.105391979217529
8694,-0.02500000037252903,6.593137264251709
8695,-0.03431372717022896,6.007352828979492
8696,-0.038235295563936234,5.419117450714111
8697,-0.03921568766236305,4.735294342041016
8698,-0.04411764815449715,4.039215564727783
8699,-0.04803921654820442,3.2965686321258545
8700,-0.05833333358168602,2.5171568393707275
8701,-0.0470588244497776,1.7671568393707275
8702,-0.05931372568011284,1.0784313678741455
8703,-0.0681372582912445,0.29901960492134094
8704,-0.06519608199596405,-0.5416666865348816
8705,-0.05833333358168602,-1.2034313678741455
8706,-0.05931372568011284,-1.8995097875595093
8707,-0.06421568989753723,-2.6053922176361084
8708,-0.0573529414832592,-3.257352828979492
8709,-0.06960784643888474,-3.8357841968536377
8710,-0.06029411777853966,-4.419117450714111
8711,-0.05098039284348488,-4.889705657958984
8712,-0.05000000074505806,-5.350490093231201
8713,-0.052941177040338516,-5.698529243469238
8714,-0.05147058889269829,-6.049019813537598
8715,-0.044607844203710556,-6.240196228027344
8716,-0.030392156913876534,-6.477941036224365
8717,-0.03431372717022896,-6.605391979217529
8718,-0.026470588520169258,-6.63725471496582
8719,-0.020098039880394936,-6.639705657958984
8720,-0.0117647061124444,-6.575980186462402
8721,-0.015196078456938267,-6.411764621734619
8722,-0.004411764908581972,-6.25
8723,-0.0019607844296842813,-5.958333492279053
8724,-0.005392157007008791,-5.600490093231201
8725,0.00637254910543561,-5.272058963775635
8726,0.01617647148668766,-4.789215564727783
8727,0.022549020126461983,-4.303921699523926
8728,0.020588235929608345,-3.776960849761963
8729,0.026470588520169258,-3.19362735748291
8730,0.035784315317869186,-2.531862735748291
8731,0.037254903465509415,-1.9142156839370728
8732,0.037745099514722824,-1.2401961088180542
8733,0.037254903465509415,-0.563725471496582
8734,0.044607844203710556,0.20098039507865906
8735,0.03872549161314964,0.9093137383460999
8736,0.03872549161314964,1.6495097875595093
8737,0.04362745210528374,2.311274528503418
8738,0.03333333507180214,3.0441176891326904
8739,0.07352941483259201,3.7647058963775635
8740,0.0313725508749485,4.43137264251709
8741,0.05686274543404579,5.085784435272217
8742,0.03872549161314964,5.629901885986328
8743,0.053431373089551926,6.247549057006836
8744,0.04411764815449715,6.767157077789307
8745,0.03921568766236305,7.19362735748291
8746,0.054901961237192154,7.588235378265381
8747,0.036274511367082596,7.919117450714111
8748,-0.008823529817163944,8.174019813537598
8749,0.01715686358511448,8.35049057006836
8750,0.027450980618596077,8.458333015441895
8751,0.004411764908581972,8.44362735748291
8752,0.009313725866377354,8.389705657958984
8753,0.0019607844296842813,8.276960372924805
8754,0.0004901961074210703,8.046568870544434
8755,-0.005392157007008791,7.774509906768799
8756,-0.021568628028035164,7.399509906768799
8757,-0.01568627543747425,6.936274528503418
8758,-0.028431372717022896,6.411764621734619
8759,-0.029901960864663124,5.799019813537598
8760,-0.046078432351350784,5.191176414489746
8761,-0.053431373089551926,4.477941036224365
8762,-0.052941177040338516,3.786764621734619
8763,-0.045588236302137375,2.941176414489746
8764,-0.05882352963089943,2.1470587253570557
8765,-0.0681372582912445,1.3063725233078003
8766,-0.06911765038967133,0.46078431606292725
8767,-0.05931372568011284,-0.4215686321258545
8768,-0.062254901975393295,-1.247549057006836
8769,-0.07156863063573837,-2.090686321258545
8770,-0.05931372568011284,-2.8848040103912354
8771,-0.07058823853731155,-3.661764621734619
8772,-0.0676470622420311,-4.401960849761963
8773,-0.06666667014360428,-5.034313678741455
8774,-0.06862745434045792,-5.683823585510254
8775,-0.06323529779911041,-6.225490093231201
8776,-0.054411765187978745,-6.703431606292725
8777,-0.05539215728640556,-7.142157077789307
8778,-0.08529412001371384,-7.465686321258545
8779,-0.04117647185921669,-7.691176414489746
8780,-0.04362745210528374,-7.860294342041016
8781,-0.045588236302137375,-7.877450942993164
8782,-0.01764705963432789,-7.850490093231201
8783,-0.02500000037252903,-7.742647171020508
8784,-0.02450980432331562,-7.55637264251709
8785,-0.008823529817163944,-7.240196228027344
8786,-0.0034313725773245096,-6.916666507720947
8787,0.0058823530562222,-6.455882549285889
8788,0.010784314014017582,-5.93137264251709
8789,0.008823529817163944,-5.345588207244873
8790,0.028431372717022896,-4.730391979217529
8791,0.03284313902258873,-4.026960849761963
8792,0.02500000037252903,-3.345588207244873
8793,0.046568628400564194,-2.598039150238037
8794,0.04068627581000328,-1.7352941036224365
8795,0.04068627581000328,-0.9558823704719543
8796,0.046568628400564194,-0.2132352888584137
8797,0.04950980469584465,0.6372548937797546
8798,0.054901961237192154,1.3872549533843994
8799,0.05588235333561897,2.156862735748291
8800,0.05000000074505806,2.909313678741455
8801,0.05588235333561897,3.627450942993164
8802,0.06421568989753723,4.338235378265381
8803,0.0470588244497776,4.958333492279053
8804,0.0573529414832592,5.558823585510254
8805,0.0470588244497776,6.078431606292725
8806,0.04803921654820442,6.580882549285889
8807,0.04362745210528374,7.007352828979492
8808,0.03529411926865578,7.365196228027344
8809,0.03333333507180214,7.634803771972656
8810,0.01764705963432789,7.803921699523926
8811,0.0235294122248888,8.026960372924805
8812,0.010294117964804173,8.073529243469238
8813,0.009803921915590763,8.174019813537598
8814,0.0049019609577953815,8.08088207244873
8815,0.0,8.002450942993164
8816,0.007352941203862429,7.840686321258545
8817,0.0,7.622549057006836
8818,-0.010294117964804173,7.325980186462402
8819,-0.018627451732754707,7.0
8820,-0.015196078456938267,6.615196228027344
8821,-0.02549019642174244,6.19362735748291
8822,-0.021568628028035164,5.745098114013672
8823,-0.04313725605607033,5.26225471496582
8824,-0.03970588371157646,4.656862735748291
8825,-0.04852941259741783,4.178921699523926
8826,-0.04754902049899101,3.5490195751190186
8827,-0.04411764815449715,2.9852941036224365
8828,-0.046078432351350784,2.345588207244873
8829,-0.05098039284348488,1.715686321258545
8830,-0.06078431382775307,1.0269607305526733
8831,-0.06029411777853966,0.4019607901573181
8832,-0.04803921654820442,-0.2083333283662796
8833,-0.04803921654820442,-0.8676470518112183
8834,-0.04803921654820442,-1.4803920984268188
8835,-0.05637254938483238,-2.1102941036224365
8836,-0.05098039284348488,-2.683823585510254
8837,-0.05882352963089943,-3.247549057006836
8838,-0.0676470622420311,-3.8039214611053467
8839,-0.061274509876966476,-4.31862735748291
8840,-0.04950980469584465,-4.830882549285889
8841,-0.054901961237192154,-5.272058963775635
8842,-0.05245098099112511,-5.659313678741455
8843,-0.05539215728640556,-6.024509906768799
8844,-0.03529411926865578,-6.345588207244873
8845,-0.0519607849419117,-6.617647171020508
8846,-0.021568628028035164,-6.823529243469238
8847,-0.04215686395764351,-6.985294342041016
8848,-0.02598039247095585,-7.051470756530762
8849,-0.019117647781968117,-7.102941036224365
8850,-0.02450980432331562,-7.058823585510254
8851,-0.013725490309298038,-6.919117450714111
8852,-0.008333333767950535,-6.789215564727783
8853,-0.005392157007008791,-6.573529243469238
8854,-0.003921568859368563,-6.254901885986328
8855,0.005392157007008791,-5.94362735748291
8856,0.004411764908581972,-5.529411792755127
8857,0.0117647061124444,-5.080882549285889
8858,0.029901960864663124,-4.583333492279053
8859,0.030392156913876534,-3.973039150238037
8860,0.0313725508749485,-3.350490093231201
8861,0.02450980432331562,-2.6764705181121826
8862,0.03970588371157646,-1.9779411554336548
8863,0.03970588371157646,-1.2720588445663452
8864,0.0470588244497776,-0.5024510025978088
8865,0.044607844203710556,0.2671568691730499
8866,0.05245098099112511,1.034313678741455
8867,0.05147058889269829,1.784313678741455
8868,0.04803921654820442,2.566176414489746
8869,0.06029411777853966,3.345588207244873
8870,0.05686274543404579,4.022058963775635
8871,0.05637254938483238,4.747549057006836
8872,0.04950980469584465,5.450980186462402
8873,0.054411765187978745,6.063725471496582
8874,0.05049019679427147,6.639705657958984
8875,0.05245098099112511,7.169117450714111
8876,0.0470588244497776,7.620098114013672
8877,0.03921568766236305,8.041666984558105
8878,0.0313725508749485,8.38725471496582
8879,0.03921568766236305,8.647058486938477
8880,0.02450980432331562,8.813725471496582
8881,0.01617647148668766,8.98774528503418
8882,0.014705882407724857,8.990196228027344
8883,0.019117647781968117,8.933823585510254
8884,0.009803921915590763,8.81862735748291
8885,-0.005392157007008791,8.63725471496582
8886,0.00147058826405555,8.357843399047852
8887,-0.0117647061124444,8.051470756530762
8888,-0.01568627543747425,7.664215564727783
8889,-0.018627451732754707,7.203431606292725
8890,-0.02500000037252903,6.683823585510254
8891,-0.028921568766236305,6.102941036224365
8892,-0.037745099514722824,5.558823585510254
8893,-0.03921568766236305,4.840686321258545
8894,-0.053921569138765335,4.242647171020508
8895,-0.046078432351350784,3.561274528503418
8896,-0.045098040252923965,2.7965686321258545
8897,-0.04950980469584465,2.093137264251709
8898,-0.053431373089551926,1.3308823108673096
8899,-0.06568627804517746,0.6470588445663452
8900,-0.04901960864663124,-0.04901960864663124
8901,-0.07009804248809814,-0.7720588445663452
8902,-0.045098040252923965,-1.4436274766921997
8903,-0.06323529779911041,-2.122549057006836
8904,-0.05539215728640556,-2.691176414489746
8905,-0.0676470622420311,-3.3210785388946533
8906,-0.04411764815449715,-3.8848040103912354
8907,-0.05637254938483238,-4.389705657958984
8908,-0.05147058889269829,-4.879901885986328
8909,-0.05049019679427147,-5.289215564727783
8910,-0.054411765187978745,-5.639705657958984
8911,-0.045588236302137375,-5.970588207244873
8912,-0.03480392321944237,-6.242647171020508
8913,-0.03431372717022896,-6.448529243469238
8914,-0.030392156913876534,-6.644608020782471
8915,-0.038235295563936234,-6.767157077789307
8916,-0.029411764815449715,-6.835784435272217
8917,-0.020588235929608345,-6.865196228027344
8918,-0.019117647781968117,-6.81862735748291
8919,-0.01715686358511448,-6.745098114013672
8920,-0.018137255683541298,-6.642157077789307
8921,-0.00147058826405555,-6.438725471496582
8922,-0.007352941203862429,-6.257352828979492
8923,0.004411764908581972,-5.963235378265381
8924,0.0049019609577953815,-5.669117450714111
8925,0.0009803922148421407,-5.389705657958984
8926,-0.004411764908581972,-5.022058963775635
8927,0.027941176667809486,-4.61274528503418
8928,0.011274510063230991,-4.203431606292725
8929,0.0235294122248888,-3.68137264251709
8930,0.019117647781968117,-3.2377450466156006
8931,0.022058824077248573,-2.7058823108673096
8932,-0.10784313827753067,-2.2328431606292725
8933,-0.04803921654820442,-1.6348038911819458
8934,-0.054901961237192154,-1.0833333730697632
8935,0.013235294260084629,-0.45098039507865906
8936,0.023039216175675392,0.15196079015731812
8937,0.01617647148668766,0.7426470518112183
8938,0.0416666679084301,1.3259804248809814
8939,0.036764707416296005,1.997549057006836
8940,0.03333333507180214,2.558823585510254
8941,0.05049019679427147,3.1446077823638916
8942,-0.9441176652908325,3.688725471496582
8943,0.2710784375667572,4.338235378265381
8944,0.19068627059459686,5.019608020782471
8945,-0.3813725411891937,5.399509906768799
8946,0.3696078360080719,6.034313678741455
8947,-0.08480392396450043,6.448529243469238
8948,0.062254901975393295,6.909313678741455
8949,0.036274511367082596,7.313725471496582
8950,-0.02500000037252903,7.629901885986328
8951,0.07009804248809814,7.960784435272217
8952,-0.018137255683541298,8.252450942993164
8953,0.10000000149011612,8.453431129455566
8954,-0.021568628028035164,8.598039627075195
8955,0.03872549161314964,8.70588207244873
8956,0.018627451732754707,8.70588207244873
8957,-0.0009803922148421407,8.688725471496582
8958,0.01225490216165781,8.549019813537598
8959,0.020588235929608345,8.404411315917969
8960,-0.011274510063230991,8.213234901428223
8961,0.00147058826405555,7.860294342041016
8962,-0.010294117964804173,7.580882549285889
8963,-0.01225490216165781,7.147058963775635
8964,-0.028921568766236305,6.696078300476074
8965,-0.03284313902258873,6.19362735748291
8966,-0.03921568766236305,5.600490093231201
8967,-0.03431372717022896,5.049019813537598
8968,-0.0313725508749485,4.345588207244873
8969,-0.0470588244497776,3.6764705181121826
8970,-0.04852941259741783,3.026960849761963
8971,-0.046568628400564194,2.3357841968536377
8972,-0.054901961237192154,1.5686274766921997
8973,-0.053921569138765335,0.8651960492134094
8974,-0.052941177040338516,0.15441176295280457
8975,-0.06078431382775307,-0.6274510025978088
8976,-0.04215686395764351,-1.3504902124404907
8977,-0.05784313753247261,-2.026960849761963
8978,-0.062745101749897,-2.6985294818878174
8979,-0.06862745434045792,-3.3284313678741455
8980,-0.045588236302137375,-3.9485294818878174
8981,-0.04754902049899101,-4.524509906768799
8982,-0.052941177040338516,-5.01225471496582
8983,-0.06568627804517746,-5.490196228027344
8984,-0.004411764908581972,-5.889705657958984
8985,-0.05245098099112511,-6.286764621734619
8986,-0.01715686358511448,-6.575980186462402
8987,-0.03529411926865578,-6.816176414489746
8988,-0.02500000037252903,-7.105391979217529
8989,-0.018627451732754707,-7.186274528503418
8990,-0.027450980618596077,-7.294117450714111
8991,-0.01715686358511448,-7.286764621734619
8992,-0.01274509821087122,-7.294117450714111
8993,-0.009313725866377354,-7.23774528503418
8994,0.003921568859368563,-7.115196228027344
8995,0.004411764908581972,-6.926470756530762
8996,-0.0058823530562222,-6.73774528503418
8997,0.0024509804788976908,-6.475490093231201
8998,0.0058823530562222,-6.183823585510254
8999,0.01617647148668766,-5.840686321258545
9000,0.018627451732754707,-5.504901885986328
9001,0.01666666753590107,-5.115196228027344
9002,0.021078431978821754,-4.691176414489746
9003,0.021568628028035164,-4.254901885986328
9004,0.036764707416296005,-3.8357841968536377
9005,0.01225490216165781,-3.3210785388946533
9006,0.037254903465509415,-2.81862735748291
9007,0.030882352963089943,-2.3651959896087646
9008,0.027450980618596077,-1.8480392694473267
9009,0.03235294297337532,-1.3014706373214722
9010,0.036274511367082596,-0.7303921580314636
9011,0.03480392321944237,-0.2181372493505478
9012,0.028921568766236305,0.3063725531101227
9013,0.03235294297337532,0.845588207244873
9014,0.03921568766236305,1.377450942993164
9015,0.037254903465509415,1.9264706373214722
9016,0.03529411926865578,2.465686321258545
9017,0.028921568766236305,2.965686321258545
9018,0.23774509131908417,3.468137264251709
9019,0.770588219165802,4.063725471496582
9020,-0.3735294044017792,4.455882549285889
9021,0.49264705181121826,4.94362735748291
9022,-0.00637254910543561,5.404411792755127
9023,0.07401961088180542,5.799019813537598
9024,0.12058823555707932,6.269608020782471
9025,0.05980392172932625,6.661764621734619
9026,0.046568628400564194,6.968137264251709
9027,0.07107843458652496,7.321078300476074
9028,0.009803921915590763,7.598039150238037
9029,0.062745101749897,7.81862735748291
9030,0.0235294122248888,8.061274528503418
9031,0.03186274692416191,8.23774528503418
9032,0.02401960827410221,8.392156600952148
9033,0.0235294122248888,8.453431129455566
9034,0.02450980432331562,8.507352828979492
9035,0.015196078456938267,8.517156600952148
9036,0.0019607844296842813,8.446078300476074
9037,0.0024509804788976908,8.299019813537598
9038,-0.008823529817163944,8.127450942993164
9039,-0.00147058826405555,7.906862735748291
9040,0.0,7.63725471496582
9041,-0.01666666753590107,7.311274528503418
9042,-0.0235294122248888,6.914215564727783
9043,-0.020098039880394936,6.546568393707275
9044,-0.035784315317869186,6.036764621734619
9045,-0.02450980432331562,5.514705657958984
9046,-0.023039216175675392,4.982842922210693
9047,-0.03872549161314964,4.394608020782471
9048,-0.04117647185921669,3.774509906768799
9049,-0.03872549161314964,3.117647171020508
9050,-0.04754902049899101,2.4877450466156006
9051,-0.05245098099112511,1.7720588445663452
9052,-0.06078431382775307,1.1470588445663452
9053,-0.04950980469584465,0.44607841968536377
9054,-0.05000000074505806,-0.22303920984268188
9055,-0.05098039284348488,-0.9534313678741455
9056,-0.0573529414832592,-1.558823585510254
9057,-0.06960784643888474,-2.218137264251709
9058,-0.061764705926179886,-2.845588207244873
9059,-0.054901961237192154,-3.436274528503418
9060,-0.05931372568011284,-4.007352828979492
9061,-0.06519608199596405,-4.546568393707275
9062,-0.06960784643888474,-5.05637264251709
9063,-0.0470588244497776,-5.455882549285889
9064,-0.053921569138765335,-5.870098114013672
9065,-0.035784315317869186,-6.223039150238037
9066,-0.04950980469584465,-6.514705657958984
9067,-0.03333333507180214,-6.791666507720947
9068,-0.08235294371843338,-7.017157077789307
9069,-0.03382353112101555,-7.13725471496582
9070,-0.053921569138765335,-7.26225471496582
9071,-0.006862745154649019,-7.299019813537598
9072,-0.04852941259741783,-7.26225471496582
9073,-0.0024509804788976908,-7.269608020782471
9074,-0.02598039247095585,-7.188725471496582
9075,-0.019117647781968117,-7.125
9076,0.17009803652763367,-6.946078300476074
9077,-0.4166666567325592,-6.808823585510254
9078,-0.2872548997402191,-6.580882549285889
9079,0.2289215624332428,-6.281862735748291
9080,-0.759313702583313,-6.004901885986328
9081,0.4000000059604645,-5.605391979217529
9082,-0.3490196168422699,-5.340686321258545
9083,0.1715686321258545,-4.955882549285889
9084,-0.08039215952157974,-4.55637264251709
9085,-0.028921568766236305,-4.230391979217529
9086,0.06911765038967133,-3.7671568393707275
9087,-0.03235294297337532,-3.3627450466156006
9088,0.03333333507180214,-2.909313678741455
9089,0.028431372717022896,-2.497549057006836
9090,0.007843137718737125,-2.0147058963775635
9091,0.03284313902258873,-1.5220588445663452
9092,0.015196078456938267,-1.0857843160629272
9093,0.029411764815449715,-0.5882353186607361
9094,0.03872549161314964,-0.10049019753932953
9095,0.020588235929608345,0.3700980246067047
9096,0.04362745210528374,0.8799019455909729
9097,0.03235294297337532,1.3700979948043823
9098,0.035784315317869186,1.8651961088180542
9099,0.04215686395764351,2.3357841968536377
9100,0.04362745210528374,2.8259804248809814
9101,0.037254903465509415,3.3578431606292725
9102,0.04411764815449715,3.816176414489746
9103,0.037745099514722824,4.291666507720947
9104,0.045588236302137375,4.772058963775635
9105,0.03921568766236305,5.191176414489746
9106,0.0416666679084301,5.642157077789307
9107,0.04019607976078987,6.085784435272217
9108,0.037254903465509415,6.463235378265381
9109,0.03431372717022896,6.894608020782471
9110,0.03284313902258873,7.254901885986328
9111,0.03382353112101555,7.583333492279053
9112,0.01274509821087122,7.835784435272217
9113,0.03186274692416191,8.122549057006836
9114,0.05539215728640556,8.311274528503418
9115,-0.014215686358511448,8.51225471496582
9116,0.04313725605607033,8.615196228027344
9117,0.008333333767950535,8.745098114013672
9118,0.02450980432331562,8.776960372924805
9119,0.011274510063230991,8.754901885986328
9120,0.010294117964804173,8.713234901428223
9121,0.003921568859368563,8.549019813537598
9122,-0.010294117964804173,8.448529243469238
9123,-0.009313725866377354,8.232843399047852
9124,-0.013725490309298038,7.975490093231201
9125,-0.014215686358511448,7.671568393707275
9126,-0.01764705963432789,7.350490093231201
9127,-0.03235294297337532,6.958333492279053
9128,-0.026960784569382668,6.514705657958984
9129,-0.02598039247095585,6.049019813537598
9130,-0.03382353112101555,5.541666507720947
9131,-0.04019607976078987,5.022058963775635
9132,-0.03235294297337532,4.460784435272217
9133,-0.046568628400564194,3.8970587253570557
9134,-0.04068627581000328,3.311274528503418
9135,-0.045588236302137375,2.7107841968536377
9136,-0.04901960864663124,2.06862735748291
9137,-0.04901960864663124,1.470588207244873
9138,-0.04264706000685692,0.8725489974021912
9139,-0.04901960864663124,0.24754901230335236
9140,-0.05882352963089943,-0.3553921580314636
9141,-0.03970588371157646,-0.9754902124404907
9142,-0.05686274543404579,-1.465686321258545
9143,-0.04313725605607033,-2.0735294818878174
9144,-0.054411765187978745,-2.5833332538604736
9145,-0.1044117659330368,-3.06862735748291
9146,-0.6303921341896057,-3.593137264251709
9147,0.4019607901573181,-3.9828431606292725
9148,-0.5137255191802979,-4.382352828979492
9149,0.1980392187833786,-4.752450942993164
9150,-0.2181372493505478,-5.031862735748291
9151,-0.06372549384832382,-5.36274528503418
9152,0.0,-5.671568393707275
9153,-0.09117647260427475,-5.904411792755127
9154,-0.02549019642174244,-6.11274528503418
9155,-0.022549020126461983,-6.303921699523926
9156,-0.01274509821087122,-6.465686321258545
9157,-0.011274510063230991,-6.566176414489746
9158,-0.03431372717022896,-6.654411792755127
9159,-0.020588235929608345,-6.720588207244873
9160,-0.019607843831181526,-6.821078300476074
9161,-0.013235294260084629,-6.794117450714111
9162,-0.02549019642174244,-6.781862735748291
9163,-0.008823529817163944,-6.75
9164,-0.013725490309298038,-6.732842922210693
9165,-0.003921568859368563,-6.63725471496582
9166,0.00147058826405555,-6.519608020782471
9167,-0.008333333767950535,-6.411764621734619
9168,-0.011274510063230991,-6.279411792755127
9169,-0.0019607844296842813,-6.120098114013672
9170,0.0009803922148421407,-5.950980186462402
9171,-0.0009803922148421407,-5.727941036224365
9172,0.007843137718737125,-5.473039150238037
9173,0.007352941203862429,-5.301470756530762
9174,0.006862745154649019,-4.992647171020508
9175,0.0,-4.705882549285889
9176,0.014215686358511448,-4.338235378265381
9177,0.01617647148668766,-3.992647171020508
9178,0.02500000037252903,-3.632352828979492
9179,0.018627451732754707,-3.254901885986328
9180,0.023039216175675392,-2.781862735748291
9181,0.022058824077248573,-2.375
9182,0.028431372717022896,-1.9289215803146362
9183,0.01764705963432789,-1.4117647409439087
9184,0.02500000037252903,-0.9117646813392639
9185,0.030882352963089943,-0.41911765933036804
9186,0.0681372582912445,0.14460784196853638
9187,-0.01225490216165781,0.7009803652763367
9188,0.054901961237192154,1.284313678741455
9189,0.022058824077248573,1.7916666269302368
9190,0.02598039247095585,2.3970587253570557
9191,0.045588236302137375,2.963235378265381
9192,0.03921568766236305,3.5098040103912354
9193,0.03480392321944237,4.022058963775635
9194,0.04411764815449715,4.497549057006836
9195,0.03186274692416191,5.100490093231201
9196,0.03235294297337532,5.610294342041016
9197,0.028431372717022896,6.098039150238037
9198,0.03872549161314964,6.51225471496582
9199,0.03529411926865578,6.909313678741455
9200,0.04264706000685692,7.335784435272217
9201,0.02549019642174244,7.63725471496582
9202,0.0235294122248888,7.950980186462402
9203,0.01617647148668766,8.223039627075195
9204,0.02500000037252903,8.433823585510254
9205,0.019117647781968117,8.56862735748291
9206,0.01715686358511448,8.71813678741455
9207,0.01274509821087122,8.80637264251709
9208,0.0117647061124444,8.833333015441895
9209,0.0049019609577953815,8.870098114013672
9210,-0.0004901961074210703,8.801470756530762
9211,-0.008823529817163944,8.661765098571777
9212,-0.0029411765281111,8.55637264251709
9213,-0.013235294260084629,8.38725471496582
9214,-0.0034313725773245096,8.19362735748291
9215,-0.021078431978821754,7.958333492279053
9216,-0.013235294260084629,7.725490093231201
9217,-0.014705882407724857,7.414215564727783
9218,-0.020098039880394936,7.107842922210693
9219,-0.01568627543747425,6.76225471496582
9220,-0.03333333507180214,6.458333492279053
9221,-0.026960784569382668,6.053921699523926
9222,-0.03382353112101555,5.718137264251709
9223,-0.027941176667809486,5.335784435272217
9224,-0.030392156913876534,4.936274528503418
9225,-0.038235295563936234,4.55637264251709
9226,-0.02401960827410221,4.107842922210693
9227,-0.03382353112101555,3.7965686321258545
9228,-0.028431372717022896,3.345588207244873
9229,-0.044607844203710556,2.9877450466156006
9230,-0.027941176667809486,2.595588207244873
9231,-0.04754902049899101,2.18137264251709
9232,-0.03480392321944237,1.7671568393707275
9233,-0.036764707416296005,1.3823529481887817
9234,-0.036764707416296005,0.9950980544090271
9235,-0.04019607976078987,0.5514705777168274
9236,-0.044607844203710556,0.20588235557079315
9237,-0.03480392321944237,-0.23039215803146362
9238,-0.029411764815449715,-0.6004902124404907
9239,-0.04313725605607033,-1.002450942993164
9240,-0.04117647185921669,-1.377450942993164
9241,-0.030392156913876534,-1.7598038911819458
9242,-0.045588236302137375,-2.19362735748291
9243,-0.04313725605607033,-2.6102941036224365
9244,-0.04362745210528374,-3.0171568393707275
9245,-0.04068627581000328,-3.3946077823638916
9246,-0.03529411926865578,-3.8014705181121826
9247,-0.04215686395764351,-4.210784435272217
9248,-0.029411764815449715,-4.595588207244873
9249,-0.0416666679084301,-4.965686321258545
9250,-0.04264706000685692,-5.308823585510254
9251,-0.03382353112101555,-5.671568393707275
9252,-0.03970588371157646,-5.997549057006836
9253,-0.03529411926865578,-6.316176414489746
9254,-0.029411764815449715,-6.605391979217529
9255,-0.03235294297337532,-6.867647171020508
9256,-0.036764707416296005,-7.132352828979492
9257,-0.037745099514722824,-7.311274528503418
9258,-0.02450980432331562,-7.490196228027344
9259,-0.019607843831181526,-7.656862735748291
9260,-0.03529411926865578,-7.732842922210693
9261,-0.026470588520169258,-7.803921699523926
9262,-0.014705882407724857,-7.838235378265381
9263,-0.013235294260084629,-7.838235378265381
9264,-0.01274509821087122,-7.772058963775635
9265,-0.021078431978821754,-7.632352828979492
9266,-0.008333333767950535,-7.539215564727783
9267,-0.0034313725773245096,-7.350490093231201
9268,-0.0019607844296842813,-7.107842922210693
9269,0.009803921915590763,-6.879901885986328
9270,0.0024509804788976908,-6.617647171020508
9271,0.010294117964804173,-6.274509906768799
9272,0.01666666753590107,-5.911764621734619
9273,0.009313725866377354,-5.541666507720947
9274,0.019607843831181526,-5.115196228027344
9275,0.0235294122248888,-4.708333492279053
9276,0.02549019642174244,-4.259803771972656
9277,0.029901960864663124,-3.81862735748291
9278,0.02598039247095585,-3.3284313678741455
9279,-0.006862745154649019,-2.867647171020508
9280,0.03921568766236305,-2.3529412746429443
9281,0.029901960864663124,-1.9240195751190186
9282,0.03284313902258873,-1.4460784196853638
9283,0.029901960864663124,-0.938725471496582
9284,0.026470588520169258,-0.4950980246067047
9285,0.037254903465509415,-0.026960784569382668
9286,0.03480392321944237,0.4117647111415863
9287,0.030392156913876534,0.8799019455909729
9288,0.022549020126461983,1.2671568393707275
9289,0.022549020126461983,1.686274528503418
9290,0.0313725508749485,2.0784313678741455
9291,0.027941176667809486,2.43137264251709
9292,0.01715686358511448,2.8308823108673096
9293,0.028431372717022896,3.1642158031463623
9294,0.03186274692416191,3.5
9295,0.01568627543747425,3.813725471496582
9296,0.005392157007008791,4.142157077789307
9297,0.022058824077248573,4.446078300476074
9298,0.020588235929608345,4.727941036224365
9299,0.029411764815449715,5.009803771972656
9300,0.009803921915590763,5.301470756530762
9301,0.019607843831181526,5.539215564727783
9302,0.013235294260084629,5.813725471496582
9303,0.015196078456938267,6.071078300476074
9304,0.0117647061124444,6.289215564727783
9305,0.021078431978821754,6.541666507720947
9306,0.029901960864663124,6.767157077789307
9307,0.0117647061124444,6.980391979217529
9308,0.0235294122248888,7.210784435272217
9309,0.0009803922148421407,7.44362735748291
9310,0.022058824077248573,7.634803771972656
9311,0.014215686358511448,7.813725471496582
9312,0.013235294260084629,7.98774528503418
9313,0.009803921915590763,8.154411315917969
9314,0.019607843831181526,8.26225471496582
9315,0.003921568859368563,8.379901885986328
9316,0.008333333767950535,8.51225471496582
9317,0.013235294260084629,8.534314155578613
9318,0.00637254910543561,8.588234901428223
9319,-0.00147058826405555,8.58088207244873
9320,0.009313725866377354,8.602941513061523
9321,-0.00637254910543561,8.492647171020508
9322,-0.004411764908581972,8.409314155578613
9323,-0.0049019609577953815,8.289216041564941
9324,-0.004411764908581972,8.151960372924805
9325,-0.013235294260084629,7.94362735748291
9326,-0.008333333767950535,7.705882549285889
9327,-0.018137255683541298,7.441176414489746
9328,-0.022058824077248573,7.127450942993164
9329,-0.026960784569382668,6.823529243469238
9330,-0.018137255683541298,6.450980186462402
9331,-0.028431372717022896,6.071078300476074
9332,-0.007843137718737125,5.651960849761963
9333,-0.01715686358511448,5.218137264251709
9334,-0.03970588371157646,4.803921699523926
9335,-0.018627451732754707,4.299019813537598
9336,-0.03431372717022896,3.8602941036224365
9337,-0.0416666679084301,3.3651959896087646
9338,-0.04362745210528374,2.8897058963775635
9339,-0.04901960864663124,2.379901885986328
9340,-0.035784315317869186,1.8946079015731812
9341,-0.03529411926865578,1.406862735748291
9342,-0.04019607976078987,0.9338235259056091
9343,-0.03970588371157646,0.4632352888584137
9344,-0.053431373089551926,0.02450980432331562
9345,-0.04117647185921669,-0.41911765933036804
9346,-0.037254903465509415,-0.8357843160629272
9347,-0.036764707416296005,-1.2671568393707275
9348,-0.04215686395764351,-1.6495097875595093
9349,-0.035784315317869186,-1.9877450466156006
9350,-0.03872549161314964,-2.311274528503418
9351,-0.03970588371157646,-2.6789214611053467
9352,-0.028921568766236305,-2.9534313678741455
9353,-0.0416666679084301,-3.2377450466156006
9354,-0.030392156913876534,-3.534313678741455
9355,0.01617647148668766,-3.8529412746429443
9356,-0.022058824077248573,-4.06862735748291
9357,-0.023039216175675392,-4.284313678741455
9358,-0.019117647781968117,-4.480391979217529
9359,-0.0313725508749485,-4.683823585510254
9360,-0.013725490309298038,-4.921568393707275
9361,-0.019117647781968117,-5.125
9362,-0.006862745154649019,-5.299019813537598
9363,-0.010784314014017582,-5.428921699523926
9364,-0.026470588520169258,-5.656862735748291
9365,-0.019117647781968117,-5.81862735748291
9366,-0.020098039880394936,-5.982842922210693
9367,-0.01568627543747425,-6.176470756530762
9368,-0.014215686358511448,-6.343137264251709
9369,-0.019117647781968117,-6.458333492279053
9370,-0.00637254910543561,-6.629901885986328
9371,-0.01764705963432789,-6.75
9372,-0.0235294122248888,-6.914215564727783
9373,-0.019117647781968117,-7.009803771972656
9374,-0.01715686358511448,-7.080882549285889
9375,-0.014215686358511448,-7.254901885986328
9376,-0.020098039880394936,-7.276960849761963
9377,-0.02401960827410221,-7.352941036224365
9378,-0.023039216175675392,-7.401960849761963
9379,-0.020098039880394936,-7.406862735748291
9380,-0.004411764908581972,-7.433823585510254
9381,-0.0117647061124444,-7.36274528503418
9382,-0.006862745154649019,-7.267157077789307
9383,-0.010784314014017582,-7.196078300476074
9384,-0.010784314014017582,-7.06862735748291
9385,-0.027941176667809486,-6.870098114013672
9386,-0.0049019609577953815,-6.644608020782471
9387,-0.007352941203862429,-6.375
9388,0.0049019609577953815,-6.154411792755127
9389,-0.0058823530562222,-5.884803771972656
9390,0.005392157007008791,-5.519608020782471
9391,-0.005392157007008791,-5.188725471496582
9392,0.01274509821087122,-4.857842922210693
9393,0.0,-4.468137264251709
9394,0.021078431978821754,-4.044117450714111
9395,0.019117647781968117,-3.595588207244873
9396,0.02549019642174244,-3.19362735748291
9397,0.022549020126461983,-2.720588207244873
9398,0.03235294297337532,-2.247549057006836
9399,0.019607843831181526,-1.7671568393707275
9400,0.027450980618596077,-1.3235293626785278
9401,0.01666666753590107,-0.936274528503418
9402,0.030392156913876534,-0.4215686321258545
9403,0.030392156913876534,-0.04411764815449715
9404,0.029901960864663124,0.3970588147640228
9405,0.027450980618596077,0.8186274766921997
9406,0.023039216175675392,1.186274528503418
9407,0.027941176667809486,1.6053920984268188
9408,0.029901960864663124,1.9142156839370728
9409,0.027941176667809486,2.30637264251709
9410,0.01568627543747425,2.6102941036224365
9411,0.01715686358511448,2.93137264251709
9412,0.026960784569382668,3.218137264251709
9413,0.018627451732754707,3.470588207244873
9414,0.019607843831181526,3.75
9415,0.014215686358511448,4.01225471496582
9416,0.0235294122248888,4.223039150238037
9417,0.019117647781968117,4.419117450714111
9418,0.01225490216165781,4.698529243469238
9419,-0.0009803922148421407,4.872549057006836
9420,0.01715686358511448,5.11274528503418
9421,0.008333333767950535,5.276960849761963
9422,0.01274509821087122,5.446078300476074
9423,0.010784314014017582,5.68137264251709
9424,0.011274510063230991,5.88725471496582
9425,-0.062745101749897,6.105391979217529
9426,-0.044607844203710556,6.303921699523926
9427,-0.014705882407724857,6.5
9428,-0.04313725605607033,6.710784435272217
9429,-0.010784314014017582,6.924019813537598
9430,-0.03284313902258873,7.105391979217529
9431,0.03284313902258873,7.321078300476074
9432,-0.01617647148668766,7.490196228027344
9433,0.02598039247095585,7.735294342041016
9434,0.00147058826405555,7.88725471496582
9435,-0.386274516582489,8.053921699523926
9436,1.9225490093231201,8.43137264251709
9437,-0.7563725709915161,8.470588684082031
9438,0.9960784316062927,8.585783958435059
9439,-0.06715686619281769,8.700980186462402
9440,0.2813725471496582,8.740196228027344
9441,0.036274511367082596,8.848039627075195
9442,0.11715686321258545,8.823529243469238
9443,0.01568627543747425,8.889705657958984
9444,0.09264706075191498,8.86274528503418
9445,-0.010294117964804173,8.80637264251709
9446,0.05833333358168602,8.75
9447,-0.027941176667809486,8.625
9448,0.0235294122248888,8.492647171020508
9449,0.0019607844296842813,8.325980186462402
9450,0.005392157007008791,8.120098114013672
9451,0.0,7.88725471496582
9452,-0.01568627543747425,7.610294342041016
9453,-0.0024509804788976908,7.338235378265381
9454,-0.009803921915590763,7.05637264251709
9455,-0.021078431978821754,6.696078300476074
9456,-0.01764705963432789,6.365196228027344
9457,-0.021568628028035164,6.022058963775635
9458,-0.023039216175675392,5.691176414489746
9459,-0.0235294122248888,5.252450942993164
9460,-0.03333333507180214,4.872549057006836
9461,-0.020098039880394936,4.482842922210693
9462,-0.029901960864663124,4.174019813537598
9463,-0.026470588520169258,3.774509906768799
9464,-0.04264706000685692,3.438725471496582
9465,-0.028431372717022896,3.1102941036224365
9466,-0.029411764815449715,2.7328431606292725
9467,-0.01764705963432789,2.377450942993164
9468,-0.026960784569382668,2.088235378265381
9469,-0.03333333507180214,1.7990195751190186
9470,-0.014705882407724857,1.502450942993164
9471,-0.022058824077248573,1.2058823108673096
9472,-0.01666666753590107,0.9289215803146362
9473,-0.02500000037252903,0.6960784196853638
9474,-0.014705882407724857,0.4387255012989044
9475,-0.01666666753590107,0.21078431606292725
9476,-0.015196078456938267,-0.01225490216165781
9477,-0.019117647781968117,-0.29411765933036804
9478,-0.019117647781968117,-0.4950980246067047
9479,-0.018627451732754707,-0.6936274766921997
9480,-0.0235294122248888,-0.9191176295280457
9481,-0.021568628028035164,-1.1789215803146362
9482,-0.021078431978821754,-1.372549057006836
9483,-0.01715686358511448,-1.654411792755127
9484,-0.02450980432331562,-1.8872549533843994
9485,-0.020098039880394936,-2.117647171020508
9486,-0.009803921915590763,-2.4166667461395264
9487,-0.022058824077248573,-2.713235378265381
9488,-0.01715686358511448,-2.995098114013672
9489,-0.023039216175675392,-3.279411792755127
9490,-0.02450980432331562,-3.5514705181121826
9491,-0.020098039880394936,-3.879901885986328
9492,-0.02598039247095585,-4.223039150238037
9493,-0.0034313725773245096,-4.534313678741455
9494,-0.062254901975393295,-4.843137264251709
9495,-0.0019607844296842813,-5.147058963775635
9496,-0.04117647185921669,-5.517157077789307
9497,-0.0117647061124444,-5.825980186462402
9498,-0.030882352963089943,-6.075980186462402
9499,-0.01715686358511448,-6.419117450714111
9500,-0.013725490309298038,-6.664215564727783
9501,-0.007352941203862429,-6.894608020782471
9502,-0.044607844203710556,-7.134803771972656
9503,-0.46225491166114807,-7.404411792755127
9504,-0.41323530673980713,-7.549019813537598
9505,0.17352941632270813,-7.691176414489746
9506,-0.3735294044017792,-7.799019813537598
9507,0.1348039209842682,-7.897058963775635
9508,-0.17598038911819458,-7.975490093231201
9509,-0.061764705926179886,-8.039216041564941
9510,0.01274509821087122,-8.022058486938477
9511,-0.06862745434045792,-7.968137264251709
9512,-0.014215686358511448,-7.904411792755127
9513,-0.02401960827410221,-7.81862735748291
9514,-0.014705882407724857,-7.76225471496582
9515,0.007843137718737125,-7.639705657958984
9516,-0.01274509821087122,-7.455882549285889
9517,-0.00147058826405555,-7.335784435272217
9518,0.0,-7.102941036224365
9519,0.006862745154649019,-6.921568393707275
9520,0.0034313725773245096,-6.745098114013672
9521,0.00637254910543561,-6.536764621734619
9522,0.019117647781968117,-6.303921699523926
9523,0.006862745154649019,-6.129901885986328
9524,0.01225490216165781,-5.916666507720947
9525,0.0049019609577953815,-5.708333492279053
9526,0.013235294260084629,-5.531862735748291
9527,0.01225490216165781,-5.370098114013672
9528,0.007843137718737125,-5.188725471496582
9529,-0.0004901961074210703,-5.007352828979492
9530,-0.0024509804788976908,-4.857842922210693
9531,0.006862745154649019,-4.69362735748291
9532,0.011274510063230991,-4.558823585510254
9533,0.0117647061124444,-4.458333492279053
9534,0.0117647061124444,-4.30637264251709
9535,0.03921568766236305,-4.154411792755127
9536,-0.011274510063230991,-4.06862735748291
9537,0.00637254910543561,-3.9142158031463623
9538,-0.003921568859368563,-3.7965686321258545
9539,0.014705882407724857,-3.713235378265381
9540,0.01274509821087122,-3.5514705181121826
9541,0.01715686358511448,-3.3921568393707275
9542,0.010784314014017582,-3.183823585510254
9543,0.011274510063230991,-3.026960849761963
9544,0.010294117964804173,-2.8333332538604736
9545,0.004411764908581972,-2.588235378265381
9546,0.01568627543747425,-2.3602941036224365
9547,0.013235294260084629,-2.088235378265381
9548,0.015196078456938267,-1.813725471496582
9549,0.014705882407724857,-1.534313678741455
9550,0.029411764815449715,-1.1691176891326904
9551,-0.0004901961074210703,-0.8921568393707275
9552,0.036764707416296005,-0.5490196347236633
9553,0.007352941203862429,-0.15931372344493866
9554,0.03186274692416191,0.27450981736183167
9555,0.02401960827410221,0.6176470518112183
9556,0.028431372717022896,1.0416666269302368
9557,0.07205882668495178,1.4264706373214722
9558,0.03529411926865578,1.8823529481887817
9559,0.06911765038967133,2.2622549533843994
9560,0.09117647260427475,2.6666667461395264
9561,0.046568628400564194,3.024509906768799
9562,0.045098040252923965,3.433823585510254
9563,0.02598039247095585,3.816176414489746
9564,0.04803921654820442,4.139705657958984
9565,0.02500000037252903,4.455882549285889
9566,0.05784313753247261,4.76225471496582
9567,0.01274509821087122,5.075980186462402
9568,0.035784315317869186,5.328431606292725
9569,0.10294117778539658,5.5
9570,-1.5960783958435059,5.578431606292725
9571,0.8495097756385803,5.870098114013672
9572,-1.2833333015441895,6.061274528503418
9573,0.3490196168422699,6.154411792755127
9574,-0.2656862735748291,6.325980186462402
9575,-0.0117647061124444,6.384803771972656
9576,-0.02500000037252903,6.534313678741455
9577,-0.12794117629528046,6.55637264251709
9578,0.00147058826405555,6.649509906768799
9579,0.011274510063230991,6.666666507720947
9580,-0.07401961088180542,6.659313678741455
9581,0.03970588371157646,6.769608020782471
9582,-0.038235295563936234,6.76225471496582
9583,0.020588235929608345,6.796568393707275
9584,-0.003921568859368563,6.919117450714111
9585,-0.007843137718737125,6.879901885986328
9586,0.0034313725773245096,6.953431606292725
9587,-0.05147058889269829,7.024509906768799
9588,0.027450980618596077,7.115196228027344
9589,-0.020588235929608345,7.164215564727783
9590,0.007843137718737125,7.276960849761963
9591,0.009803921915590763,7.365196228027344
9592,0.0,7.455882549285889
9593,0.013725490309298038,7.659313678741455
9594,0.013235294260084629,7.75
9595,0.013235294260084629,7.892157077789307
9596,0.01274509821087122,8.063725471496582
9597,0.0034313725773245096,8.16911792755127
9598,0.008823529817163944,8.328431129455566
9599,-0.01666666753590107,8.502450942993164
9600,0.023039216175675392,8.602941513061523
9601,0.007843137718737125,8.671568870544434
9602,0.03872549161314964,8.796568870544434
9603,-0.014705882407724857,8.833333015441895
9604,0.021568628028035164,8.884803771972656
9605,-0.0034313725773245096,8.901960372924805
9606,0.00637254910543561,8.938725471496582
9607,0.009313725866377354,8.88725471496582
9608,-0.0058823530562222,8.845588684082031
9609,0.0004901961074210703,8.76225471496582
9610,-0.0034313725773245096,8.625
9611,-0.01225490216165781,8.522058486938477
9612,-0.007352941203862429,8.367647171020508
9613,-0.01225490216165781,8.164216041564941
9614,-0.0058823530562222,7.953431606292725
9615,-0.0019607844296842813,7.683823585510254
9616,-0.014705882407724857,7.394608020782471
9617,-0.011274510063230991,7.196078300476074
9618,-0.013725490309298038,6.870098114013672
9619,-0.03333333507180214,6.580882549285889
9620,-0.02401960827410221,6.301470756530762
9621,-0.030392156913876534,5.985294342041016
9622,0.009313725866377354,5.705882549285889
9623,-0.018627451732754707,5.43137264251709
9624,-0.021078431978821754,5.134803771972656
9625,-0.02500000037252903,4.848039150238037
9626,-0.022058824077248573,4.61274528503418
9627,-0.026960784569382668,4.328431606292725
9628,-0.01715686358511448,4.176470756530762
9629,-0.029901960864663124,3.9264705181121826
9630,-0.019607843831181526,3.720588207244873
9631,-0.021568628028035164,3.5441176891326904
9632,0.16421568393707275,3.3848040103912354
9633,0.3480392098426819,3.3333332538604736
9634,-0.4053921699523926,3.098039150238037
9635,0.5495098233222961,3.034313678741455
9636,-0.28480392694473267,2.877450942993164
9637,0.2338235229253769,2.8308823108673096
9638,-0.0681372582912445,2.7328431606292725
9639,0.0004901961074210703,2.654411792755127
9640,0.052941177040338516,2.55637264251709
9641,-0.05049019679427147,2.4509804248809814
9642,0.0019607844296842813,2.370098114013672
9643,-0.0049019609577953815,2.2720587253570557
9644,-0.020588235929608345,2.151960849761963
9645,0.0058823530562222,2.026960849761963
9646,-0.02500000037252903,1.9019607305526733
9647,-0.00637254910543561,1.6715686321258545
9648,0.008333333767950535,1.4534313678741455
9649,-0.04803921654820442,1.2279411554336548
9650,-0.006862745154649019,1.0122549533843994
9651,-0.03333333507180214,0.718137264251709
9652,-0.01274509821087122,0.47549018263816833
9653,-0.028431372717022896,0.1764705926179886
9654,-0.0235294122248888,-0.14705882966518402
9655,-0.03480392321944237,-0.5367646813392639
9656,-0.02450980432331562,-0.8480392098426819
9657,-0.037254903465509415,-1.2303920984268188
9658,-0.02598039247095585,-1.5563725233078003
9659,-0.04313725605607033,-1.9215686321258545
9660,-0.03333333507180214,-2.281862735748291
9661,-0.030882352963089943,-2.6470587253570557
9662,-0.02500000037252903,-2.9803922176361084
9663,-0.03235294297337532,-3.338235378265381
9664,-0.037254903465509415,-3.627450942993164
9665,-0.03970588371157646,-3.973039150238037
9666,-0.03431372717022896,-4.210784435272217
9667,-0.023039216175675392,-4.519608020782471
9668,-0.021568628028035164,-4.691176414489746
9669,-0.022549020126461983,-4.914215564727783
9670,-0.028921568766236305,-5.085784435272217
9671,-0.022058824077248573,-5.245098114013672
9672,-0.01764705963432789,-5.367647171020508
9673,-0.01568627543747425,-5.48774528503418
9674,-0.020098039880394936,-5.553921699523926
9675,-0.022058824077248573,-5.593137264251709
9676,-0.018137255683541298,-5.563725471496582
9677,-0.003921568859368563,-5.607842922210693
9678,-0.006862745154649019,-5.669117450714111
9679,-0.005392157007008791,-5.620098114013672
9680,-0.0058823530562222,-5.55637264251709
9681,-0.008333333767950535,-5.549019813537598
9682,-0.005392157007008791,-5.549019813537598
9683,-0.0117647061124444,-5.490196228027344
9684,-0.00147058826405555,-5.507352828979492
9685,-0.003921568859368563,-5.522058963775635
9686,-0.004411764908581972,-5.473039150238037
9687,-0.008333333767950535,-5.517157077789307
9688,-0.0024509804788976908,-5.590686321258545
9689,-0.003921568859368563,-5.68137264251709
9690,-0.0049019609577953815,-5.73774528503418
9691,-0.006862745154649019,-5.838235378265381
9692,-0.008823529817163944,-5.950980186462402
9693,-0.009803921915590763,-6.078431606292725
9694,-0.009313725866377354,-6.267157077789307
9695,-0.019117647781968117,-6.438725471496582
9696,-0.01274509821087122,-6.607842922210693
9697,-0.019607843831181526,-6.796568393707275
9698,-0.023039216175675392,-7.007352828979492
9699,-0.01617647148668766,-7.196078300476074
9700,-0.0235294122248888,-7.426470756530762
9701,-0.027450980618596077,-7.656862735748291
9702,-0.021078431978821754,-7.801470756530762
9703,-0.02450980432331562,-7.93137264251709
9704,-0.008333333767950535,-8.095588684082031
9705,-0.021568628028035164,-8.21813678741455
9706,-0.006862745154649019,-8.33088207244873
9707,-0.018627451732754707,-8.460783958435059
9708,-0.0058823530562222,-8.490196228027344
9709,-0.014215686358511448,-8.507352828979492
9710,-0.014705882407724857,-8.519607543945312
9711,-0.01274509821087122,-8.458333015441895
9712,-0.013235294260084629,-8.370098114013672
9713,-0.008333333767950535,-8.27450942993164
9714,-0.0004901961074210703,-8.198529243469238
9715,0.01666666753590107,-8.041666984558105
9716,0.008333333767950535,-7.901960849761963
9717,-0.01568627543747425,-7.666666507720947
9718,0.00637254910543561,-7.502450942993164
9719,0.010784314014017582,-7.227941036224365
9720,0.0049019609577953815,-7.0
9721,0.00147058826405555,-6.759803771972656
9722,0.007843137718737125,-6.546568393707275
9723,0.009313725866377354,-6.311274528503418
9724,0.01617647148668766,-6.078431606292725
9725,0.0117647061124444,-5.911764621734619
9726,0.011274510063230991,-5.669117450714111
9727,0.007352941203862429,-5.502450942993164
9728,0.01274509821087122,-5.340686321258545
9729,0.004411764908581972,-5.225490093231201
9730,0.009803921915590763,-5.100490093231201
9731,0.007843137718737125,-5.026960849761963
9732,0.014705882407724857,-4.916666507720947
9733,0.006862745154649019,-4.901960849761963
9734,0.005392157007008791,-4.88725471496582
9735,-0.004411764908581972,-4.875
9736,-0.0034313725773245096,-4.926470756530762
9737,-0.007843137718737125,-4.938725471496582
9738,-0.0009803922148421407,-5.007352828979492
9739,-0.0117647061124444,-5.041666507720947
9740,-0.010784314014017582,-5.142157077789307
9741,-0.011274510063230991,-5.139705657958984
9742,-0.018627451732754707,-5.198529243469238
9743,-0.009803921915590763,-5.264705657958984
9744,-0.013725490309298038,-5.245098114013672
9745,-0.004411764908581972,-5.321078300476074
9746,-0.005392157007008791,-5.296568393707275
9747,-0.010784314014017582,-5.257352828979492
9748,0.0,-5.191176414489746
9749,-0.00637254910543561,-5.151960849761963
9750,-0.004411764908581972,-5.0
9751,0.00147058826405555,-4.867647171020508
9752,0.00147058826405555,-4.649509906768799
9753,0.0024509804788976908,-4.531862735748291
9754,0.0019607844296842813,-4.23774528503418
9755,0.0058823530562222,-3.9852941036224365
9756,0.0029411765281111,-3.7034313678741455
9757,0.018137255683541298,-3.4191176891326904
9758,0.01617647148668766,-3.0710785388946533
9759,0.014705882407724857,-2.75
9760,0.015196078456938267,-2.4166667461395264
9761,0.05931372568011284,-2.0514705181121826
9762,0.00147058826405555,-1.7132352590560913
9763,0.021078431978821754,-1.4289215803146362
9764,0.022058824077248573,-1.0710784196853638
9765,0.018137255683541298,-0.8088235259056091
9766,0.026470588520169258,-0.5122548937797546
9767,-0.01666666753590107,-0.2083333283662796
9768,0.022549020126461983,0.07107843458652496
9769,0.009803921915590763,0.30882352590560913
9770,0.011274510063230991,0.5245097875595093
9771,0.005392157007008791,0.6691176295280457
9772,0.014215686358511448,0.7696078419685364
9773,0.009313725866377354,0.8578431606292725
9774,0.007352941203862429,0.8995097875595093
9775,0.011274510063230991,0.970588207244873
9776,0.0019607844296842813,0.9828431606292725
9777,0.0,0.9828431606292725
9778,-0.00637254910543561,0.9632353186607361
9779,-0.0034313725773245096,0.9313725233078003
9780,-0.007843137718737125,0.8725489974021912
9781,0.0049019609577953815,0.8186274766921997
9782,-0.008823529817163944,0.7892156839370728
9783,-0.0024509804788976908,0.7328431606292725
9784,-0.005392157007008791,0.656862735748291
9785,-0.013235294260084629,0.6274510025978088
9786,0.003921568859368563,0.6151960492134094
9787,-0.007352941203862429,0.6519607901573181
9788,0.0,0.6642156839370728
9789,0.0024509804788976908,0.7009803652763367
9790,-0.011274510063230991,0.8553921580314636
9791,0.02549019642174244,0.936274528503418
9792,-0.030392156913876534,1.0857843160629272
9793,0.019117647781968117,1.25
9794,0.0004901961074210703,1.409313678741455
9795,-0.0024509804788976908,1.6617647409439087
9796,0.0117647061124444,1.9264706373214722
9797,0.020588235929608345,2.213235378265381
9798,0.01568627543747425,2.502450942993164
9799,0.01274509821087122,2.8602941036224365
9800,0.021078431978821754,3.1960785388946533
9801,0.030882352963089943,3.563725471496582
9802,0.020588235929608345,3.8970587253570557
9803,0.010784314014017582,4.200980186462402
9804,0.02450980432331562,4.526960849761963
9805,0.008333333767950535,4.848039150238037
9806,0.019607843831181526,5.125
9807,0.013725490309298038,5.416666507720947
9808,0.027941176667809486,5.659313678741455
9809,0.020588235929608345,5.894608020782471
9810,0.015196078456938267,6.009803771972656
9811,0.018137255683541298,6.13725471496582
9812,0.005392157007008791,6.254901885986328
9813,0.004411764908581972,6.345588207244873
9814,0.0,6.343137264251709
9815,0.0058823530562222,6.360294342041016
9816,-0.0049019609577953815,6.276960849761963
9817,0.0029411765281111,6.225490093231201
9818,-0.0058823530562222,6.149509906768799
9819,-0.009313725866377354,6.022058963775635
9820,-0.02500000037252903,5.93137264251709
9821,-0.008333333767950535,5.81862735748291
9822,-0.0049019609577953815,5.656862735748291
9823,-0.019117647781968117,5.5
9824,-0.003921568859368563,5.340686321258545
9825,-0.010784314014017582,5.200980186462402
9826,-0.018627451732754707,5.095588207244873
9827,-0.014705882407724857,4.968137264251709
9828,-0.01617647148668766,4.924019813537598
9829,-0.006862745154649019,4.911764621734619
9830,-0.014215686358511448,4.879901885986328
9831,-0.0117647061124444,4.924019813537598
9832,-0.008823529817163944,4.973039150238037
9833,-0.00637254910543561,5.019608020782471
9834,0.010784314014017582,5.144608020782471
9835,-0.0024509804788976908,5.328431606292725
9836,0.00147058826405555,5.522058963775635
9837,-0.0029411765281111,5.730391979217529
9838,0.015196078456938267,6.002450942993164
9839,0.0004901961074210703,6.276960849761963
9840,0.013235294260084629,6.575980186462402
9841,0.02401960827410221,6.828431606292725
9842,0.0117647061124444,7.115196228027344
9843,0.011274510063230991,7.428921699523926
9844,0.028431372717022896,7.713235378265381
9845,0.014215686358511448,8.022058486938477
9846,0.021568628028035164,8.29411792755127
9847,0.009803921915590763,8.460783958435059
9848,0.01225490216165781,8.691176414489746
9849,0.011274510063230991,8.870098114013672
9850,0.009313725866377354,9.034314155578613
9851,0.0,9.134803771972656
9852,0.013725490309298038,9.14950942993164
9853,0.007352941203862429,9.196078300476074
9854,0.0024509804788976908,9.147058486938477
9855,0.0117647061124444,9.125
9856,-0.006862745154649019,8.980392456054688
9857,0.0009803922148421407,8.882352828979492
9858,-0.009803921915590763,8.708333015441895
9859,-0.01274509821087122,8.539216041564941
9860,-0.008823529817163944,8.276960372924805
9861,-0.01568627543747425,8.036765098571777
9862,-0.01617647148668766,7.735294342041016
9863,-0.02598039247095585,7.558823585510254
9864,-0.014215686358511448,7.294117450714111
9865,-0.021078431978821754,7.039215564727783
9866,-0.022058824077248573,6.789215564727783
9867,-0.020098039880394936,6.578431606292725
9868,-0.01274509821087122,6.453431606292725
9869,-0.02500000037252903,6.274509906768799
9870,-0.01617647148668766,6.139705657958984
9871,-0.020588235929608345,6.095588207244873
9872,-0.020098039880394936,6.066176414489746
9873,-0.010294117964804173,6.053921699523926
9874,-0.019607843831181526,6.078431606292725
9875,0.014705882407724857,6.183823585510254
9876,-0.023039216175675392,6.274509906768799
9877,0.006862745154649019,6.424019813537598
9878,-0.010294117964804173,6.654411792755127
9879,0.0117647061124444,6.843137264251709
9880,0.008333333767950535,7.105391979217529
9881,0.009313725866377354,7.343137264251709
9882,0.010784314014017582,7.629901885986328
9883,0.013725490309298038,7.921568393707275
9884,0.004411764908581972,8.16911792755127
9885,0.019117647781968117,8.497549057006836
9886,0.010784314014017582,8.715685844421387
9887,0.02401960827410221,8.96813678741455
9888,0.0117647061124444,9.161765098571777
9889,0.007352941203862429,9.348039627075195
9890,0.013235294260084629,9.470588684082031
9891,0.0117647061124444,9.566176414489746
9892,0.011274510063230991,9.647058486938477
9893,0.01617647148668766,9.651960372924805
9894,0.003921568859368563,9.590685844421387
9895,0.007352941203862429,9.477941513061523
9896,-0.0024509804788976908,9.360294342041016
9897,-0.004411764908581972,9.208333015441895
9898,0.0024509804788976908,9.01225471496582
9899,-0.007843137718737125,8.730392456054688
9900,-0.015196078456938267,8.485294342041016
9901,-0.01568627543747425,8.151960372924805
9902,-0.014215686358511448,7.833333492279053
9903,-0.028431372717022896,7.546568393707275
9904,-0.018137255683541298,7.147058963775635
9905,-0.022058824077248573,6.801470756530762
9906,-0.01764705963432789,6.507352828979492
9907,-0.03431372717022896,6.210784435272217
9908,-0.03480392321944237,5.897058963775635
9909,-0.021078431978821754,5.68137264251709
9910,-0.023039216175675392,5.438725471496582
9911,-0.014215686358511448,5.267157077789307
9912,-0.020098039880394936,5.13725471496582
9913,-0.015196078456938267,5.06862735748291
9914,-0.01617647148668766,5.009803771972656
9915,-0.009313725866377354,5.026960849761963
9916,-0.004411764908581972,5.115196228027344
9917,-0.013725490309298038,5.25
9918,-0.008823529817163944,5.406862735748291
9919,0.06568627804517746,5.566176414489746
9920,-0.026960784569382668,5.821078300476074
9921,0.10049019753932953,6.120098114013672
9922,0.04754902049899101,6.335784435272217
9923,0.07696078717708588,6.669117450714111
9924,0.036764707416296005,6.948529243469238
9925,0.06078431382775307,7.254901885986328
9926,0.020588235929608345,7.598039150238037
9927,0.04803921654820442,7.877450942993164
9928,-0.6784313917160034,8.04411792755127
9929,-1.2421568632125854,8.23774528503418
9930,0.7720588445663452,8.539216041564941
9931,-1.1323529481887817,8.607843399047852
9932,0.37254902720451355,8.757352828979492
9933,-0.27892157435417175,8.821078300476074
9934,0.0004901961074210703,8.791666984558105
9935,-0.0681372582912445,8.759803771972656
9936,-0.06715686619281769,8.622549057006836
9937,-0.01274509821087122,8.458333015441895
9938,-0.020098039880394936,8.22549057006836
9939,-0.046078432351350784,7.970588207244873
9940,-0.01617647148668766,7.651960849761963
9941,-0.030882352963089943,7.316176414489746
9942,-0.010294117964804173,6.894608020782471
9943,-0.03431372717022896,6.575980186462402
9944,-0.04068627581000328,6.13725471496582
9945,-0.026470588520169258,5.727941036224365
9946,-0.03382353112101555,5.321078300476074
9947,-0.02450980432331562,4.88725471496582
9948,-0.035784315317869186,4.546568393707275
9949,-0.02598039247095585,4.245098114013672
9950,-0.028921568766236305,3.8872549533843994
9951,-0.02450980432331562,3.651960849761963
9952,-0.030392156913876534,3.4240195751190186
9953,-0.013235294260084629,3.2303922176361084
9954,-0.02549019642174244,3.1691176891326904
9955,-0.008823529817163944,3.088235378265381
9956,-0.010784314014017582,3.1397058963775635
9957,-0.013235294260084629,3.154411792755127
9958,-0.0049019609577953815,3.30637264251709
9959,-0.0004901961074210703,3.5759804248809814
9960,0.0,3.7303922176361084
9961,0.008823529817163944,4.004901885986328
9962,0.007352941203862429,4.321078300476074
9963,0.005392157007008791,4.651960849761963
9964,0.01617647148668766,5.019608020782471
9965,0.013725490309298038,5.392157077789307
9966,0.03333333507180214,5.754901885986328
9967,0.01715686358511448,6.127450942993164
9968,0.026960784569382668,6.502450942993164
9969,0.009803921915590763,6.781862735748291
9970,0.06960784643888474,7.088235378265381
9971,0.021568628028035164,7.294117450714111
9972,0.027450980618596077,7.507352828979492
9973,0.02450980432331562,7.639705657958984
9974,0.01568627543747425,7.696078300476074
9975,0.023039216175675392,7.732842922210693
9976,0.015196078456938267,7.661764621734619
9977,0.007843137718737125,7.583333492279053
9978,-0.0004901961074210703,7.357842922210693
9979,-0.00637254910543561,7.120098114013672
9980,-0.0117647061124444,6.843137264251709
9981,-0.02450980432331562,6.485294342041016
9982,0.0,6.075980186462402
9983,-0.030882352963089943,5.634803771972656
9984,-0.006862745154649019,5.196078300476074
9985,-0.03333333507180214,4.715686321258545
9986,-0.03333333507180214,4.186274528503418
9987,-0.04313725605607033,3.752450942993164
9988,-0.03480392321944237,3.252450942993164
9989,-0.037745099514722824,2.850490093231201
9990,-0.0416666679084301,2.338235378265381
9991,-0.026470588520169258,2.004901885986328
9992,-0.019117647781968117,1.715686321258545
9993,-0.06372549384832382,1.433823585510254
9994,-0.5382353067398071,1.2058823108673096
9995,-0.12843137979507446,1.0759804248809814
9996,-0.0009803922148421407,1.0514706373214722
9997,-0.24362744390964508,1.0196079015731812
9998,0.11225490272045135,1.154411792755127
9999,-0.19411765038967133,1.2696079015731812
10000,0.011274510063230991,1.468137264251709
10001,0.0416666679084301,1.808823585510254
10002,-0.0470588244497776,2.1127450466156006
10003,0.023039216175675392,2.4901959896087646
10004,-0.009803921915590763,2.909313678741455
10005,0.022058824077248573,3.3235294818878174
10006,0.027450980618596077,3.7990195751190186
10007,0.020098039880394936,4.264705657958984
10008,0.022058824077248573,4.730391979217529
10009,0.029411764815449715,5.200980186462402
10010,0.030882352963089943,5.585784435272217
10011,0.036274511367082596,5.953431606292725
10012,0.03333333507180214,6.301470756530762
10013,0.020588235929608345,6.561274528503418
10014,0.02598039247095585,6.769608020782471
10015,0.019607843831181526,6.911764621734619
10016,0.009803921915590763,7.0
10017,0.01715686358511448,6.946078300476074
10018,0.013725490309298038,6.867647171020508
10019,0.004411764908581972,6.708333492279053
10020,-0.004411764908581972,6.428921699523926
10021,-0.008823529817163944,6.122549057006836
10022,-0.022058824077248573,5.725490093231201
10023,-0.02500000037252903,5.296568393707275
10024,-0.028431372717022896,4.786764621734619
10025,-0.0313725508749485,4.264705657958984
10026,-0.03480392321944237,3.6985294818878174
10027,-0.0676470622420311,3.117647171020508
10028,-0.0313725508749485,2.56862735748291
10029,-0.05686274543404579,2.029411792755127
10030,-0.06078431382775307,1.438725471496582
10031,-0.06666667014360428,0.9215686321258545
10032,-0.05980392172932625,0.49754902720451355
10033,-0.044607844203710556,0.05637254938483238
10034,-0.0519607849419117,-0.2647058963775635
10035,-0.03872549161314964,-0.5269607901573181
10036,-0.03921568766236305,-0.7720588445663452
10037,-0.020098039880394936,-0.8553921580314636
10038,-0.0470588244497776,-0.904411792755127
10039,-0.019117647781968117,-0.813725471496582
10040,-0.010294117964804173,-0.6470588445663452
10041,-0.0049019609577953815,-0.41911765933036804
10042,-0.014705882407724857,-0.11519607901573181
10043,0.022549020126461983,0.22794117033481598
10044,0.010784314014017582,0.6764705777168274
10045,0.014705882407724857,1.1666666269302368
10046,0.010294117964804173,1.6985293626785278
10047,0.01666666753590107,2.3284313678741455
10048,0.02450980432331562,2.904411792755127
10049,0.028431372717022896,3.4460785388946533
10050,0.023039216175675392,4.083333492279053
10051,0.0235294122248888,4.566176414489746
10052,0.03480392321944237,5.115196228027344
10053,0.02500000037252903,5.526960849761963
10054,-0.036274511367082596,5.948529243469238
10055,0.0117647061124444,6.254901885986328
10056,-0.01715686358511448,6.529411792755127
10057,0.03284313902258873,6.654411792755127
10058,0.0029411765281111,6.686274528503418
10059,-0.0058823530562222,6.664215564727783
10060,0.015196078456938267,6.544117450714111
10061,-0.009313725866377354,6.333333492279053
10062,0.10049019753932953,6.066176414489746
10063,0.8426470756530762,5.664215564727783
10064,-1.0436275005340576,5.088235378265381
10065,1.125,4.666666507720947
10066,-1.0367647409439087,3.970588207244873
10067,0.47843137383461,3.340686321258545
10068,-0.3029411733150482,2.718137264251709
10069,0.10049019753932953,2.034313678741455
10070,-0.027941176667809486,1.3848038911819458
10071,-0.1093137264251709,0.6397058963775635
10072,-0.0024509804788976908,0.03186274692416191
10073,-0.02401960827410221,-0.563725471496582
10074,-0.08921568840742111,-1.1078431606292725
10075,-0.004411764908581972,-1.6053920984268188
10076,-0.06029411777853966,-1.970588207244873
10077,-0.02401960827410221,-2.281862735748291
10078,-0.036764707416296005,-2.4460785388946533
10079,-0.037254903465509415,-2.595588207244873
10080,-0.004411764908581972,-2.6053922176361084
10081,-0.021568628028035164,-2.5416667461395264
10082,-0.006862745154649019,-2.3014705181121826
10083,-0.00637254910543561,-1.9950979948043823
10084,0.005392157007008791,-1.6151961088180542
10085,0.008823529817163944,-1.1029411554336548
10086,0.02598039247095585,-0.5392156839370728
10087,0.021568628028035164,0.04901960864663124
10088,0.07500000298023224,0.75
10089,-0.009803921915590763,1.465686321258545
10090,0.07990196347236633,2.1446077823638916
10091,0.03431372717022896,2.8872549533843994
10092,0.062745101749897,3.598039150238037
10093,0.037254903465509415,4.267157077789307
10094,0.04852941259741783,4.889705657958984
10095,0.04803921654820442,5.441176414489746
10096,0.046078432351350784,5.950980186462402
10097,0.045588236302137375,6.370098114013672
10098,0.03921568766236305,6.654411792755127
10099,0.0313725508749485,6.884803771972656
10100,0.03872549161314964,6.985294342041016
10101,0.02401960827410221,6.953431606292725
10102,0.009803921915590763,6.816176414489746
10103,0.01666666753590107,6.615196228027344
10104,0.0024509804788976908,6.235294342041016
10105,-0.01274509821087122,5.752450942993164
10106,-0.019607843831181526,5.200980186462402
10107,-0.03333333507180214,4.590686321258545
10108,-0.030882352963089943,3.901960849761963
10109,-0.04215686395764351,3.1029412746429443
10110,-0.04803921654820442,2.3284313678741455
10111,-0.04803921654820442,1.529411792755127
10112,-0.06421568989753723,0.6715686321258545
10113,-0.037254903465509415,-0.1715686321258545
10114,-0.036274511367082596,-0.9117646813392639
10115,-0.054901961237192154,-1.683823585510254
10116,-0.061274509876966476,-2.30637264251709
10117,-0.061274509876966476,-2.904411792755127
10118,-0.04852941259741783,-3.3946077823638916
10119,-0.044607844203710556,-3.776960849761963
10120,-0.030882352963089943,-4.044117450714111
10121,-0.04068627581000328,-4.186274528503418
10122,-0.027941176667809486,-4.23774528503418
10123,-0.027450980618596077,-4.093137264251709
10124,-0.008333333767950535,-3.9534313678741455
10125,-0.011274510063230991,-3.526960849761963
10126,0.0009803922148421407,-3.125
10127,0.0004901961074210703,-2.5539214611053467
10128,0.030392156913876534,-1.8946079015731812
10129,0.029901960864663124,-1.127450942993164
10130,0.036764707416296005,-0.3382352888584137
10131,0.038235295563936234,0.4828431308269501
10132,0.04117647185921669,1.3529411554336548
10133,0.054411765187978745,2.242647171020508
10134,0.04754902049899101,3.1691176891326904
10135,0.06323529779911041,4.002450942993164
10136,0.05686274543404579,4.73774528503418
10137,0.1348039209842682,5.51225471496582
10138,0.37696078419685364,6.196078300476074
10139,0.05539215728640556,6.715686321258545
10140,-0.020098039880394936,7.139705657958984
10141,0.32598039507865906,7.463235378265381
10142,-0.17352941632270813,7.61274528503418
10143,0.18921568989753723,7.700980186462402
10144,-0.018137255683541298,7.593137264251709
10145,0.013725490309298038,7.330882549285889
10146,0.05588235333561897,7.019608020782471
10147,-0.061764705926179886,6.504901885986328
10148,0.014705882407724857,5.914215564727783
10149,-0.029901960864663124,5.196078300476074
10150,-0.036764707416296005,4.441176414489746
10151,-0.052941177040338516,3.5539214611053467
10152,-0.05637254938483238,2.617647171020508
10153,-0.04803921654820442,1.6617647409439087
10154,-0.06078431382775307,0.656862735748291
10155,-0.07401961088180542,-0.32598039507865906
10156,-0.0784313753247261,-1.247549057006836
10157,-0.07401961088180542,-2.151960849761963
10158,-0.08039215952157974,-2.995098114013672
10159,-0.061764705926179886,-3.776960849761963
10160,-0.07205882668495178,-4.414215564727783
10161,-0.06372549384832382,-4.919117450714111
10162,-0.06715686619281769,-5.330882549285889
10163,-0.061274509876966476,-5.627450942993164
10164,-0.05245098099112511,-5.799019813537598
10165,-0.036764707416296005,-5.735294342041016
10166,-0.02549019642174244,-5.573529243469238
10167,-0.020588235929608345,-5.257352828979492
10168,-0.0029411765281111,-4.801470756530762
10169,-0.0024509804788976908,-4.242647171020508
10170,0.013725490309298038,-3.5
10171,0.021078431978821754,-2.6960785388946533
10172,0.03921568766236305,-1.808823585510254
10173,0.046078432351350784,-0.8088235259056091
10174,0.04950980469584465,0.19362744688987732
10175,0.04852941259741783,1.183823585510254
10176,0.045098040252923965,2.242647171020508
10177,0.05049019679427147,3.274509906768799
10178,0.07647059112787247,4.281862735748291
10179,0.04264706000685692,5.196078300476074
10180,0.07696078717708588,6.049019813537598
10181,0.05000000074505806,6.803921699523926
10182,0.062745101749897,7.433823585510254
10183,0.054411765187978745,7.950980186462402
10184,0.04117647185921669,8.33088207244873
10185,0.035784315317869186,8.55637264251709
10186,0.02450980432331562,8.620098114013672
10187,0.019117647781968117,8.465685844421387
10188,0.01274509821087122,8.171568870544434
10189,0.0034313725773245096,7.81862735748291
10190,-0.00637254910543561,7.26225471496582
10191,-0.0235294122248888,6.539215564727783
10192,-0.036274511367082596,5.752450942993164
10193,-0.04901960864663124,4.799019813537598
10194,-0.05980392172932625,3.813725471496582
10195,-0.06323529779911041,2.6985294818878174
10196,-0.05000000074505806,1.627450942993164
10197,-0.0990196093916893,0.44117647409439087
10198,-0.06372549384832382,-0.6764705777168274
10199,-0.09019608050584793,-1.7916666269302368
10200,-0.06862745434045792,-2.8284313678741455
10201,-0.09558823704719543,-3.8284313678741455
10202,-0.08235294371843338,-4.678921699523926
10203,-0.08431372791528702,-5.450980186462402
10204,-0.07450980693101883,-6.105391979217529
10205,-0.06715686619281769,-6.610294342041016
10206,-0.05539215728640556,-6.936274528503418
10207,-0.05049019679427147,-7.122549057006836
10208,-0.0009803922148421407,-7.129901885986328
10209,-0.0416666679084301,-6.958333492279053
10210,0.0049019609577953815,-6.666666507720947
10211,-0.00147058826405555,-6.154411792755127
10212,-0.0019607844296842813,-5.522058963775635
10213,0.027450980618596077,-4.73774528503418
10214,0.0313725508749485,-3.875
10215,0.04803921654820442,-2.9215686321258545
10216,0.04117647185921669,-1.808823585510254
10217,0.0573529414832592,-0.6470588445663452
10218,0.07058823853731155,0.563725471496582
10219,0.07500000298023224,1.7549020051956177
10220,0.07352941483259201,2.938725471496582
10221,0.0779411792755127,4.093137264251709
10222,0.08137255162000656,5.164215564727783
10223,0.08382353186607361,6.161764621734619
10224,0.08627451211214066,7.088235378265381
10225,0.08137255162000656,7.838235378265381
10226,0.062745101749897,8.47549057006836
10227,0.054901961237192154,8.973039627075195
10228,0.05637254938483238,9.308823585510254
10229,0.04803921654820442,9.433823585510254
10230,0.026960784569382668,9.411765098571777
10231,0.021078431978821754,9.257352828979492
10232,0.0029411765281111,8.865196228027344
10233,-0.004411764908581972,8.338234901428223
10234,-0.019607843831181526,7.61274528503418
10235,-0.03431372717022896,6.803921699523926
10236,-0.04068627581000328,5.833333492279053
10237,-0.062745101749897,4.764705657958984
10238,-0.06029411777853966,3.6151959896087646
10239,-0.07156863063573837,2.433823585510254
10240,-0.08627451211214066,1.1764706373214722
10241,-0.08627451211214066,-0.0833333358168602
10242,-0.09215686470270157,-1.3210784196853638
10243,-0.09656862914562225,-2.497549057006836
10244,-0.08382353186607361,-3.661764621734619
10245,-0.10196078568696976,-4.732842922210693
10246,-0.09264706075191498,-5.634803771972656
10247,-0.0833333358168602,-6.424019813537598
10248,-0.0833333358168602,-7.085784435272217
10249,-0.0882352963089943,-7.676470756530762
10250,-0.04362745210528374,-8.02450942993164
10251,-0.07549019902944565,-8.09313678741455
10252,-0.0313725508749485,-8.083333015441895
10253,-0.05049019679427147,-7.93137264251709
10254,-0.01715686358511448,-7.541666507720947
10255,-0.01225490216165781,-7.041666507720947
10256,0.009803921915590763,-6.365196228027344
10257,0.010784314014017582,-5.468137264251709
10258,0.027450980618596077,-4.48774528503418
10259,0.03480392321944237,-3.4191176891326904
10260,0.04411764815449715,-2.257352828979492
10261,0.05833333358168602,-1.0122549533843994
10262,0.06715686619281769,0.23039215803146362
10263,0.07205882668495178,1.531862735748291
10264,0.08970588445663452,2.8210785388946533
10265,0.08970588445663452,4.002450942993164
10266,0.07500000298023224,5.215686321258545
10267,0.08529412001371384,6.316176414489746
10268,0.0941176488995552,7.225490093231201
10269,0.07892157137393951,8.090685844421387
10270,0.07500000298023224,8.811274528503418
10271,0.062254901975393295,9.35049057006836
10272,0.04754902049899101,9.708333015441895
10273,0.046568628400564194,9.897058486938477
10274,0.03970588371157646,9.916666984558105
10275,0.01666666753590107,9.757352828979492
10276,0.009313725866377354,9.379901885986328
10277,-0.007352941203862429,8.91911792755127
10278,-0.018627451732754707,8.289216041564941
10279,-0.029411764815449715,7.411764621734619
10280,-0.04362745210528374,6.455882549285889
10281,-0.045588236302137375,5.384803771972656
10282,-0.062745101749897,4.276960849761963
10283,-0.06960784643888474,3.0171568393707275
10284,-0.0784313753247261,1.7769607305526733
10285,-0.0779411792755127,0.531862735748291
10286,-0.09558823704719543,-0.8235294222831726
10287,-0.09803921729326248,-2.024509906768799
10288,-0.09754902124404907,-3.2279412746429443
10289,-0.09656862914562225,-4.357842922210693
10290,-0.0941176488995552,-5.367647171020508
10291,-0.09558823704719543,-6.289215564727783
10292,-0.08480392396450043,-7.034313678741455
10293,-0.08382353186607361,-7.671568393707275
10294,-0.06715686619281769,-8.066176414489746
10295,-0.0681372582912445,-8.372549057006836
10296,-0.05000000074505806,-8.433823585510254
10297,-0.038235295563936234,-8.414216041564941
10298,-0.030882352963089943,-8.122549057006836
10299,-0.020588235929608345,-7.745098114013672
10300,-0.008333333767950535,-7.171568393707275
10301,0.007352941203862429,-6.460784435272217
10302,0.01764705963432789,-5.534313678741455
10303,0.030882352963089943,-4.578431606292725
10304,0.03186274692416191,-3.4803922176361084
10305,0.05686274543404579,-2.308823585510254
10306,0.062254901975393295,-1.0980392694473267
10307,0.06470588594675064,0.12745098769664764
10308,0.07058823853731155,1.3799020051956177
10309,0.08235294371843338,2.6053922176361084
10310,0.08382353186607361,3.8284313678741455
10311,0.08431372791528702,4.955882549285889
10312,0.07696078717708588,5.946078300476074
10313,0.07745098322629929,6.884803771972656
10314,0.07401961088180542,7.769608020782471
10315,0.0676470622420311,8.477941513061523
10316,0.07156863063573837,8.992647171020508
10317,0.061764705926179886,9.392156600952148
10318,0.04313725605607033,9.651960372924805
10319,0.0313725508749485,9.647058486938477
10320,0.021568628028035164,9.52450942993164
10321,0.007843137718737125,9.259803771972656
10322,-0.0009803922148421407,8.867647171020508
10323,-0.009313725866377354,8.254901885986328
10324,-0.023039216175675392,7.5
10325,-0.03480392321944237,6.69362735748291
10326,-0.045588236302137375,5.713235378265381
10327,-0.05098039284348488,4.674019813537598
10328,-0.06568627804517746,3.5833332538604736
10329,-0.0779411792755127,2.436274528503418
10330,-0.08725490421056747,1.2352941036224365
10331,-0.08774510025978088,0.08088235557079315
10332,-0.08627451211214066,-1.095588207244873
10333,-0.09460784494876862,-2.19362735748291
10334,-0.08774510025978088,-3.2990195751190186
10335,-0.09264706075191498,-4.252450942993164
10336,-0.0941176488995552,-5.166666507720947
10337,-0.08088235557079315,-5.955882549285889
10338,-0.07450980693101883,-6.610294342041016
10339,-0.06911765038967133,-7.078431606292725
10340,-0.04313725605607033,-7.536764621734619
10341,-0.05049019679427147,-7.73774528503418
10342,-0.05049019679427147,-7.840686321258545
10343,-0.046078432351350784,-7.754901885986328
10344,-0.022058824077248573,-7.551470756530762
10345,-0.008333333767950535,-7.169117450714111
10346,0.0034313725773245096,-6.659313678741455
10347,0.0117647061124444,-6.05637264251709
10348,0.023039216175675392,-5.242647171020508
10349,0.029411764815449715,-4.428921699523926
10350,0.04362745210528374,-3.5220587253570557
10351,0.046568628400564194,-2.531862735748291
10352,0.053921569138765335,-1.497549057006836
10353,0.05784313753247261,-0.4166666567325592
10354,0.05931372568011284,0.6421568393707275
10355,0.06519608199596405,1.7426470518112183
10356,0.08578431606292725,2.776960849761963
10357,0.061274509876966476,3.7671568393707275
10358,0.0784313753247261,4.742647171020508
10359,0.06519608199596405,5.607842922210693
10360,0.06568627804517746,6.355391979217529
10361,0.061764705926179886,6.990196228027344
10362,0.05098039284348488,7.558823585510254
10363,0.04901960864663124,7.975490093231201
10364,0.0313725508749485,8.259803771972656
10365,0.03284313902258873,8.453431129455566
10366,0.029901960864663124,8.458333015441895
10367,0.0235294122248888,8.372549057006836
10368,0.014215686358511448,8.186274528503418
10369,-0.004411764908581972,7.879901885986328
10370,-0.0058823530562222,7.340686321258545
10371,-0.01568627543747425,6.776960849761963
10372,-0.022549020126461983,6.129901885986328
10373,-0.053921569138765335,5.335784435272217
10374,-0.005392157007008791,4.519608020782471
10375,-0.05000000074505806,3.649509906768799
10376,-0.06519608199596405,2.7941176891326904
10377,-0.054901961237192154,1.784313678741455
10378,-0.07058823853731155,0.8382353186607361
10379,-0.06960784643888474,-0.13725490868091583
10380,-0.06617647409439087,-1.063725471496582
10381,-0.08382353186607361,-1.9901961088180542
10382,-0.07058823853731155,-2.845588207244873
10383,-0.06372549384832382,-3.6053922176361084
10384,-0.07352941483259201,-4.343137264251709
10385,-0.061764705926179886,-4.919117450714111
10386,-0.062745101749897,-5.480391979217529
10387,-0.05784313753247261,-5.911764621734619
10388,-0.05000000074505806,-6.203431606292725
10389,-0.05245098099112511,-6.433823585510254
10390,-0.037745099514722824,-6.549019813537598
10391,-0.028921568766236305,-6.526960849761963
10392,-0.023039216175675392,-6.411764621734619
10393,-0.01715686358511448,-6.218137264251709
10394,-0.003921568859368563,-5.860294342041016
10395,-0.0024509804788976908,-5.426470756530762
10396,0.018137255683541298,-4.867647171020508
10397,0.01666666753590107,-4.286764621734619
10398,0.030392156913876534,-3.620098114013672
10399,0.027941176667809486,-2.845588207244873
10400,0.03970588371157646,-2.098039150238037
10401,0.036764707416296005,-1.2328431606292725
10402,0.04264706000685692,-0.40441176295280457
10403,0.0470588244497776,0.43382352590560913
10404,0.07205882668495178,1.3186274766921997
10405,0.08431372791528702,2.129901885986328
10406,0.0470588244497776,2.9803922176361084
10407,0.07450980693101883,3.7303922176361084
10408,0.05147058889269829,4.379901885986328
10409,0.054411765187978745,5.090686321258545
10410,0.05784313753247261,5.723039150238037
10411,0.037254903465509415,6.274509906768799
10412,0.06421568989753723,6.715686321258545
10413,0.026960784569382668,7.017157077789307
10414,0.05049019679427147,7.272058963775635
10415,-0.12941177189350128,7.426470756530762
10416,-0.07205882668495178,7.497549057006836
10417,-0.05882352963089943,7.477941036224365
10418,-0.02401960827410221,7.311274528503418
10419,-0.03284313902258873,7.071078300476074
10420,-0.015196078456938267,6.696078300476074
10421,-1.0176470279693604,6.203431606292725
10422,0.7921568751335144,5.781862735748291
10423,-0.18480391800403595,5.264705657958984
10424,-0.0573529414832592,4.5
10425,0.1872549057006836,3.840686321258545
10426,-0.09019608050584793,3.0539214611053467
10427,-0.022549020126461983,2.2279412746429443
10428,-0.018137255683541298,1.4509804248809814
10429,-0.11568627506494522,0.5245097875595093
10430,0.007843137718737125,-0.2647058963775635
10431,-0.10637255012989044,-1.1078431606292725
10432,-0.027941176667809486,-1.872549057006836
10433,-0.09068627655506134,-2.654411792755127
10434,-0.05098039284348488,-3.438725471496582
10435,-0.054411765187978745,-4.095588207244873
10436,-0.07598039507865906,-4.661764621734619
10437,-0.07009804248809814,-5.26225471496582
10438,-0.044607844203710556,-5.68137264251709
10439,-0.06078431382775307,-6.053921699523926
10440,-0.0470588244497776,-6.343137264251709
10441,-0.04901960864663124,-6.477941036224365
10442,-0.03529411926865578,-6.55637264251709
10443,-0.02450980432331562,-6.519608020782471
10444,-0.0117647061124444,-6.352941036224365
10445,-0.015196078456938267,-6.107842922210693
10446,-0.009313725866377354,-5.786764621734619
10447,0.0004901961074210703,-5.313725471496582
10448,0.0049019609577953815,-4.860294342041016
10449,0.028921568766236305,-4.169117450714111
10450,0.038235295563936234,-3.5196077823638916
10451,0.027450980618596077,-2.747549057006836
10452,0.04313725605607033,-1.8529411554336548
10453,0.044607844203710556,-1.031862735748291
10454,0.05245098099112511,-0.15441176295280457
10455,0.05539215728640556,0.813725471496582
10456,0.06519608199596405,1.6789215803146362
10457,0.07009804248809814,2.617647171020508
10458,0.06617647409439087,3.5122549533843994
10459,0.07058823853731155,4.296568393707275
10460,0.05588235333561897,5.110294342041016
10461,0.06617647409439087,5.852941036224365
10462,0.053431373089551926,6.517157077789307
10463,0.053431373089551926,7.110294342041016
10464,0.04313725605607033,7.558823585510254
10465,0.08039215952157974,7.985294342041016
10466,0.019607843831181526,8.284314155578613
10467,0.03970588371157646,8.409314155578613
10468,0.01568627543747425,8.47549057006836
10469,0.02549019642174244,8.424019813537598
10470,0.009313725866377354,8.254901885986328
10471,0.01225490216165781,7.911764621734619
10472,-0.020588235929608345,7.509803771972656
10473,-0.005392157007008791,6.985294342041016
10474,-0.026960784569382668,6.311274528503418
10475,-0.028431372717022896,5.651960849761963
10476,-0.03529411926865578,4.821078300476074
10477,-0.04313725605607033,3.93137264251709
10478,-0.05784313753247261,3.026960849761963
10479,-0.054901961237192154,2.024509906768799
10480,-0.05098039284348488,1.063725471496582
10481,-0.07205882668495178,0.036764707416296005
10482,-0.07352941483259201,-0.970588207244873
10483,-0.07205882668495178,-1.965686321258545
10484,-0.07156863063573837,-2.9460785388946533
10485,-0.07990196347236633,-3.8602941036224365
10486,-0.0779411792755127,-4.674019813537598
10487,-0.06911765038967133,-5.490196228027344
10488,-0.07401961088180542,-6.13725471496582
10489,-0.06568627804517746,-6.703431606292725
10490,-0.06862745434045792,-7.169117450714111
10491,-0.05098039284348488,-7.583333492279053
10492,-0.06078431382775307,-7.774509906768799
10493,-0.04901960864663124,-7.921568393707275
10494,-0.04264706000685692,-7.857842922210693
10495,-0.1975490152835846,-7.779411792755127
10496,-0.7764706015586853,-7.531862735748291
10497,0.33039215207099915,-7.06862735748291
10498,-0.3955882489681244,-6.580882549285889
10499,0.12794117629528046,-5.953431606292725
10500,-0.09117647260427475,-5.215686321258545
10501,-0.03186274692416191,-4.414215564727783
10502,0.0519607849419117,-3.473039150238037
10503,0.04019607976078987,-2.5465686321258545
10504,0.0024509804788976908,-1.5269607305526733
10505,0.07549019902944565,-0.5098039507865906
10506,0.044607844203710556,0.5882353186607361
10507,0.08431372791528702,1.654411792755127
10508,0.054901961237192154,2.6372549533843994
10509,0.07401961088180542,3.6985294818878174
10510,0.07450980693101883,4.644608020782471
10511,0.07450980693101883,5.573529243469238
10512,0.05931372568011284,6.375
10513,0.06519608199596405,7.144608020782471
10514,0.054411765187978745,7.776960849761963
10515,0.061274509876966476,8.296568870544434
10516,0.062254901975393295,8.727941513061523
10517,0.023039216175675392,9.066176414489746
10518,0.08186274766921997,9.235294342041016
10519,0.04803921654820442,9.213234901428223
10520,0.0519607849419117,9.166666984558105
10521,0.02598039247095585,8.924019813537598
10522,0.01764705963432789,8.588234901428223
10523,0.004411764908581972,8.159314155578613
10524,-0.01666666753590107,7.622549057006836
10525,-0.02500000037252903,6.906862735748291
10526,-0.03480392321944237,6.174019813537598
10527,-0.03921568766236305,5.36274528503418
10528,-0.05245098099112511,4.428921699523926
10529,-0.05049019679427147,3.4779412746429443
10530,-0.06372549384832382,2.475490093231201
10531,-0.06519608199596405,1.5
10532,-0.07009804248809814,0.4779411852359772
10533,-0.07647059112787247,-0.531862735748291
10534,-0.07647059112787247,-1.5147058963775635
10535,-0.07647059112787247,-2.4803922176361084
10536,-0.07500000298023224,-3.382352828979492
10537,-0.0833333358168602,-4.218137264251709
10538,-0.07990196347236633,-4.950980186462402
10539,-0.07450980693101883,-5.632352828979492
10540,-0.0681372582912445,-6.227941036224365
10541,-0.06470588594675064,-6.725490093231201
10542,-0.052941177040338516,-7.098039150238037
10543,-0.0470588244497776,-7.352941036224365
10544,-0.04803921654820442,-7.544117450714111
10545,-0.037745099514722824,-7.519608020782471
10546,-0.018137255683541298,-7.492647171020508
10547,-0.02500000037252903,-7.272058963775635
10548,-0.0019607844296842813,-7.004901885986328
10549,-0.009803921915590763,-6.627450942993164
10550,0.03382353112101555,-6.200980186462402
10551,-0.03872549161314964,-5.553921699523926
10552,0.037254903465509415,-4.906862735748291
10553,-0.006862745154649019,-4.218137264251709
10554,0.038235295563936234,-3.43137264251709
10555,0.1985294073820114,-2.6372549533843994
10556,-0.7019608020782471,-1.8848038911819458
10557,-0.0058823530562222,-0.9166666865348816
10558,-0.01225490216165781,0.01225490216165781
10559,-0.5789215564727783,0.779411792755127
10560,0.3745098114013672,1.7769607305526733
10561,-0.2700980305671692,2.5735294818878174
10562,0.19656862318515778,3.4166667461395264
10563,-0.05245098099112511,4.154411792755127
10564,0.015196078456938267,4.877450942993164
10565,0.1612745076417923,5.551470756530762
10566,-0.029411764815449715,6.090686321258545
10567,0.08921568840742111,6.615196228027344
10568,0.03382353112101555,7.102941036224365
10569,0.028431372717022896,7.404411792755127
10570,0.05098039284348488,7.715686321258545
10571,0.022549020126461983,7.811274528503418
10572,0.02401960827410221,7.894608020782471
10573,0.02549019642174244,7.901960849761963
10574,0.01274509821087122,7.80637264251709
10575,0.008333333767950535,7.602941036224365
10576,0.0009803922148421407,7.333333492279053
10577,-0.029901960864663124,7.009803771972656
10578,0.020588235929608345,6.575980186462402
10579,-0.04264706000685692,6.058823585510254
10580,-0.010294117964804173,5.531862735748291
10581,-0.04362745210528374,4.936274528503418
10582,-0.04019607976078987,4.269608020782471
10583,-0.03970588371157646,3.5735294818878174
10584,-0.05049019679427147,2.8651959896087646
10585,-0.04411764815449715,2.098039150238037
10586,-0.04950980469584465,1.2867647409439087
10587,-0.05686274543404579,0.5465686321258545
10588,-0.05000000074505806,-0.25245097279548645
10589,-0.06323529779911041,-0.9852941036224365
10590,-0.06323529779911041,-1.7230392694473267
10591,-0.06911765038967133,-2.433823585510254
10592,-0.05882352963089943,-3.120098114013672
10593,-0.054901961237192154,-3.752450942993164
10594,-0.05098039284348488,-4.328431606292725
10595,-0.054901961237192154,-4.875
10596,-0.09068627655506134,-5.357842922210693
10597,0.010294117964804173,-5.730391979217529
10598,-0.0470588244497776,-6.102941036224365
10599,-0.018627451732754707,-6.355391979217529
10600,-0.04313725605607033,-6.514705657958984
10601,-0.036764707416296005,-6.598039150238037
10602,-0.02500000037252903,-6.642157077789307
10603,-0.0034313725773245096,-6.558823585510254
10604,-0.019607843831181526,-6.468137264251709
10605,-0.004411764908581972,-6.18137264251709
10606,-0.00147058826405555,-5.933823585510254
10607,0.010784314014017582,-5.482842922210693
10608,0.003921568859368563,-5.051470756530762
10609,0.008823529817163944,-4.539215564727783
10610,0.027941176667809486,-3.94362735748291
10611,0.026470588520169258,-3.279411792755127
10612,0.03431372717022896,-2.5539214611053467
10613,0.02549019642174244,-1.8480392694473267
10614,0.0470588244497776,-1.034313678741455
10615,0.03333333507180214,-0.2671568691730499
10616,0.053431373089551926,0.563725471496582
10617,0.053431373089551926,1.3897058963775635
10618,0.053431373089551926,2.215686321258545
10619,0.06421568989753723,3.0441176891326904
10620,0.0519607849419117,3.808823585510254
10621,0.054901961237192154,4.536764621734619
10622,0.05147058889269829,5.301470756530762
10623,0.062254901975393295,5.958333492279053
10624,0.053921569138765335,6.539215564727783
10625,0.037254903465509415,7.098039150238037
10626,-0.17598038911819458,7.541666507720947
10627,-0.3598039150238037,7.953431606292725
10628,0.33088234066963196,8.316176414489746
10629,-0.4225490093231201,8.421568870544434
10630,0.2666666805744171,8.566176414489746
10631,-0.23578430712223053,8.627450942993164
10632,0.021568628028035164,8.47549057006836
10633,0.020098039880394936,8.299019813537598
10634,-0.06519608199596405,8.029411315917969
10635,0.018627451732754707,7.664215564727783
10636,-0.04852941259741783,7.203431606292725
10637,-0.03284313902258873,6.639705657958984
10638,-0.019607843831181526,6.004901885986328
10639,-0.05833333358168602,5.269608020782471
10640,-0.04117647185921669,4.558823585510254
10641,-0.061764705926179886,3.718137264251709
10642,-0.06372549384832382,2.8553922176361084
10643,-0.061274509876966476,1.9607843160629272
10644,-0.07156863063573837,1.0171568393707275
10645,-0.07598039507865906,0.09558823704719543
10646,-0.08039215952157974,-0.8284313678741455
10647,-0.0833333358168602,-1.7720588445663452
10648,-0.08186274766921997,-2.7083332538604736
10649,-0.08529412001371384,-3.4828431606292725
10650,-0.07500000298023224,-4.303921699523926
10651,-0.07254902273416519,-5.066176414489746
10652,-0.0833333358168602,-5.713235378265381
10653,-0.05784313753247261,-6.333333492279053
10654,-0.05931372568011284,-6.838235378265381
10655,-0.0573529414832592,-7.240196228027344
10656,-0.05000000074505806,-7.659313678741455
10657,-0.04803921654820442,-7.865196228027344
10658,-0.04019607976078987,-7.975490093231201
10659,-0.04068627581000328,-7.933823585510254
10660,-0.0235294122248888,-7.870098114013672
10661,-0.01225490216165781,-7.622549057006836
10662,-0.0024509804788976908,-7.350490093231201
10663,-0.009313725866377354,-6.977941036224365
10664,0.010784314014017582,-6.448529243469238
10665,0.0024509804788976908,-5.860294342041016
10666,0.02401960827410221,-5.259803771972656
10667,0.028431372717022896,-4.490196228027344
10668,0.04019607976078987,-3.7034313678741455
10669,0.030392156913876534,-2.904411792755127
10670,0.0519607849419117,-2.0196077823638916
10671,0.05098039284348488,-1.1200979948043823
10672,0.05686274543404579,-0.23774509131908417
10673,0.052941177040338516,0.7058823704719543
10674,0.0573529414832592,1.6176470518112183
10675,0.0681372582912445,2.534313678741455
10676,0.054901961237192154,3.3627450466156006
10677,0.0573529414832592,4.218137264251709
10678,0.0573529414832592,4.960784435272217
10679,0.053431373089551926,5.661764621734619
10680,0.0519607849419117,6.335784435272217
10681,0.04901960864663124,6.936274528503418
10682,0.04411764815449715,7.446078300476074
10683,0.03921568766236305,7.821078300476074
10684,0.026960784569382668,8.14950942993164
10685,0.037745099514722824,8.338234901428223
10686,0.0235294122248888,8.470588684082031
10687,0.029411764815449715,8.590685844421387
10688,0.011274510063230991,8.571078300476074
10689,0.00637254910543561,8.38725471496582
10690,0.0029411765281111,8.203431129455566
10691,0.0024509804788976908,7.892157077789307
10692,-0.009803921915590763,7.539215564727783
10693,-0.013235294260084629,7.144608020782471
10694,-0.013725490309298038,6.590686321258545
10695,-0.035784315317869186,5.982842922210693
10696,-0.018137255683541298,5.392157077789307
10697,-0.04950980469584465,4.740196228027344
10698,-0.03529411926865578,4.046568393707275
10699,-0.053921569138765335,3.3284313678741455
10700,-0.04754902049899101,2.5833332538604736
10701,-0.045588236302137375,1.813725471496582
10702,-0.06029411777853966,1.029411792755127
10703,-0.062745101749897,0.27941176295280457
10704,-0.07058823853731155,-0.4950980246067047
10705,-0.06911765038967133,-1.25
10706,-0.07205882668495178,-1.9166666269302368
10707,-0.06421568989753723,-2.654411792755127
10708,-0.06323529779911041,-3.2377450466156006
10709,-0.05931372568011284,-3.8284313678741455
10710,-0.045098040252923965,-4.399509906768799
10711,-0.0470588244497776,-4.919117450714111
10712,-0.05637254938483238,-5.311274528503418
10713,-0.03235294297337532,-5.669117450714111
10714,-0.037745099514722824,-6.009803771972656
10715,-0.037254903465509415,-6.269608020782471
10716,-0.05049019679427147,-6.497549057006836
10717,-0.026960784569382668,-6.563725471496582
10718,-0.0235294122248888,-6.639705657958984
10719,-0.01715686358511448,-6.627450942993164
10720,-0.022058824077248573,-6.573529243469238
10721,-0.007843137718737125,-6.419117450714111
10722,-0.009313725866377354,-6.215686321258545
10723,0.0004901961074210703,-5.953431606292725
10724,0.00147058826405555,-5.634803771972656
10725,0.00637254910543561,-5.26225471496582
10726,0.020588235929608345,-4.828431606292725
10727,0.020098039880394936,-4.313725471496582
10728,0.026960784569382668,-3.752450942993164
10729,0.02549019642174244,-3.1764705181121826
10730,0.028431372717022896,-2.561274528503418
10731,0.03333333507180214,-1.8578431606292725
10732,0.037254903465509415,-1.186274528503418
10733,0.035784315317869186,-0.5098039507865906
10734,0.04215686395764351,0.20098039507865906
10735,0.045588236302137375,0.9019607901573181
10736,0.04754902049899101,1.6519607305526733
10737,0.035784315317869186,2.3651959896087646
10738,0.04754902049899101,3.100490093231201
10739,0.04019607976078987,3.7671568393707275
10740,0.05000000074505806,4.441176414489746
10741,0.046078432351350784,5.061274528503418
10742,0.046078432351350784,5.678921699523926
10743,0.04215686395764351,6.23774528503418
10744,0.04117647185921669,6.727941036224365
10745,0.04068627581000328,7.198529243469238
10746,0.044607844203710556,7.583333492279053
10747,0.026960784569382668,7.941176414489746
10748,0.03529411926865578,8.144607543945312
10749,0.022058824077248573,8.389705657958984
10750,0.03284313902258873,8.441176414489746
10751,0.007352941203862429,8.477941513061523
10752,0.013235294260084629,8.421568870544434
10753,0.00147058826405555,8.291666984558105
10754,0.0019607844296842813,8.051470756530762
10755,-0.019117647781968117,7.769608020782471
10756,-0.00147058826405555,7.375
10757,-0.020098039880394936,6.94362735748291
10758,-0.030392156913876534,6.421568393707275
10759,-0.062254901975393295,5.843137264251709
10760,-0.05784313753247261,5.213235378265381
10761,-0.03529411926865578,4.497549057006836
10762,-0.06519608199596405,3.742647171020508
10763,-0.046078432351350784,2.9215686321258545
10764,-0.05637254938483238,2.151960849761963
10765,-0.061274509876966476,1.281862735748291
10766,-0.06617647409439087,0.4264705777168274
10767,-0.07549019902944565,-0.406862735748291
10768,-0.07156863063573837,-1.2132352590560913
10769,-0.06960784643888474,-2.0808823108673096
10770,-0.06519608199596405,-2.872549057006836
10771,-0.06862745434045792,-3.6985294818878174
10772,-0.06666667014360428,-4.345588207244873
10773,-0.06372549384832382,-5.041666507720947
10774,-0.06568627804517746,-5.710784435272217
10775,-0.06078431382775307,-6.257352828979492
10776,-0.062254901975393295,-6.776960849761963
10777,-0.054411765187978745,-7.132352828979492
10778,-0.04901960864663124,-7.433823585510254
10779,-0.036764707416296005,-7.659313678741455
10780,-0.03186274692416191,-7.816176414489746
10781,-0.027450980618596077,-7.909313678741455
10782,-0.026960784569382668,-7.86274528503418
10783,-0.01715686358511448,-7.696078300476074
10784,-0.01274509821087122,-7.553921699523926
10785,-0.007843137718737125,-7.257352828979492
10786,0.0024509804788976908,-6.865196228027344
10787,0.00147058826405555,-6.426470756530762
10788,0.018627451732754707,-5.936274528503418
10789,0.01666666753590107,-5.377450942993164
10790,0.0058823530562222,-4.723039150238037
10791,0.0833333358168602,-4.071078300476074
10792,0.021568628028035164,-3.3235294818878174
10793,0.0573529414832592,-2.595588207244873
10794,0.053431373089551926,-1.813725471496582
10795,0.04411764815449715,-0.9509803652763367
10796,0.062745101749897,-0.19607843458652496
10797,0.044607844203710556,0.6299019455909729
10798,0.05637254938483238,1.3627450466156006
10799,0.015196078456938267,2.156862735748291
10800,0.061274509876966476,2.9460785388946533
10801,0.05637254938483238,3.6078431606292725
10802,0.0519607849419117,4.343137264251709
10803,0.04264706000685692,4.941176414489746
10804,0.05637254938483238,5.583333492279053
10805,0.03872549161314964,6.115196228027344
10806,0.03921568766236305,6.61274528503418
10807,0.04215686395764351,6.977941036224365
10808,0.03529411926865578,7.372549057006836
10809,0.037254903465509415,7.654411792755127
10810,0.0235294122248888,7.875
10811,0.01617647148668766,8.046568870544434
10812,0.021568628028035164,8.125
10813,0.010294117964804173,8.161765098571777
10814,0.0117647061124444,8.10049057006836
10815,0.007843137718737125,8.017156600952148
10816,-0.0009803922148421407,7.850490093231201
10817,-0.0029411765281111,7.647058963775635
10818,-0.010294117964804173,7.333333492279053
10819,-0.015196078456938267,6.975490093231201
10820,-0.02549019642174244,6.664215564727783
10821,-0.020588235929608345,6.198529243469238
10822,-0.02450980432331562,5.735294342041016
10823,-0.03970588371157646,5.188725471496582
10824,-0.03529411926865578,4.757352828979492
10825,-0.03921568766236305,4.149509906768799
10826,-0.04264706000685692,3.5808823108673096
10827,-0.04901960864663124,2.965686321258545
10828,-0.04264706000685692,2.379901885986328
10829,-0.052941177040338516,1.7352941036224365
10830,-0.04754902049899101,1.0980392694473267
10831,-0.04950980469584465,0.3946078419685364
10832,-0.05245098099112511,-0.18872548639774323
10833,-0.052941177040338516,-0.8651960492134094
10834,-0.05931372568011284,-1.4926470518112183
10835,-0.054901961237192154,-2.0857841968536377
10836,-0.0573529414832592,-2.7377450466156006
10837,-0.04803921654820442,-3.2892158031463623
10838,-0.04362745210528374,-3.80637264251709
10839,-0.04852941259741783,-4.360294342041016
10840,-0.0573529414832592,-4.857842922210693
10841,-0.05098039284348488,-5.274509906768799
10842,-0.046078432351350784,-5.700980186462402
10843,-0.04852941259741783,-6.058823585510254
10844,-0.053431373089551926,-6.340686321258545
10845,-0.03431372717022896,-6.595588207244873
10846,-0.037745099514722824,-6.855391979217529
10847,-0.02401960827410221,-6.985294342041016
10848,-0.03970588371157646,-7.061274528503418
10849,-0.014705882407724857,-7.107842922210693
10850,-0.018137255683541298,-7.024509906768799
10851,-0.019607843831181526,-6.916666507720947
10852,-0.0117647061124444,-6.794117450714111
10853,-0.004411764908581972,-6.593137264251709
10854,0.0019607844296842813,-6.299019813537598
10855,0.01617647148668766,-5.941176414489746
10856,0.0034313725773245096,-5.534313678741455
10857,0.020588235929608345,-5.078431606292725
10858,0.011274510063230991,-4.517157077789307
10859,0.026470588520169258,-3.9460785388946533
10860,0.03382353112101555,-3.3357841968536377
10861,0.029901960864663124,-2.7107841968536377
10862,0.037254903465509415,-1.9877450466156006
10863,0.037254903465509415,-1.2720588445663452
10864,0.04068627581000328,-0.48774510622024536
10865,0.04362745210528374,0.24264705181121826
10866,0.05147058889269829,1.0098038911819458
10867,0.04901960864663124,1.7769607305526733
10868,0.04362745210528374,2.5465686321258545
10869,0.0519607849419117,3.3284313678741455
10870,0.05588235333561897,4.066176414489746
10871,0.04950980469584465,4.776960849761963
10872,0.053431373089551926,5.470588207244873
10873,0.04901960864663124,6.049019813537598
10874,0.053431373089551926,6.656862735748291
10875,0.04362745210528374,7.149509906768799
10876,0.04264706000685692,7.622549057006836
10877,0.03284313902258873,8.066176414489746
10878,0.036764707416296005,8.39950942993164
10879,0.029901960864663124,8.629901885986328
10880,0.030392156913876534,8.855392456054688
10881,0.021078431978821754,8.963234901428223
10882,0.020098039880394936,9.0
10883,0.0034313725773245096,8.950980186462402
10884,0.005392157007008791,8.83088207244873
10885,-0.008823529817163944,8.642156600952148
10886,-0.0034313725773245096,8.40686321258545
10887,-0.0034313725773245096,8.083333015441895
10888,-0.008823529817163944,7.642157077789307
10889,-0.022549020126461983,7.242647171020508
10890,-0.019117647781968117,6.723039150238037
10891,-0.029411764815449715,6.149509906768799
10892,-0.03529411926865578,5.517157077789307
10893,-0.04215686395764351,4.889705657958984
10894,-0.04264706000685692,4.198529243469238
10895,-0.05098039284348488,3.5
10896,-0.05588235333561897,2.784313678741455
10897,-0.05686274543404579,2.0710785388946533
10898,-0.0676470622420311,1.3480392694473267
10899,-0.06372549384832382,0.6029411554336548
10900,-0.05980392172932625,-0.07107843458652496
10901,-0.0573529414832592,-0.779411792755127
10902,-0.05686274543404579,-1.4485293626785278
10903,-0.05833333358168602,-2.1470587253570557
10904,-0.06715686619281769,-2.7401959896087646
10905,-0.05784313753247261,-3.311274528503418
10906,-0.04117647185921669,-3.906862735748291
10907,-0.06078431382775307,-4.397058963775635
10908,-0.03970588371157646,-4.838235378265381
10909,-0.04852941259741783,-5.276960849761963
10910,-0.1509803980588913,-5.691176414489746
10911,-0.09656862914562225,-5.990196228027344
10912,-0.09460784494876862,-6.267157077789307
10913,0.16323529183864594,-6.458333492279053
10914,0.1774509847164154,-6.625
10915,-1.188725471496582,-6.909313678741455
10916,0.699999988079071,-6.823529243469238
10917,-0.8563725352287292,-6.882352828979492
10918,0.17450980842113495,-6.840686321258545
10919,-0.15392157435417175,-6.723039150238037
10920,-0.014705882407724857,-6.620098114013672
10921,-0.02549019642174244,-6.458333492279053
10922,-0.03480392321944237,-6.223039150238037
10923,0.01715686358511448,-5.997549057006836
10924,-0.0019607844296842813,-5.691176414489746
10925,-0.007352941203862429,-5.360294342041016
10926,0.023039216175675392,-5.029411792755127
10927,0.0117647061124444,-4.629901885986328
10928,0.028431372717022896,-4.132352828979492
10929,0.028431372717022896,-3.7009804248809814
10930,0.01715686358511448,-3.2377450466156006
10931,0.03382353112101555,-2.747549057006836
10932,0.027941176667809486,-2.220588207244873
10933,0.036764707416296005,-1.6421568393707275
10934,0.03970588371157646,-1.1029411554336548
10935,0.04068627581000328,-0.48774510622024536
10936,0.0470588244497776,0.10539215803146362
10937,0.05000000074505806,0.7303921580314636
10938,0.04313725605607033,1.311274528503418
10939,0.04754902049899101,1.941176414489746
10940,0.05098039284348488,2.55637264251709
10941,0.04411764815449715,3.19362735748291
10942,0.04803921654820442,3.7720587253570557
10943,0.04901960864663124,4.357842922210693
10944,0.04950980469584465,4.94362735748291
10945,0.04264706000685692,5.48774528503418
10946,0.037254903465509415,5.968137264251709
10947,0.04019607976078987,6.446078300476074
10948,0.03970588371157646,6.88725471496582
10949,0.03970588371157646,7.311274528503418
10950,0.04117647185921669,7.68137264251709
10951,0.044607844203710556,8.002450942993164
10952,0.02598039247095585,8.232843399047852
10953,0.01715686358511448,8.482843399047852
10954,0.021568628028035164,8.639705657958984
10955,0.014705882407724857,8.666666984558105
10956,0.020098039880394936,8.715685844421387
10957,0.013235294260084629,8.674019813537598
10958,0.01225490216165781,8.585783958435059
10959,0.019607843831181526,8.428921699523926
10960,-0.0019607844296842813,8.171568870544434
10961,-0.04411764815449715,7.921568393707275
10962,-0.007352941203862429,7.539215564727783
10963,-0.021568628028035164,7.122549057006836
10964,-0.021568628028035164,6.691176414489746
10965,-0.019117647781968117,6.183823585510254
10966,-0.035784315317869186,5.590686321258545
10967,-0.03382353112101555,5.009803771972656
10968,-0.037745099514722824,4.343137264251709
10969,-0.04362745210528374,3.7352941036224365
10970,-0.03480392321944237,2.9828431606292725
10971,-0.03382353112101555,2.313725471496582
10972,-0.0470588244497776,1.563725471496582
10973,-0.05147058889269829,0.8823529481887817
10974,-0.053431373089551926,0.11519607901573181
10975,-0.05147058889269829,-0.6078431606292725
10976,-0.06372549384832382,-1.2916666269302368
10977,-0.05882352963089943,-2.0147058963775635
10978,-0.06078431382775307,-2.6985294818878174
10979,-0.05833333358168602,-3.30637264251709
10980,-0.053921569138765335,-3.8970587253570557
10981,-0.05098039284348488,-4.468137264251709
10982,-0.04803921654820442,-5.019608020782471
10983,-0.05245098099112511,-5.468137264251709
10984,-0.0519607849419117,-5.884803771972656
10985,-0.04068627581000328,-6.264705657958984
10986,-0.04215686395764351,-6.595588207244873
10987,-0.02450980432331562,-6.835784435272217
10988,-0.04313725605607033,-7.049019813537598
10989,-0.038235295563936234,-7.154411792755127
10990,-0.01568627543747425,-7.279411792755127
10991,0.022058824077248573,-7.289215564727783
10992,0.0573529414832592,-7.281862735748291
10993,0.49656862020492554,-7.200980186462402
10994,-0.32156863808631897,-7.144608020782471
10995,0.39656862616539,-6.975490093231201
10996,-0.12598039209842682,-6.678921699523926
10997,0.04852941259741783,-6.529411792755127
10998,0.06323529779911041,-6.200980186462402
10999,0.0009803922148421407,-5.872549057006836
11000,0.028921568766236305,-5.546568393707275
11001,0.01666666753590107,-5.13725471496582
11002,0.00637254910543561,-4.708333492279053
11003,0.04264706000685692,-4.31862735748291
11004,0.028431372717022896,-3.816176414489746
11005,0.026470588520169258,-3.338235378265381
11006,0.02401960827410221,-2.870098114013672
11007,0.029901960864663124,-2.311274528503418
11008,0.05147058889269829,-1.8063725233078003
11009,0.01225490216165781,-1.2745097875595093
11010,0.04803921654820442,-0.8014705777168274
11011,0.014705882407724857,-0.2401960790157318
11012,0.046078432351350784,0.3186274468898773
11013,0.0313725508749485,0.8553921580314636
11014,0.04068627581000328,1.375
11015,0.0416666679084301,1.9117647409439087
11016,0.04068627581000328,2.3848040103912354
11017,0.03333333507180214,2.94362735748291
11018,0.045588236302137375,3.4509804248809814
11019,0.04215686395764351,3.9558823108673096
11020,0.03382353112101555,4.485294342041016
11021,0.035784315317869186,4.901960849761963
11022,0.03529411926865578,5.401960849761963
11023,0.026960784569382668,5.828431606292725
11024,0.026470588520169258,6.264705657958984
11025,0.008823529817163944,6.605391979217529
11026,0.036274511367082596,6.953431606292725
11027,0.05637254938483238,7.313725471496582
11028,0.026960784569382668,7.639705657958984
11029,0.0313725508749485,7.833333492279053
11030,0.01274509821087122,8.08088207244873
11031,0.008823529817163944,8.252450942993164
11032,0.01274509821087122,8.375
11033,0.008333333767950535,8.45588207244873
11034,-0.00147058826405555,8.480392456054688
11035,0.008823529817163944,8.485294342041016
11036,0.00147058826405555,8.436274528503418
11037,0.0,8.311274528503418
11038,-0.0049019609577953815,8.15686321258545
11039,-0.0019607844296842813,7.93137264251709
11040,-0.014215686358511448,7.632352828979492
11041,-0.014215686358511448,7.313725471496582
11042,-0.03529411926865578,6.906862735748291
11043,-0.03186274692416191,6.502450942993164
11044,0.009803921915590763,6.007352828979492
11045,0.0019607844296842813,5.534313678741455
11046,-0.020588235929608345,4.953431606292725
11047,-0.045098040252923965,4.370098114013672
11048,-0.09607843309640884,3.757352828979492
11049,1.3661764860153198,3.2622549533843994
11050,-0.8857843279838562,2.468137264251709
11051,1.1906862258911133,1.877450942993164
11052,-0.5950980186462402,1.1960784196853638
11053,0.40441176295280457,0.4632352888584137
11054,-0.17058824002742767,-0.23039215803146362
11055,0.04019607976078987,-0.9313725233078003
11056,0.022549020126461983,-1.5735293626785278
11057,-0.06078431382775307,-2.2352941036224365
11058,-0.011274510063230991,-2.848039150238037
11059,-0.01274509821087122,-3.3970587253570557
11060,-0.08480392396450043,-4.031862735748291
11061,-0.0034313725773245096,-4.522058963775635
11062,-0.04803921654820442,-4.982842922210693
11063,-0.04264706000685692,-5.446078300476074
11064,-0.0313725508749485,-5.830882549285889
11065,-0.03970588371157646,-6.247549057006836
11066,-0.036274511367082596,-6.546568393707275
11067,-0.03284313902258873,-6.786764621734619
11068,-0.02549019642174244,-6.985294342041016
11069,-0.030882352963089943,-7.11274528503418
11070,-0.03235294297337532,-7.299019813537598
11071,-0.021568628028035164,-7.296568393707275
11072,-0.01715686358511448,-7.313725471496582
11073,-0.020098039880394936,-7.267157077789307
11074,-0.015196078456938267,-7.178921699523926
11075,-0.0049019609577953815,-7.125
11076,-0.04117647185921669,-6.975490093231201
11077,0.045098040252923965,-6.747549057006836
11078,-0.03333333507180214,-6.544117450714111
11079,0.03235294297337532,-6.313725471496582
11080,0.00147058826405555,-5.975490093231201
11081,0.0058823530562222,-5.691176414489746
11082,0.008333333767950535,-5.31862735748291
11083,0.0117647061124444,-4.958333492279053
11084,0.019607843831181526,-4.644608020782471
11085,0.01568627543747425,-4.227941036224365
11086,0.021568628028035164,-3.7990195751190186
11087,0.021078431978821754,-3.409313678741455
11088,0.013725490309298038,-2.8946077823638916
11089,0.0313725508749485,-2.4803922176361084
11090,0.03186274692416191,-2.0416667461395264
11091,0.020588235929608345,-1.5833333730697632
11092,0.028431372717022896,-1.0710784196853638
11093,0.0313725508749485,-0.5710784196853638
11094,0.030882352963089943,-0.08578431606292725
11095,0.0416666679084301,0.3235294222831726
11096,0.0235294122248888,0.8602941036224365
11097,0.04215686395764351,1.343137264251709
11098,0.03480392321944237,1.8700979948043823
11099,0.03480392321944237,2.3235294818878174
11100,0.03382353112101555,2.8333332538604736
11101,0.037254903465509415,3.30637264251709
11102,0.03529411926865578,3.816176414489746
11103,0.021568628028035164,4.276960849761963
11104,0.0519607849419117,4.776960849761963
11105,0.02549019642174244,5.205882549285889
11106,0.027450980618596077,5.686274528503418
11107,0.01666666753590107,6.100490093231201
11108,0.028431372717022896,6.485294342041016
11109,0.028431372717022896,6.865196228027344
11110,0.015196078456938267,7.220588207244873
11111,-0.2343137264251709,7.492647171020508
11112,-0.3181372582912445,7.816176414489746
11113,0.2696078419685364,8.154411315917969
11114,-0.3911764621734619,8.26225471496582
11115,0.26911765336990356,8.522058486938477
11116,-0.23774509131908417,8.620098114013672
11117,0.04117647185921669,8.686274528503418
11118,0.01764705963432789,8.76225471496582
11119,-0.061274509876966476,8.759803771972656
11120,0.03970588371157646,8.727941513061523
11121,-0.03431372717022896,8.588234901428223
11122,-0.009803921915590763,8.426470756530762
11123,-0.00147058826405555,8.267156600952148
11124,-0.02401960827410221,7.975490093231201
11125,-0.0117647061124444,7.718137264251709
11126,-0.0117647061124444,7.333333492279053
11127,-0.007843137718737125,6.975490093231201
11128,-0.046078432351350784,6.5
11129,-0.03382353112101555,6.061274528503418
11130,-0.03529411926865578,5.475490093231201
11131,-0.038235295563936234,4.997549057006836
11132,-0.0416666679084301,4.477941036224365
11133,-0.037254903465509415,3.872549057006836
11134,-0.03333333507180214,3.3235294818878174
11135,-0.0416666679084301,2.6715686321258545
11136,-0.04901960864663124,2.1102941036224365
11137,-0.05098039284348488,1.4901961088180542
11138,-0.05098039284348488,0.8725489974021912
11139,-0.04901960864663124,0.25
11140,-0.04313725605607033,-0.375
11141,-0.05931372568011284,-0.8799019455909729
11142,-0.053921569138765335,-1.4534313678741455
11143,-0.04901960864663124,-2.0514705181121826
11144,-0.04215686395764351,-2.563725471496582
11145,-0.04803921654820442,-3.0784313678741455
11146,-0.0519607849419117,-3.526960849761963
11147,-0.04411764815449715,-3.94362735748291
11148,-0.04117647185921669,-4.357842922210693
11149,-0.046568628400564194,-4.76225471496582
11150,-0.038235295563936234,-5.080882549285889
11151,-0.036764707416296005,-5.414215564727783
11152,-0.03529411926865578,-5.651960849761963
11153,-0.04117647185921669,-5.901960849761963
11154,-0.04117647185921669,-6.127450942993164
11155,-0.028921568766236305,-6.301470756530762
11156,-0.029901960864663124,-6.460784435272217
11157,-0.026470588520169258,-6.575980186462402
11158,-0.022549020126461983,-6.666666507720947
11159,-0.026470588520169258,-6.705882549285889
11160,-0.0029411765281111,-6.745098114013672
11161,-0.026470588520169258,-6.838235378265381
11162,-0.007843137718737125,-6.774509906768799
11163,-0.01274509821087122,-6.740196228027344
11164,-0.006862745154649019,-6.688725471496582
11165,-0.01568627543747425,-6.588235378265381
11166,0.046568628400564194,-6.519608020782471
11167,0.009803921915590763,-6.401960849761963
11168,0.006862745154649019,-6.252450942993164
11169,0.01617647148668766,-6.105391979217529
11170,-0.009803921915590763,-5.914215564727783
11171,0.005392157007008791,-5.784313678741455
11172,0.010294117964804173,-5.531862735748291
11173,0.007843137718737125,-5.213235378265381
11174,0.006862745154649019,-4.938725471496582
11175,0.013235294260084629,-4.705882549285889
11176,0.01666666753590107,-4.360294342041016
11177,0.014215686358511448,-4.036764621734619
11178,0.020098039880394936,-3.622549057006836
11179,0.019117647781968117,-3.213235378265381
11180,0.007843137718737125,-2.843137264251709
11181,0.030392156913876534,-2.3946077823638916
11182,0.01715686358511448,-1.909313678741455
11183,0.03235294297337532,-1.4485293626785278
11184,0.019117647781968117,-0.9411764740943909
11185,0.030392156913876534,-0.39950981736183167
11186,0.030392156913876534,0.1568627506494522
11187,0.020098039880394936,0.6813725233078003
11188,0.03333333507180214,1.2377450466156006
11189,0.045098040252923965,1.808823585510254
11190,0.037745099514722824,2.348039150238037
11191,0.046568628400564194,2.94362735748291
11192,0.044607844203710556,3.504901885986328
11193,0.030392156913876534,4.063725471496582
11194,0.03382353112101555,4.585784435272217
11195,0.037254903465509415,5.095588207244873
11196,0.08039215952157974,5.620098114013672
11197,0.020098039880394936,6.110294342041016
11198,0.04362745210528374,6.536764621734619
11199,0.05000000074505806,6.946078300476074
11200,0.027450980618596077,7.311274528503418
11201,0.029411764815449715,7.622549057006836
11202,0.035784315317869186,7.953431606292725
11203,0.020098039880394936,8.213234901428223
11204,0.026470588520169258,8.438725471496582
11205,0.01617647148668766,8.588234901428223
11206,0.015196078456938267,8.710783958435059
11207,0.014215686358511448,8.796568870544434
11208,0.005392157007008791,8.821078300476074
11209,0.014215686358511448,8.867647171020508
11210,-0.004411764908581972,8.791666984558105
11211,0.007352941203862429,8.72549057006836
11212,-0.00147058826405555,8.549019813537598
11213,-0.0049019609577953815,8.409314155578613
11214,-0.006862745154649019,8.213234901428223
11215,-0.01617647148668766,7.973039150238037
11216,-0.022549020126461983,7.688725471496582
11217,-0.022549020126461983,7.428921699523926
11218,-0.022058824077248573,7.142157077789307
11219,-0.020098039880394936,6.808823585510254
11220,-0.0313725508749485,6.421568393707275
11221,-0.029901960864663124,6.105391979217529
11222,-0.028431372717022896,5.727941036224365
11223,-0.0235294122248888,5.352941036224365
11224,-0.02401960827410221,4.980391979217529
11225,-0.021078431978821754,4.544117450714111
11226,-0.030392156913876534,4.154411792755127
11227,-0.036764707416296005,3.7990195751190186
11228,-0.0416666679084301,3.406862735748291
11229,-0.04362745210528374,2.9828431606292725
11230,-0.03529411926865578,2.5416667461395264
11231,-0.029901960864663124,2.191176414489746
11232,-0.04362745210528374,1.7990195751190186
11233,-0.03921568766236305,1.4142156839370728
11234,-0.030882352963089943,0.9901960492134094
11235,-0.03333333507180214,0.5784313678741455
11236,-0.03970588371157646,0.21078431606292725
11237,-0.029901960864663124,-0.2083333283662796
11238,-0.03529411926865578,-0.6225489974021912
11239,-0.03382353112101555,-1.0
11240,-0.030882352963089943,-1.4166666269302368
11241,-0.03333333507180214,-1.8210784196853638
11242,-0.0416666679084301,-2.1985294818878174
11243,-0.027450980618596077,-2.617647171020508
11244,-0.04362745210528374,-2.970588207244873
11245,-0.04068627581000328,-3.4289214611053467
11246,-0.045098040252923965,-3.81862735748291
11247,-0.05245098099112511,-4.230391979217529
11248,-0.022549020126461983,-4.585784435272217
11249,-0.052941177040338516,-4.950980186462402
11250,-0.036764707416296005,-5.284313678741455
11251,-0.035784315317869186,-5.649509906768799
11252,-0.046078432351350784,-5.98774528503418
11253,-0.03970588371157646,-6.328431606292725
11254,-0.035784315317869186,-6.602941036224365
11255,-0.035784315317869186,-6.830882549285889
11256,-0.02549019642174244,-7.078431606292725
11257,-0.037254903465509415,-7.355391979217529
11258,-0.026960784569382668,-7.482842922210693
11259,-0.02598039247095585,-7.615196228027344
11260,-0.02450980432331562,-7.732842922210693
11261,-0.01666666753590107,-7.784313678741455
11262,-0.018627451732754707,-7.843137264251709
11263,-0.01715686358511448,-7.794117450714111
11264,-0.006862745154649019,-7.767157077789307
11265,-0.013235294260084629,-7.678921699523926
11266,0.0034313725773245096,-7.514705657958984
11267,0.0,-7.360294342041016
11268,0.0049019609577953815,-7.154411792755127
11269,-0.0019607844296842813,-6.848039150238037
11270,0.0019607844296842813,-6.600490093231201
11271,0.0117647061124444,-6.252450942993164
11272,0.01617647148668766,-5.93137264251709
11273,0.0117647061124444,-5.539215564727783
11274,0.01568627543747425,-5.134803771972656
11275,0.022549020126461983,-4.686274528503418
11276,0.01764705963432789,-4.259803771972656
11277,0.027941176667809486,-3.81862735748291
11278,0.021078431978821754,-3.2965686321258545
11279,0.03235294297337532,-2.838235378265381
11280,0.01666666753590107,-2.3848040103912354
11281,0.03333333507180214,-1.8946079015731812
11282,0.029411764815449715,-1.404411792755127
11283,0.03186274692416191,-0.9019607901573181
11284,0.028431372717022896,-0.45588234066963196
11285,0.03431372717022896,0.0
11286,0.03872549161314964,0.4117647111415863
11287,0.027941176667809486,0.8382353186607361
11288,0.029411764815449715,1.2990195751190186
11289,0.028431372717022896,1.7009804248809814
11290,0.026960784569382668,2.088235378265381
11291,0.028431372717022896,2.4240195751190186
11292,0.029411764815449715,2.845588207244873
11293,0.029901960864663124,3.2034313678741455
11294,0.0235294122248888,3.5122549533843994
11295,0.027941176667809486,3.813725471496582
11296,0.028431372717022896,4.132352828979492
11297,0.015196078456938267,4.473039150238037
11298,0.028921568766236305,4.730391979217529
11299,0.021078431978821754,5.0
11300,0.03186274692416191,5.252450942993164
11301,0.019607843831181526,5.549019813537598
11302,0.015196078456938267,5.786764621734619
11303,0.030392156913876534,6.034313678741455
11304,0.020588235929608345,6.299019813537598
11305,0.027450980618596077,6.536764621734619
11306,0.013235294260084629,6.80637264251709
11307,0.019117647781968117,7.01225471496582
11308,0.02598039247095585,7.235294342041016
11309,0.01274509821087122,7.460784435272217
11310,0.007843137718737125,7.607842922210693
11311,0.013725490309298038,7.813725471496582
11312,0.01225490216165781,8.017156600952148
11313,0.011274510063230991,8.139705657958984
11314,0.018137255683541298,8.286765098571777
11315,0.0,8.414216041564941
11316,0.0117647061124444,8.465685844421387
11317,0.010784314014017582,8.529411315917969
11318,0.0034313725773245096,8.558823585510254
11319,0.0034313725773245096,8.583333015441895
11320,0.009313725866377354,8.615196228027344
11321,-0.0009803922148421407,8.482843399047852
11322,0.0024509804788976908,8.39950942993164
11323,0.011274510063230991,8.28186321258545
11324,-0.010784314014017582,8.105392456054688
11325,-0.010784314014017582,7.968137264251709
11326,-0.00147058826405555,7.688725471496582
11327,-0.01764705963432789,7.465686321258545
11328,-0.005392157007008791,7.13725471496582
11329,-0.022058824077248573,6.835784435272217
11330,-0.021078431978821754,6.441176414489746
11331,-0.028921568766236305,6.063725471496582
11332,-0.027450980618596077,5.659313678741455
11333,-0.03186274692416191,5.23774528503418
11334,-0.021568628028035164,4.776960849761963
11335,-0.03333333507180214,4.321078300476074
11336,-0.04803921654820442,3.848039150238037
11337,-0.03186274692416191,3.3848040103912354
11338,-0.03529411926865578,2.8970587253570557
11339,-0.035784315317869186,2.3848040103912354
11340,-0.028921568766236305,1.8848038911819458
11341,-0.04019607976078987,1.4509804248809814
11342,-0.0416666679084301,0.9460784196853638
11343,-0.04117647185921669,0.45588234066963196
11344,-0.04950980469584465,0.0
11345,-0.05000000074505806,-0.3897058963775635
11346,-0.044607844203710556,-0.8651960492134094
11347,-0.037745099514722824,-1.2573529481887817
11348,-0.04362745210528374,-1.6397058963775635
11349,-0.04264706000685692,-2.0122549533843994
11350,-0.04313725605607033,-2.3284313678741455
11351,-0.045588236302137375,-2.654411792755127
11352,-0.027450980618596077,-2.9779412746429443
11353,-0.03872549161314964,-3.2622549533843994
11354,-0.029901960864663124,-3.561274528503418
11355,-0.026960784569382668,-3.816176414489746
11356,-0.028431372717022896,-4.105391979217529
11357,-0.04754902049899101,-4.257352828979492
11358,-0.01666666753590107,-4.490196228027344
11359,-0.029901960864663124,-4.710784435272217
11360,-0.020098039880394936,-4.901960849761963
11361,-0.023039216175675392,-5.071078300476074
11362,-0.020588235929608345,-5.267157077789307
11363,-0.02500000037252903,-5.453431606292725
11364,-0.030392156913876534,-5.656862735748291
11365,-0.022058824077248573,-5.838235378265381
11366,-0.027450980618596077,-5.995098114013672
11367,-0.02500000037252903,-6.161764621734619
11368,-0.0235294122248888,-6.313725471496582
11369,-0.026960784569382668,-6.448529243469238
11370,-0.023039216175675392,-6.622549057006836
11371,-0.02598039247095585,-6.769608020782471
11372,-0.026470588520169258,-6.919117450714111
11373,-0.02450980432331562,-7.026960849761963
11374,-0.028921568766236305,-7.115196228027344
11375,-0.0117647061124444,-7.230391979217529
11376,-0.022549020126461983,-7.330882549285889
11377,-0.01715686358511448,-7.370098114013672
11378,-0.014705882407724857,-7.404411792755127
11379,0.026470588520169258,-7.397058963775635
11380,-0.02549019642174244,-7.365196228027344
11381,0.008823529817163944,-7.333333492279053
11382,-0.013235294260084629,-7.259803771972656
11383,-0.0024509804788976908,-7.183823585510254
11384,-0.003921568859368563,-7.036764621734619
11385,-0.008333333767950535,-6.825980186462402
11386,-0.0034313725773245096,-6.666666507720947
11387,0.00637254910543561,-6.455882549285889
11388,0.004411764908581972,-6.144608020782471
11389,0.005392157007008791,-5.901960849761963
11390,0.010784314014017582,-5.588235378265381
11391,0.02450980432331562,-5.220588207244873
11392,0.020098039880394936,-4.799019813537598
11393,0.013235294260084629,-4.433823585510254
11394,0.02549019642174244,-4.061274528503418
11395,0.019607843831181526,-3.600490093231201
11396,0.028431372717022896,-3.1470587253570557
11397,0.029901960864663124,-2.745098114013672
11398,0.03186274692416191,-2.281862735748291
11399,0.03333333507180214,-1.811274528503418
11400,0.029901960864663124,-1.3553920984268188
11401,0.023039216175675392,-0.936274528503418
11402,0.03480392321944237,-0.4166666567325592
11403,0.0,-0.04901960864663124
11404,0.062254901975393295,0.42401960492134094
11405,0.0416666679084301,0.8308823704719543
11406,0.0573529414832592,1.2401961088180542
11407,0.030392156913876534,1.627450942993164
11408,-0.8416666388511658,1.9166666269302368
11409,1.4191176891326904,2.3848040103912354
11410,-0.4372549057006836,2.656862735748291
11411,0.4627451002597809,2.9166667461395264
11412,0.12843137979507446,3.284313678741455
11413,0.11715686321258545,3.4779412746429443
11414,0.04950980469584465,3.7720587253570557
11415,0.10245098173618317,3.9460785388946533
11416,-0.0049019609577953815,4.232842922210693
11417,0.0882352963089943,4.441176414489746
11418,-0.021568628028035164,4.669117450714111
11419,0.06568627804517746,4.870098114013672
11420,-0.010784314014017582,5.100490093231201
11421,0.04019607976078987,5.276960849761963
11422,0.023039216175675392,5.507352828979492
11423,0.01715686358511448,5.671568393707275
11424,0.030882352963089943,5.88725471496582
11425,0.01225490216165781,6.053921699523926
11426,0.018137255683541298,6.291666507720947
11427,0.018137255683541298,6.480391979217529
11428,0.011274510063230991,6.705882549285889
11429,0.01568627543747425,6.924019813537598
11430,0.0117647061124444,7.132352828979492
11431,0.019607843831181526,7.313725471496582
11432,0.014705882407724857,7.514705657958984
11433,0.011274510063230991,7.698529243469238
11434,0.022549020126461983,7.941176414489746
11435,0.020588235929608345,8.06862735748291
11436,0.01225490216165781,8.23774528503418
11437,0.009803921915590763,8.392156600952148
11438,0.014705882407724857,8.519607543945312
11439,0.01568627543747425,8.654411315917969
11440,0.01666666753590107,8.764705657958984
11441,0.008823529817163944,8.811274528503418
11442,0.010294117964804173,8.884803771972656
11443,0.014215686358511448,8.860294342041016
11444,0.00637254910543561,8.825980186462402
11445,-0.00637254910543561,8.769607543945312
11446,-0.009803921915590763,8.745098114013672
11447,-0.008333333767950535,8.607843399047852
11448,-0.006862745154649019,8.480392456054688
11449,-0.009313725866377354,8.291666984558105
11450,-0.007352941203862429,8.083333015441895
11451,-0.014215686358511448,7.897058963775635
11452,-0.00637254910543561,7.610294342041016
11453,-0.015196078456938267,7.333333492279053
11454,-0.014705882407724857,7.019608020782471
11455,-0.021568628028035164,6.676470756530762
11456,-0.027941176667809486,6.365196228027344
11457,-0.022058824077248573,6.024509906768799
11458,-0.020588235929608345,5.674019813537598
11459,-0.028921568766236305,5.257352828979492
11460,-0.0049019609577953815,4.897058963775635
11461,-0.05784313753247261,4.539215564727783
11462,-0.006862745154649019,4.164215564727783
11463,-0.038235295563936234,3.745098114013672
11464,-0.021078431978821754,3.404411792755127
11465,-0.029901960864663124,3.0857841968536377
11466,-0.01617647148668766,2.7377450466156006
11467,-0.027941176667809486,2.3921568393707275
11468,-0.01764705963432789,2.0784313678741455
11469,-0.037745099514722824,1.7720588445663452
11470,-0.01225490216165781,1.502450942993164
11471,-0.029901960864663124,1.2377450466156006
11472,-0.0117647061124444,0.9779411554336548
11473,-0.03333333507180214,0.6985294222831726
11474,-0.018137255683541298,0.41421568393707275
11475,-0.02450980432331562,0.2181372493505478
11476,-0.04068627581000328,-0.06617647409439087
11477,-0.5024510025978088,-0.2720588147640228
11478,-0.3220588266849518,-0.4950980246067047
11479,0.10539215803146362,-0.6740196347236633
11480,-0.352450966835022,-0.9436274766921997
11481,0.11568627506494522,-1.1617647409439087
11482,-0.18039216101169586,-1.3700979948043823
11483,-0.07058823853731155,-1.6348038911819458
11484,0.01617647148668766,-1.909313678741455
11485,-0.08382353186607361,-2.1715686321258545
11486,-0.018627451732754707,-2.4460785388946533
11487,-0.05000000074505806,-2.723039150238037
11488,-0.03529411926865578,-2.941176414489746
11489,-0.04068627581000328,-3.2622549533843994
11490,-0.03529411926865578,-3.5759804248809814
11491,-0.028431372717022896,-3.867647171020508
11492,-0.020588235929608345,-4.227941036224365
11493,-0.0313725508749485,-4.519608020782471
11494,-0.02598039247095585,-4.879901885986328
11495,-0.036764707416296005,-5.188725471496582
11496,-0.026470588520169258,-5.453431606292725
11497,-0.021568628028035164,-5.784313678741455
11498,-0.026470588520169258,-6.061274528503418
11499,-0.028921568766236305,-6.389705657958984
11500,-0.02598039247095585,-6.632352828979492
11501,-0.03431372717022896,-6.916666507720947
11502,-0.022549020126461983,-7.13725471496582
11503,-0.02401960827410221,-7.303921699523926
11504,-0.0235294122248888,-7.539215564727783
11505,-0.027450980618596077,-7.651960849761963
11506,-0.02500000037252903,-7.813725471496582
11507,-0.01617647148668766,-7.909313678741455
11508,-0.01715686358511448,-8.002450942993164
11509,-0.015196078456938267,-7.990196228027344
11510,-0.01715686358511448,-7.995098114013672
11511,-0.01715686358511448,-7.936274528503418
11512,-0.003921568859368563,-7.936274528503418
11513,-0.006862745154649019,-7.860294342041016
11514,0.007352941203862429,-7.776960849761963
11515,-0.00637254910543561,-7.629901885986328
11516,-0.0024509804788976908,-7.460784435272217
11517,-0.0313725508749485,-7.269608020782471
11518,-0.038235295563936234,-7.095588207244873
11519,-0.029901960864663124,-6.948529243469238
11520,-0.01274509821087122,-6.725490093231201
11521,-0.0049019609577953815,-6.602941036224365
11522,-0.0024509804788976908,-6.365196228027344
11523,0.0029411765281111,-6.095588207244873
11524,-0.0058823530562222,-5.88725471496582
11525,-0.0024509804788976908,-5.735294342041016
11526,0.003921568859368563,-5.551470756530762
11527,0.0029411765281111,-5.397058963775635
11528,-0.0024509804788976908,-5.191176414489746
11529,0.011274510063230991,-5.031862735748291
11530,-0.0004901961074210703,-4.870098114013672
11531,0.005392157007008791,-4.730391979217529
11532,0.0019607844296842813,-4.56862735748291
11533,-0.0009803922148421407,-4.399509906768799
11534,0.008333333767950535,-4.269608020782471
11535,0.009803921915590763,-4.176470756530762
11536,-0.0034313725773245096,-4.014705657958984
11537,0.01764705963432789,-3.9534313678741455
11538,-0.021568628028035164,-3.8210785388946533
11539,0.1200980395078659,-3.651960849761963
11540,0.045588236302137375,-3.5220587253570557
11541,0.06421568989753723,-3.379901885986328
11542,0.13186274468898773,-3.127450942993164
11543,-1.3254902362823486,-3.154411792755127
11544,0.4686274528503418,-2.8284313678741455
11545,-0.6941176652908325,-2.590686321258545
11546,-0.16519607603549957,-2.4779412746429443
11547,0.06470588594675064,-2.127450942993164
11548,-0.19019608199596405,-1.8676470518112183
11549,0.08431372791528702,-1.5171568393707275
11550,-0.10735294222831726,-1.2671568393707275
11551,-0.01617647148668766,-0.8578431606292725
11552,0.05539215728640556,-0.49754902720451355
11553,-0.07401961088180542,-0.16911764442920685
11554,0.05931372568011284,0.2450980395078659
11555,-0.020098039880394936,0.6274510025978088
11556,0.02549019642174244,1.0539215803146362
11557,0.02500000037252903,1.436274528503418
11558,0.01666666753590107,1.8210784196853638
11559,0.027450980618596077,2.1960785388946533
11560,0.028431372717022896,2.622549057006836
11561,0.020588235929608345,3.036764621734619
11562,0.027941176667809486,3.44362735748291
11563,0.02598039247095585,3.781862735748291
11564,0.030882352963089943,4.149509906768799
11565,0.0024509804788976908,4.468137264251709
11566,0.04117647185921669,4.764705657958984
11567,0.01617647148668766,5.024509906768799
11568,0.027450980618596077,5.281862735748291
11569,0.03186274692416191,5.553921699523926
11570,0.013235294260084629,5.732842922210693
11571,0.01764705963432789,5.963235378265381
11572,0.02598039247095585,6.13725471496582
11573,0.009313725866377354,6.188725471496582
11574,0.013725490309298038,6.345588207244873
11575,0.007352941203862429,6.468137264251709
11576,0.00637254910543561,6.5
11577,0.0019607844296842813,6.585784435272217
11578,0.014705882407724857,6.642157077789307
11579,0.008333333767950535,6.632352828979492
11580,0.01225490216165781,6.688725471496582
11581,0.005392157007008791,6.708333492279053
11582,0.0004901961074210703,6.794117450714111
11583,0.00637254910543561,6.808823585510254
11584,0.005392157007008791,6.843137264251709
11585,0.008823529817163944,6.877450942993164
11586,-0.0024509804788976908,6.906862735748291
11587,0.0034313725773245096,7.041666507720947
11588,0.044607844203710556,7.098039150238037
11589,0.036764707416296005,7.174019813537598
11590,-0.0019607844296842813,7.257352828979492
11591,0.011274510063230991,7.379901885986328
11592,0.00637254910543561,7.524509906768799
11593,0.006862745154649019,7.622549057006836
11594,0.01617647148668766,7.769608020782471
11595,0.02549019642174244,7.938725471496582
11596,0.009803921915590763,8.036765098571777
11597,0.008823529817163944,8.18137264251709
11598,-0.0009803922148421407,8.33088207244873
11599,0.0029411765281111,8.450980186462402
11600,0.0058823530562222,8.56862735748291
11601,0.0,8.674019813537598
11602,0.01225490216165781,8.78186321258545
11603,0.0034313725773245096,8.860294342041016
11604,0.015196078456938267,8.914216041564941
11605,0.00147058826405555,8.914216041564941
11606,-0.00147058826405555,8.911765098571777
11607,-0.006862745154649019,8.867647171020508
11608,0.0019607844296842813,8.848039627075195
11609,-0.003921568859368563,8.767156600952148
11610,-0.009803921915590763,8.664216041564941
11611,-0.013235294260084629,8.5
11612,-0.0009803922148421407,8.325980186462402
11613,-0.010294117964804173,8.151960372924805
11614,-0.013725490309298038,7.93137264251709
11615,-0.013725490309298038,7.727941036224365
11616,-0.029901960864663124,7.453431606292725
11617,0.0,7.183823585510254
11618,-0.04852941259741783,6.865196228027344
11619,-0.39656862616539,6.558823585510254
11620,-0.046568628400564194,6.252450942993164
11621,-0.09656862914562225,5.980391979217529
11622,-0.23088234663009644,5.678921699523926
11623,0.11813725531101227,5.441176414489746
11624,-0.2397058755159378,5.107842922210693
11625,0.02450980432331562,4.870098114013672
11626,-0.04019607976078987,4.578431606292725
11627,-0.0681372582912445,4.321078300476074
11628,0.013235294260084629,4.125
11629,-0.07696078717708588,3.9289214611053467
11630,-0.006862745154649019,3.7034313678741455
11631,-0.036764707416296005,3.5416667461395264
11632,-0.03431372717022896,3.367647171020508
11633,-0.021078431978821754,3.213235378265381
11634,-0.02401960827410221,3.095588207244873
11635,-0.01568627543747425,3.0171568393707275
11636,-0.009803921915590763,2.8970587253570557
11637,-0.01764705963432789,2.813725471496582
11638,-0.008823529817163944,2.742647171020508
11639,-0.021568628028035164,2.622549057006836
11640,-0.018627451732754707,2.5735294818878174
11641,-0.00637254910543561,2.468137264251709
11642,-0.01274509821087122,2.3578431606292725
11643,-0.0117647061124444,2.274509906768799
11644,-0.009803921915590763,2.1740195751190186
11645,-0.019117647781968117,2.0
11646,-0.01617647148668766,1.8504902124404907
11647,-0.021078431978821754,1.6446079015731812
11648,-0.022549020126461983,1.497549057006836
11649,-0.013235294260084629,1.2279411554336548
11650,-0.019607843831181526,0.9852941036224365
11651,-0.02598039247095585,0.7377451062202454
11652,-0.030392156913876534,0.4166666567325592
11653,-0.02549019642174244,0.1568627506494522
11654,-0.027450980618596077,-0.16421568393707275
11655,-0.02401960827410221,-0.46078431606292725
11656,-0.028431372717022896,-0.8480392098426819
11657,-0.04901960864663124,-1.1936274766921997
11658,-0.03529411926865578,-1.5735293626785278
11659,-0.0313725508749485,-1.906862735748291
11660,-0.02500000037252903,-2.3014705181121826
11661,-0.046078432351350784,-2.6421568393707275
11662,-0.037745099514722824,-2.997549057006836
11663,-0.03480392321944237,-3.3284313678741455
11664,-0.036274511367082596,-3.6691176891326904
11665,-0.03480392321944237,-3.9264705181121826
11666,-0.038235295563936234,-4.254901885986328
11667,-0.03431372717022896,-4.517157077789307
11668,-0.026470588520169258,-4.698529243469238
11669,-0.030882352963089943,-4.882352828979492
11670,-0.02549019642174244,-5.093137264251709
11671,-0.029411764815449715,-5.245098114013672
11672,-0.028921568766236305,-5.411764621734619
11673,-0.0029411765281111,-5.482842922210693
11674,-0.03186274692416191,-5.504901885986328
11675,-0.0019607844296842813,-5.602941036224365
11676,-0.027941176667809486,-5.627450942993164
11677,-0.0049019609577953815,-5.632352828979492
11678,-0.01617647148668766,-5.647058963775635
11679,-0.00637254910543561,-5.634803771972656
11680,-0.008823529817163944,-5.647058963775635
11681,-0.01225490216165781,-5.571078300476074
11682,-0.0117647061124444,-5.485294342041016
11683,-0.008333333767950535,-5.541666507720947
11684,-0.019117647781968117,-5.517157077789307
11685,-0.008333333767950535,-5.509803771972656
11686,-0.006862745154649019,-5.571078300476074
11687,-0.007843137718737125,-5.571078300476074
11688,-0.010784314014017582,-5.588235378265381
11689,-0.014705882407724857,-5.664215564727783
11690,-0.02500000037252903,-5.742647171020508
11691,-0.022549020126461983,-5.86274528503418
11692,-0.01568627543747425,-5.965686321258545
11693,-0.01666666753590107,-6.132352828979492
11694,-0.018627451732754707,-6.284313678741455
11695,-0.01666666753590107,-6.473039150238037
11696,-0.020588235929608345,-6.602941036224365
11697,-0.02450980432331562,-6.796568393707275
11698,-0.021078431978821754,-6.985294342041016
11699,-0.020098039880394936,-7.210784435272217
11700,-0.029411764815449715,-7.370098114013672
11701,-0.019607843831181526,-7.573529243469238
11702,-0.019607843831181526,-7.794117450714111
11703,-0.026960784569382668,-7.970588207244873
11704,-0.021078431978821754,-8.085783958435059
11705,-0.021078431978821754,-8.252450942993164
11706,-0.01666666753590107,-8.352941513061523
11707,-0.019607843831181526,-8.436274528503418
11708,-0.021078431978821754,-8.507352828979492
11709,-0.00637254910543561,-8.490196228027344
11710,-0.022058824077248573,-8.549019813537598
11711,-0.009803921915590763,-8.480392456054688
11712,-0.01764705963432789,-8.411765098571777
11713,-0.009313725866377354,-8.303921699523926
11714,-0.006862745154649019,-8.188725471496582
11715,-0.013725490309298038,-8.009803771972656
11716,-0.007843137718737125,-7.855391979217529
11717,0.00147058826405555,-7.69362735748291
11718,-0.0034313725773245096,-7.470588207244873
11719,0.0,-7.257352828979492
11720,0.00147058826405555,-7.044117450714111
11721,-0.0058823530562222,-6.781862735748291
11722,0.013235294260084629,-6.578431606292725
11723,0.01617647148668766,-6.330882549285889
11724,-0.00637254910543561,-6.078431606292725
11725,0.021078431978821754,-5.904411792755127
11726,0.009313725866377354,-5.705882549285889
11727,0.00147058826405555,-5.514705657958984
11728,0.004411764908581972,-5.384803771972656
11729,0.007352941203862429,-5.205882549285889
11730,0.0019607844296842813,-5.110294342041016
11731,0.0009803922148421407,-5.029411792755127
11732,0.0024509804788976908,-4.941176414489746
11733,0.0029411765281111,-4.938725471496582
11734,-0.0029411765281111,-4.865196228027344
11735,0.007352941203862429,-4.892157077789307
11736,-0.004411764908581972,-4.921568393707275
11737,-0.003921568859368563,-4.950980186462402
11738,-0.0049019609577953815,-5.002450942993164
11739,-0.004411764908581972,-5.029411792755127
11740,-0.013725490309298038,-5.107842922210693
11741,-0.0058823530562222,-5.191176414489746
11742,-0.015196078456938267,-5.176470756530762
11743,-0.0049019609577953815,-5.242647171020508
11744,-0.00637254910543561,-5.30637264251709
11745,-0.01225490216165781,-5.289215564727783
11746,-0.011274510063230991,-5.281862735748291
11747,-0.015196078456938267,-5.284313678741455
11748,-0.0019607844296842813,-5.213235378265381
11749,-0.0019607844296842813,-5.105391979217529
11750,-0.0004901961074210703,-5.022058963775635
11751,-0.0009803922148421407,-4.889705657958984
11752,-0.004411764908581972,-4.68137264251709
11753,0.009803921915590763,-4.453431606292725
11754,0.008333333767950535,-4.245098114013672
11755,0.0117647061124444,-3.9877450466156006
11756,0.0058823530562222,-3.7303922176361084
11757,0.014215686358511448,-3.4142158031463623
11758,0.018137255683541298,-3.1078431606292725
11759,0.018627451732754707,-2.7647058963775635
11760,0.01274509821087122,-2.3970587253570557
11761,0.018627451732754707,-2.066176414489746
11762,0.023039216175675392,-1.7254902124404907
11763,0.013235294260084629,-1.406862735748291
11764,0.014705882407724857,-1.0465686321258545
11765,0.0117647061124444,-0.7573529481887817
11766,0.019117647781968117,-0.4362744987010956
11767,0.005392157007008791,-0.18382352590560913
11768,0.02450980432331562,0.022058824077248573
11769,0.013725490309298038,0.2696078419685364
11770,0.019117647781968117,0.45588234066963196
11771,0.011274510063230991,0.6372548937797546
11772,0.01225490216165781,0.7769607901573181
11773,0.0034313725773245096,0.8627451062202454
11774,-0.0004901961074210703,0.9117646813392639
11775,0.009313725866377354,0.9509803652763367
11776,0.0019607844296842813,0.9950980544090271
11777,0.00637254910543561,0.968137264251709
11778,-0.01568627543747425,0.9436274766921997
11779,0.00147058826405555,0.8970588445663452
11780,0.0004901961074210703,0.8700980544090271
11781,-0.005392157007008791,0.7867646813392639
11782,-0.0029411765281111,0.7450980544090271
11783,0.0029411765281111,0.6789215803146362
11784,0.0,0.6225489974021912
11785,0.02598039247095585,0.6029411554336548
11786,-0.013235294260084629,0.595588207244873
11787,-0.005392157007008791,0.593137264251709
11788,0.0058823530562222,0.6151960492134094
11789,-0.009313725866377354,0.7352941036224365
11790,0.008333333767950535,0.811274528503418
11791,0.005392157007008791,0.8921568393707275
11792,0.00147058826405555,1.0735293626785278
11793,0.0004901961074210703,1.2573529481887817
11794,0.0029411765281111,1.4803920984268188
11795,0.009803921915590763,1.686274528503418
11796,0.020588235929608345,1.938725471496582
11797,0.023039216175675392,2.2352941036224365
11798,0.01617647148668766,2.5808823108673096
11799,0.01715686358511448,2.838235378265381
11800,0.009803921915590763,3.19362735748291
11801,0.01715686358511448,3.5710785388946533
11802,0.021078431978821754,3.9142158031463623
11803,0.03186274692416191,4.225490093231201
11804,0.019607843831181526,4.551470756530762
11805,0.020098039880394936,4.875
11806,0.03186274692416191,5.169117450714111
11807,0.01617647148668766,5.424019813537598
11808,0.02401960827410221,5.644608020782471
11809,0.0117647061124444,5.852941036224365
11810,0.003921568859368563,6.041666507720947
11811,0.018627451732754707,6.147058963775635
11812,0.0034313725773245096,6.269608020782471
11813,-0.0004901961074210703,6.325980186462402
11814,0.010784314014017582,6.323529243469238
11815,-0.004411764908581972,6.321078300476074
11816,-0.013235294260084629,6.303921699523926
11817,-0.028921568766236305,6.23774528503418
11818,-0.0009803922148421407,6.120098114013672
11819,-0.027941176667809486,6.031862735748291
11820,-0.014215686358511448,5.948529243469238
11821,-0.015196078456938267,5.73774528503418
11822,-0.022549020126461983,5.629901885986328
11823,0.007352941203862429,5.475490093231201
11824,-0.02450980432331562,5.377450942993164
11825,-0.007352941203862429,5.223039150238037
11826,-0.018137255683541298,5.122549057006836
11827,-0.004411764908581972,4.977941036224365
11828,-0.011274510063230991,4.93137264251709
11829,-0.01274509821087122,4.872549057006836
11830,-0.01274509821087122,4.882352828979492
11831,-0.006862745154649019,4.909313678741455
11832,-0.013235294260084629,4.973039150238037
11833,0.0,5.066176414489746
11834,-0.0058823530562222,5.169117450714111
11835,0.010294117964804173,5.343137264251709
11836,-0.0009803922148421407,5.522058963775635
11837,0.0049019609577953815,5.723039150238037
11838,0.0004901961074210703,5.950980186462402
11839,0.01666666753590107,6.274509906768799
11840,0.013235294260084629,6.563725471496582
11841,0.011274510063230991,6.811274528503418
11842,0.008823529817163944,7.127450942993164
11843,0.014705882407724857,7.421568393707275
11844,0.015196078456938267,7.700980186462402
11845,0.020588235929608345,8.017156600952148
11846,0.022058824077248573,8.25
11847,0.011274510063230991,8.504901885986328
11848,0.01666666753590107,8.651960372924805
11849,0.0029411765281111,8.877450942993164
11850,0.005392157007008791,9.034314155578613
11851,0.018627451732754707,9.088234901428223
11852,0.00637254910543561,9.161765098571777
11853,0.0024509804788976908,9.161765098571777
11854,0.0117647061124444,9.164216041564941
11855,-0.004411764908581972,9.11274528503418
11856,-0.007352941203862429,9.007352828979492
11857,-0.0049019609577953815,8.877450942993164
11858,-0.0004901961074210703,8.700980186462402
11859,-0.01617647148668766,8.46813678741455
11860,-0.008823529817163944,8.286765098571777
11861,-0.01568627543747425,8.066176414489746
11862,-0.01225490216165781,7.791666507720947
11863,-0.01666666753590107,7.561274528503418
11864,-0.013235294260084629,7.303921699523926
11865,-0.01617647148668766,7.080882549285889
11866,-0.019607843831181526,6.843137264251709
11867,-0.019117647781968117,6.620098114013672
11868,-0.02598039247095585,6.43137264251709
11869,-0.021568628028035164,6.276960849761963
11870,-0.013235294260084629,6.164215564727783
11871,-0.01666666753590107,6.078431606292725
11872,-0.014215686358511448,6.029411792755127
11873,-0.013235294260084629,6.014705657958984
11874,-0.0058823530562222,6.075980186462402
11875,-0.008333333767950535,6.164215564727783
11876,-0.0024509804788976908,6.31862735748291
11877,0.008333333767950535,6.394608020782471
11878,0.0029411765281111,6.666666507720947
11879,0.00147058826405555,6.828431606292725
11880,0.00637254910543561,7.102941036224365
11881,0.008823529817163944,7.389705657958984
11882,0.018137255683541298,7.63725471496582
11883,0.013725490309298038,7.93137264251709
11884,0.008823529817163944,8.18137264251709
11885,0.01617647148668766,8.458333015441895
11886,0.0235294122248888,8.723039627075195
11887,-0.00147058826405555,8.948529243469238
11888,0.028921568766236305,9.198529243469238
11889,0.013235294260084629,9.321078300476074
11890,0.018627451732754707,9.460783958435059
11891,0.015196078456938267,9.620098114013672
11892,0.014705882407724857,9.61274528503418
11893,0.00637254910543561,9.661765098571777
11894,-0.0009803922148421407,9.607843399047852
11895,-0.0019607844296842813,9.534314155578613
11896,0.02500000037252903,9.348039627075195
11897,-0.03382353112101555,9.188725471496582
11898,0.026470588520169258,9.0
11899,0.05000000074505806,8.754901885986328
11900,0.07401961088180542,8.541666984558105
11901,-0.04754902049899101,8.122549057006836
11902,-2.0573530197143555,7.639705657958984
11903,0.7563725709915161,7.44362735748291
11904,-1.2044117450714111,7.117647171020508
11905,0.028921568766236305,6.740196228027344
11906,-0.26911765336990356,6.492647171020508
11907,-0.08627451211214066,6.139705657958984
11908,-0.1671568602323532,5.867647171020508
11909,-0.06078431382775307,5.607842922210693
11910,-0.10343137383460999,5.401960849761963
11911,0.0,5.240196228027344
11912,-0.10000000149011612,5.156862735748291
11913,-0.01225490216165781,5.06862735748291
11914,-0.0519607849419117,5.014705657958984
11915,0.0024509804788976908,5.029411792755127
11916,-0.013235294260084629,5.083333492279053
11917,-0.019117647781968117,5.232842922210693
11918,-0.0019607844296842813,5.397058963775635
11919,0.0049019609577953815,5.553921699523926
11920,0.008333333767950535,5.776960849761963
11921,0.013725490309298038,6.107842922210693
11922,0.01274509821087122,6.375
11923,0.013235294260084629,6.632352828979492
11924,0.01274509821087122,6.968137264251709
11925,0.020098039880394936,7.23774528503418
11926,0.023039216175675392,7.566176414489746
11927,0.027450980618596077,7.816176414489746
11928,0.02500000037252903,8.098039627075195
11929,0.027450980618596077,8.316176414489746
11930,0.020098039880394936,8.473039627075195
11931,0.0235294122248888,8.647058486938477
11932,0.014705882407724857,8.764705657958984
11933,0.01568627543747425,8.776960372924805
11934,0.011274510063230991,8.828431129455566
11935,0.014215686358511448,8.732843399047852
11936,-0.0049019609577953815,8.610294342041016
11937,0.009313725866377354,8.436274528503418
11938,0.0034313725773245096,8.245098114013672
11939,-0.01225490216165781,7.992647171020508
11940,-0.010294117964804173,7.605391979217529
11941,-0.008333333767950535,7.338235378265381
11942,0.0,6.894608020782471
11943,-0.026470588520169258,6.575980186462402
11944,0.0004901961074210703,6.063725471496582
11945,-0.027450980618596077,5.723039150238037
11946,-0.029411764815449715,5.328431606292725
11947,-0.03431372717022896,4.872549057006836
11948,-0.035784315317869186,4.549019813537598
11949,-0.03529411926865578,4.205882549285889
11950,-0.01666666753590107,3.906862735748291
11951,-0.019607843831181526,3.6078431606292725
11952,-0.01764705963432789,3.4142158031463623
11953,-0.01617647148668766,3.2598040103912354
11954,-0.022058824077248573,3.1397058963775635
11955,-0.028921568766236305,3.122549057006836
11956,-0.009313725866377354,3.149509906768799
11957,-0.0029411765281111,3.2058823108673096
11958,0.0029411765281111,3.338235378265381
11959,0.0029411765281111,3.497549057006836
11960,-0.0019607844296842813,3.7328431606292725
11961,0.006862745154649019,4.031862735748291
11962,0.0058823530562222,4.303921699523926
11963,0.009803921915590763,4.696078300476074
11964,0.037254903465509415,5.036764621734619
11965,0.07990196347236633,5.399509906768799
11966,0.5215686559677124,5.791666507720947
11967,-0.29950979351997375,6.095588207244873
11968,0.42450979351997375,6.492647171020508
11969,-0.10882353037595749,6.81862735748291
11970,0.06421568989753723,7.075980186462402
11971,0.07107843458652496,7.348039150238037
11972,0.014705882407724857,7.524509906768799
11973,0.0313725508749485,7.620098114013672
11974,0.018627451732754707,7.713235378265381
11975,-0.003921568859368563,7.759803771972656
11976,0.030392156913876534,7.659313678741455
11977,0.0,7.539215564727783
11978,-0.037745099514722824,7.370098114013672
11979,0.02549019642174244,7.117647171020508
11980,-0.004411764908581972,6.830882549285889
11981,-0.020588235929608345,6.5
11982,-0.01274509821087122,6.095588207244873
11983,-0.028431372717022896,5.632352828979492
11984,-0.021568628028035164,5.196078300476074
11985,-0.026470588520169258,4.656862735748291
11986,-0.03431372717022896,4.225490093231201
11987,-0.03529411926865578,3.7671568393707275
11988,-0.018137255683541298,3.225490093231201
11989,-0.04362745210528374,2.8014705181121826
11990,-0.028431372717022896,2.399509906768799
11991,-0.045588236302137375,2.004901885986328
11992,-0.0235294122248888,1.720588207244873
11993,-0.027450980618596077,1.438725471496582
11994,-0.03284313902258873,1.2279411554336548
11995,-0.020098039880394936,1.093137264251709
11996,-0.02598039247095585,1.0563725233078003
11997,-0.021568628028035164,1.0441176891326904
11998,-0.006862745154649019,1.0808823108673096
11999,0.0034313725773245096,1.284313678741455
12000,-0.004411764908581972,1.4828431606292725
12001,-0.006862745154649019,1.7892156839370728
12002,-0.010294117964804173,2.0710785388946533
12003,0.01666666753590107,2.463235378265381
12004,-0.013725490309298038,2.8848040103912354
12005,-0.006862745154649019,3.313725471496582
12006,0.009803921915590763,3.7990195751190186
12007,0.009803921915590763,4.328431606292725
12008,0.007843137718737125,4.752450942993164
12009,0.014215686358511448,5.183823585510254
12010,0.018137255683541298,5.615196228027344
12011,0.0004901961074210703,5.995098114013672
12012,0.03284313902258873,6.301470756530762
12013,-0.00637254910543561,6.563725471496582
12014,0.029901960864663124,6.759803771972656
12015,0.018627451732754707,6.928921699523926
12016,-0.0004901961074210703,7.0
12017,0.01274509821087122,6.958333492279053
12018,0.0029411765281111,6.845588207244873
12019,-0.0049019609577953815,6.642157077789307
12020,-0.0034313725773245096,6.421568393707275
12021,-0.01225490216165781,6.100490093231201
12022,-0.011274510063230991,5.730391979217529
12023,-0.02401960827410221,5.245098114013672
12024,-0.03284313902258873,4.791666507720947
12025,-0.03186274692416191,4.23774528503418
12026,-0.030882352963089943,3.6985294818878174
12027,-0.038235295563936234,3.1127450466156006
12028,-0.046568628400564194,2.55637264251709
12029,-0.038235295563936234,1.9877450466156006
12030,-0.053921569138765335,1.4632352590560913
12031,-0.03284313902258873,0.9534313678741455
12032,-0.07009804248809814,0.4534313678741455
12033,-0.028431372717022896,0.0416666679084301
12034,-0.04950980469584465,-0.3284313678741455
12035,0.026960784569382668,-0.5465686321258545
12036,1.4181373119354248,-0.6053921580314636
12037,-0.761274516582489,-0.8627451062202454
12038,1.1191176176071167,-0.8333333134651184
12039,-0.3818627595901489,-0.7867646813392639
12040,0.20539215207099915,-0.7279411554336548
12041,0.09754902124404907,-0.343137264251709
12042,0.004411764908581972,-0.16421568393707275
12043,0.13725490868091583,0.1985294073820114
12044,0.005392157007008791,0.688725471496582
12045,0.030882352963089943,1.218137264251709
12046,0.09264706075191498,1.75
12047,0.02401960827410221,2.25
12048,0.03872549161314964,2.867647171020508
12049,0.06862745434045792,3.4534313678741455
12050,0.023039216175675392,4.049019813537598
12051,0.054901961237192154,4.649509906768799
12052,0.030392156913876534,5.071078300476074
12053,0.04117647185921669,5.51225471496582
12054,0.04068627581000328,5.977941036224365
12055,0.028921568766236305,6.294117450714111
12056,0.04068627581000328,6.480391979217529
12057,0.02598039247095585,6.678921699523926
12058,0.023039216175675392,6.710784435272217
12059,0.01225490216165781,6.661764621734619
12060,0.01715686358511448,6.55637264251709
12061,0.0049019609577953815,6.343137264251709
12062,-0.0004901961074210703,6.041666507720947
12063,-0.007843137718737125,5.61274528503418
12064,-0.01666666753590107,5.196078300476074
12065,-0.02450980432331562,4.590686321258545
12066,-0.030882352963089943,4.031862735748291
12067,-0.038235295563936234,3.377450942993164
12068,-0.04411764815449715,2.7352941036224365
12069,-0.03970588371157646,2.0539214611053467
12070,-0.046568628400564194,1.3235293626785278
12071,-0.045588236302137375,0.6593137383460999
12072,-0.04362745210528374,0.019607843831181526
12073,-0.054411765187978745,-0.5465686321258545
12074,-0.04754902049899101,-1.0980392694473267
12075,-0.05539215728640556,-1.5735293626785278
12076,-0.046078432351350784,-1.9926470518112183
12077,-0.05000000074505806,-2.2892158031463623
12078,-0.03235294297337532,-2.5220587253570557
12079,-0.02401960827410221,-2.593137264251709
12080,-0.02450980432331562,-2.566176414489746
12081,-0.026470588520169258,-2.473039150238037
12082,-0.0029411765281111,-2.3014705181121826
12083,-0.0019607844296842813,-1.9926470518112183
12084,-0.04215686395764351,-1.590686321258545
12085,0.019607843831181526,-1.1446079015731812
12086,0.01568627543747425,-0.5857843160629272
12087,0.026470588520169258,0.0833333358168602
12088,0.026960784569382668,0.7328431606292725
12089,0.04068627581000328,1.436274528503418
12090,0.03872549161314964,2.1789214611053467
12091,0.04362745210528374,2.906862735748291
12092,0.037745099514722824,3.5833332538604736
12093,0.054411765187978745,4.294117450714111
12094,0.046568628400564194,4.892157077789307
12095,0.035784315317869186,5.504901885986328
12096,0.04313725605607033,5.980391979217529
12097,0.036764707416296005,6.406862735748291
12098,0.04313725605607033,6.688725471496582
12099,0.030882352963089943,6.86274528503418
12100,0.003921568859368563,6.992647171020508
12101,0.05539215728640556,7.009803771972656
12102,-0.01764705963432789,6.796568393707275
12103,0.029411764815449715,6.573529243469238
12104,-0.0313725508749485,6.208333492279053
12105,-0.007843137718737125,5.776960849761963
12106,-0.020588235929608345,5.218137264251709
12107,-0.04068627581000328,4.583333492279053
12108,-0.04313725605607033,3.8946077823638916
12109,-0.04803921654820442,3.1102941036224365
12110,-0.04068627581000328,2.2965686321258545
12111,-0.05833333358168602,1.5049020051956177
12112,-0.05980392172932625,0.6740196347236633
12113,-0.06666667014360428,-0.07352941483259201
12114,-0.0676470622420311,-0.9411764740943909
12115,0.12892156839370728,-1.6470588445663452
12116,-0.2186274528503418,-2.3235294818878174
12117,-0.0058823530562222,-2.8921568393707275
12118,0.13382352888584137,-3.375
12119,-0.19460783898830414,-3.8357841968536377
12120,0.14950980246067047,-4.024509906768799
12121,-0.14313726127147675,-4.213235378265381
12122,0.020098039880394936,-4.235294342041016
12123,0.01568627543747425,-4.115196228027344
12124,-0.05980392172932625,-3.9142158031463623
12125,0.0470588244497776,-3.55637264251709
12126,-0.013725490309298038,-3.098039150238037
12127,0.02549019642174244,-2.5465686321258545
12128,0.0235294122248888,-1.8921568393707275
12129,0.02500000037252903,-1.1446079015731812
12130,0.046568628400564194,-0.3480392098426819
12131,0.061274509876966476,0.4901960790157318
12132,0.04117647185921669,1.372549057006836
12133,0.05882352963089943,2.274509906768799
12134,0.0519607849419117,3.125
12135,0.05882352963089943,3.9901959896087646
12136,0.052941177040338516,4.794117450714111
12137,0.06078431382775307,5.497549057006836
12138,0.053431373089551926,6.161764621734619
12139,0.0519607849419117,6.686274528503418
12140,0.04950980469584465,7.105391979217529
12141,0.03382353112101555,7.426470756530762
12142,0.03872549161314964,7.629901885986328
12143,0.023039216175675392,7.688725471496582
12144,0.009313725866377354,7.590686321258545
12145,0.019607843831181526,7.325980186462402
12146,-0.0034313725773245096,6.995098114013672
12147,-0.011274510063230991,6.504901885986328
12148,-0.01764705963432789,5.904411792755127
12149,-0.02598039247095585,5.259803771972656
12150,-0.04852941259741783,4.433823585510254
12151,-0.037254903465509415,3.5220587253570557
12152,-0.07156863063573837,2.6372549533843994
12153,-0.053921569138765335,1.659313678741455
12154,-0.07205882668495178,0.6299019455909729
12155,-0.07549019902944565,-0.29411765933036804
12156,-0.0730392187833786,-1.2598038911819458
12157,-0.07009804248809814,-2.1691176891326904
12158,-0.08284313976764679,-2.995098114013672
12159,-0.06519608199596405,-3.75
12160,-0.06715686619281769,-4.38725471496582
12161,-0.06470588594675064,-4.926470756530762
12162,-0.06666667014360428,-5.313725471496582
12163,-0.0573529414832592,-5.605391979217529
12164,-0.0416666679084301,-5.794117450714111
12165,-0.03529411926865578,-5.735294342041016
12166,-0.02598039247095585,-5.573529243469238
12167,-0.007352941203862429,-5.267157077789307
12168,-0.008333333767950535,-4.799019813537598
12169,0.0004901961074210703,-4.218137264251709
12170,0.022549020126461983,-3.531862735748291
12171,0.01617647148668766,-2.686274528503418
12172,0.035784315317869186,-1.8014706373214722
12173,0.037745099514722824,-0.8357843160629272
12174,0.06029411777853966,0.15196079015731812
12175,0.01225490216165781,1.2230392694473267
12176,0.04215686395764351,2.2916667461395264
12177,0.05980392172932625,3.276960849761963
12178,0.05147058889269829,4.276960849761963
12179,0.07352941483259201,5.25
12180,0.06372549384832382,6.061274528503418
12181,0.05588235333561897,6.865196228027344
12182,0.06323529779911041,7.475490093231201
12183,0.053431373089551926,7.960784435272217
12184,0.045588236302137375,8.328431129455566
12185,0.026470588520169258,8.509803771972656
12186,0.02598039247095585,8.588234901428223
12187,0.011274510063230991,8.433823585510254
12188,0.007352941203862429,8.183823585510254
12189,-0.0034313725773245096,7.772058963775635
12190,-0.01274509821087122,7.208333492279053
12191,-0.026960784569382668,6.544117450714111
12192,-0.022058824077248573,5.735294342041016
12193,-0.04411764815449715,4.784313678741455
12194,-0.05098039284348488,3.7916667461395264
12195,-0.06470588594675064,2.7083332538604736
12196,-0.06470588594675064,1.6004902124404907
12197,-0.06323529779911041,0.49264705181121826
12198,-0.08088235557079315,-0.6691176295280457
12199,-0.08382353186607361,-1.7549020051956177
12200,-0.09019608050584793,-2.845588207244873
12201,-0.09313725680112839,-3.7965686321258545
12202,-0.07401961088180542,-4.632352828979492
12203,-0.0784313753247261,-5.426470756530762
12204,-0.08676470816135406,-6.11274528503418
12205,-0.061274509876966476,-6.593137264251709
12206,-0.10490196198225021,-6.950980186462402
12207,-0.027450980618596077,-7.088235378265381
12208,-0.07156863063573837,-7.13725471496582
12209,-0.03186274692416191,-6.965686321258545
12210,-0.019607843831181526,-6.620098114013672
12211,-0.019117647781968117,-6.147058963775635
12212,-0.0034313725773245096,-5.5
12213,0.019117647781968117,-4.767157077789307
12214,0.02500000037252903,-3.877450942993164
12215,0.04803921654820442,-2.8333332538604736
12216,0.05098039284348488,-1.7916666269302368
12217,0.062254901975393295,-0.6617646813392639
12218,0.0681372582912445,0.5
12219,0.06617647409439087,1.75
12220,0.06960784643888474,2.8970587253570557
12221,0.06862745434045792,4.061274528503418
12222,0.07647059112787247,5.171568393707275
12223,0.07156863063573837,6.156862735748291
12224,0.08284313976764679,7.044117450714111
12225,0.06862745434045792,7.865196228027344
12226,0.0573529414832592,8.519607543945312
12227,0.0573529414832592,8.995098114013672
12228,0.05637254938483238,9.308823585510254
12229,0.035784315317869186,9.40686321258545
12230,0.022549020126461983,9.416666984558105
12231,0.015196078456938267,9.230392456054688
12232,0.009803921915590763,8.840685844421387
12233,-0.0049019609577953815,8.33088207244873
12234,-0.0235294122248888,7.598039150238037
12235,-0.04313725605607033,6.784313678741455
12236,-0.045588236302137375,5.835784435272217
12237,-0.0730392187833786,4.801470756530762
12238,-0.07156863063573837,3.600490093231201
12239,-0.06911765038967133,2.43137264251709
12240,-0.08039215952157974,1.1813725233078003
12241,-0.0779411792755127,-0.10784313827753067
12242,-0.08970588445663452,-1.2990195751190186
12243,-0.08529412001371384,-2.5147058963775635
12244,-0.0941176488995552,-3.6715686321258545
12245,-0.0936274528503418,-4.708333492279053
12246,-0.09068627655506134,-5.647058963775635
12247,-0.07941176742315292,-6.436274528503418
12248,-0.08382353186607361,-7.149509906768799
12249,-0.07500000298023224,-7.602941036224365
12250,-0.07205882668495178,-7.992647171020508
12251,-0.052941177040338516,-8.134803771972656
12252,-0.052941177040338516,-8.132352828979492
12253,-0.03872549161314964,-7.882352828979492
12254,-0.028921568766236305,-7.573529243469238
12255,-0.00637254910543561,-7.002450942993164
12256,0.0029411765281111,-6.335784435272217
12257,0.0313725508749485,-5.43137264251709
12258,0.029901960864663124,-4.482842922210693
12259,0.03872549161314964,-3.3848040103912354
12260,0.04264706000685692,-2.252450942993164
12261,0.05931372568011284,-1.0441176891326904
12262,0.06372549384832382,0.23529411852359772
12263,0.07401961088180542,1.563725471496582
12264,0.07990196347236633,2.8210785388946533
12265,0.08676470816135406,4.06862735748291
12266,0.07745098322629929,5.178921699523926
12267,0.08921568840742111,6.286764621734619
12268,0.07352941483259201,7.276960849761963
12269,0.07941176742315292,8.110294342041016
12270,0.07009804248809814,8.772058486938477
12271,0.06029411777853966,9.357843399047852
12272,0.046078432351350784,9.73774528503418
12273,0.04901960864663124,9.94362735748291
12274,0.038235295563936234,9.928921699523926
12275,0.018137255683541298,9.740196228027344
12276,0.013235294260084629,9.446078300476074
12277,0.0,8.928921699523926
12278,-0.018137255683541298,8.242647171020508
12279,-0.027450980618596077,7.44362735748291
12280,-0.03431372717022896,6.5
12281,-0.05686274543404579,5.406862735748291
12282,-0.062745101749897,4.294117450714111
12283,-0.0681372582912445,3.0392158031463623
12284,-0.08088235557079315,1.7549020051956177
12285,-0.08235294371843338,0.5098039507865906
12286,-0.08921568840742111,-0.779411792755127
12287,-0.09852941334247589,-2.0808823108673096
12288,-0.10147058963775635,-3.257352828979492
12289,-0.10245098173618317,-4.370098114013672
12290,-0.09166666865348816,-5.352941036224365
12291,-0.09803921729326248,-6.252450942993164
12292,-0.08382353186607361,-7.007352828979492
12293,-0.07696078717708588,-7.651960849761963
12294,-0.06617647409439087,-8.098039627075195
12295,-0.0519607849419117,-8.365196228027344
12296,-0.06078431382775307,-8.470588684082031
12297,-0.04313725605607033,-8.414216041564941
12298,-0.018627451732754707,-8.186274528503418
12299,-0.013235294260084629,-7.720588207244873
12300,0.004411764908581972,-7.134803771972656
12301,0.01274509821087122,-6.38725471496582
12302,0.01617647148668766,-5.583333492279053
12303,0.036274511367082596,-4.61274528503418
12304,0.04803921654820442,-3.495098114013672
12305,0.062254901975393295,-2.3529412746429443
12306,0.05980392172932625,-1.093137264251709
12307,0.0681372582912445,0.11519607901573181
12308,0.0887254923582077,1.3872549533843994
12309,0.07647059112787247,2.627450942993164
12310,0.054901961237192154,3.8308823108673096
12311,0.09460784494876862,4.953431606292725
12312,0.08186274766921997,5.960784435272217
12313,0.07941176742315292,6.953431606292725
12314,0.07549019902944565,7.759803771972656
12315,0.06715686619281769,8.51225471496582
12316,0.05637254938483238,9.017156600952148
12317,0.053431373089551926,9.389705657958984
12318,0.0470588244497776,9.615196228027344
12319,0.04068627581000328,9.65686321258545
12320,0.028921568766236305,9.534314155578613
12321,0.005392157007008791,9.286765098571777
12322,0.004411764908581972,8.857843399047852
12323,-0.008823529817163944,8.29411792755127
12324,-0.02500000037252903,7.502450942993164
12325,-0.03872549161314964,6.659313678741455
12326,-0.04068627581000328,5.730391979217529
12327,-0.054411765187978745,4.713235378265381
12328,-0.05098039284348488,3.6053922176361084
12329,-0.07352941483259201,2.44362735748291
12330,-0.06617647409439087,1.2769607305526733
12331,-0.07401961088180542,0.06372549384832382
12332,-0.08284313976764679,-1.095588207244873
12333,-0.08627451211214066,-2.19362735748291
12334,-0.08235294371843338,-3.338235378265381
12335,-0.10882353037595749,-4.276960849761963
12336,-0.08725490421056747,-5.191176414489746
12337,-0.07647059112787247,-5.970588207244873
12338,-0.08235294371843338,-6.600490093231201
12339,-0.07205882668495178,-7.156862735748291
12340,-0.06617647409439087,-7.519608020782471
12341,-0.046568628400564194,-7.73774528503418
12342,-0.04852941259741783,-7.843137264251709
12343,-0.045588236302137375,-7.752450942993164
12344,-0.021078431978821754,-7.519608020782471
12345,-0.01764705963432789,-7.205882549285889
12346,-0.005392157007008791,-6.666666507720947
12347,0.01617647148668766,-6.053921699523926
12348,0.021078431978821754,-5.259803771972656
12349,0.02598039247095585,-4.463235378265381
12350,0.04019607976078987,-3.561274528503418
12351,0.045588236302137375,-2.5465686321258545
12352,0.04950980469584465,-1.4754902124404907
12353,0.05049019679427147,-0.4485294222831726
12354,0.06029411777853966,0.6348039507865906
12355,0.0676470622420311,1.7009804248809814
12356,0.07401961088180542,2.781862735748291
12357,0.07549019902944565,3.7720587253570557
12358,0.0784313753247261,4.68137264251709
12359,0.062254901975393295,5.571078300476074
12360,0.06960784643888474,6.330882549285889
12361,0.06029411777853966,7.026960849761963
12362,0.05637254938483238,7.531862735748291
12363,0.05931372568011284,7.985294342041016
12364,0.044607844203710556,8.291666984558105
12365,0.038235295563936234,8.438725471496582
12366,0.01225490216165781,8.46813678741455
12367,0.03235294297337532,8.401960372924805
12368,-0.0049019609577953815,8.14950942993164
12369,0.004411764908581972,7.799019813537598
12370,-0.00637254910543561,7.372549057006836
12371,-0.023039216175675392,6.813725471496582
12372,-0.035784315317869186,6.107842922210693
12373,-0.029901960864663124,5.340686321258545
12374,-0.02598039247095585,4.531862735748291
12375,-0.011274510063230991,3.659313678741455
12376,-0.05931372568011284,2.7720587253570557
12377,-0.05245098099112511,1.7745097875595093
12378,-0.06617647409439087,0.8333333134651184
12379,-0.06666667014360428,-0.14950980246067047
12380,-0.06470588594675064,-1.1102941036224365
12381,-0.08039215952157974,-1.9730392694473267
12382,-0.07401961088180542,-2.81862735748291
12383,-0.07401961088180542,-3.6102941036224365
12384,-0.05980392172932625,-4.30637264251709
12385,-0.06470588594675064,-4.911764621734619
12386,-0.06568627804517746,-5.480391979217529
12387,-0.05833333358168602,-5.892157077789307
12388,-0.04901960864663124,-6.213235378265381
12389,-0.030882352963089943,-6.453431606292725
12390,-0.06519608199596405,-6.544117450714111
12391,-0.0034313725773245096,-6.509803771972656
12392,-0.054901961237192154,-6.38725471496582
12393,-0.0117647061124444,-6.164215564727783
12394,0.05147058889269829,-5.835784435272217
12395,-0.5563725233078003,-5.397058963775635
12396,1.878921627998352,-4.73774528503418
12397,-0.579901933670044,-4.220588207244873
12398,0.8936274647712708,-3.620098114013672
12399,0.06078431382775307,-2.7647058963775635
12400,0.26372548937797546,-2.1127450466156006
12401,0.09656862914562225,-1.2230392694473267
12402,0.1303921639919281,-0.41911765933036804
12403,0.05588235333561897,0.44607841968536377
12404,0.17450980842113495,1.313725471496582
12405,0.06470588594675064,2.1397058963775635
12406,0.10147058963775635,2.901960849761963
12407,0.06617647409439087,3.752450942993164
12408,0.08529412001371384,4.448529243469238
12409,0.06617647409439087,5.098039150238037
12410,0.0573529414832592,5.730391979217529
12411,0.0519607849419117,6.232842922210693
12412,0.05147058889269829,6.656862735748291
12413,0.05098039284348488,7.036764621734619
12414,0.046568628400564194,7.294117450714111
12415,0.03284313902258873,7.438725471496582
12416,0.02401960827410221,7.473039150238037
12417,0.0235294122248888,7.421568393707275
12418,0.0,7.313725471496582
12419,0.018627451732754707,7.041666507720947
12420,-0.020588235929608345,6.696078300476074
12421,-0.006862745154649019,6.284313678741455
12422,-0.026470588520169258,5.747549057006836
12423,-0.02500000037252903,5.176470756530762
12424,-0.027450980618596077,4.541666507720947
12425,-0.036274511367082596,3.808823585510254
12426,-0.0416666679084301,3.0441176891326904
12427,-0.05245098099112511,2.242647171020508
12428,-0.03872549161314964,1.4460784196853638
12429,-0.06519608199596405,0.5857843160629272
12430,-0.06323529779911041,-0.23284313082695007
12431,-0.05245098099112511,-1.1102941036224365
12432,-0.05098039284348488,-1.8921568393707275
12433,-0.06666667014360428,-2.688725471496582
12434,-0.06617647409439087,-3.406862735748291
12435,-0.0573529414832592,-4.080882549285889
12436,-0.04803921654820442,-4.683823585510254
12437,-0.06421568989753723,-5.227941036224365
12438,-0.046568628400564194,-5.644608020782471
12439,-0.046568628400564194,-6.036764621734619
12440,-0.04754902049899101,-6.333333492279053
12441,-0.037745099514722824,-6.482842922210693
12442,-0.02500000037252903,-6.51225471496582
12443,-0.020588235929608345,-6.517157077789307
12444,-0.018627451732754707,-6.394608020782471
12445,-0.0058823530562222,-6.127450942993164
12446,-0.0009803922148421407,-5.786764621734619
12447,0.018627451732754707,-5.308823585510254
12448,0.013235294260084629,-4.799019813537598
12449,0.014705882407724857,-4.186274528503418
12450,0.026960784569382668,-3.4877450466156006
12451,0.036764707416296005,-2.75
12452,0.04754902049899101,-1.904411792755127
12453,0.046078432351350784,-1.0441176891326904
12454,0.04411764815449715,-0.13970588147640228
12455,0.054901961237192154,0.7696078419685364
12456,0.061274509876966476,1.720588207244873
12457,0.062745101749897,2.620098114013672
12458,0.07107843458652496,3.475490093231201
12459,0.0573529414832592,4.335784435272217
12460,0.06372549384832382,5.11274528503418
12461,0.05147058889269829,5.850490093231201
12462,0.06470588594675064,6.529411792755127
12463,0.05784313753247261,7.110294342041016
12464,0.04264706000685692,7.629901885986328
12465,0.05245098099112511,7.977941036224365
12466,0.04411764815449715,8.267156600952148
12467,0.03921568766236305,8.446078300476074
12468,0.027941176667809486,8.502450942993164
12469,0.02450980432331562,8.446078300476074
12470,0.027450980618596077,8.257352828979492
12471,-0.0009803922148421407,7.904411792755127
12472,0.007843137718737125,7.534313678741455
12473,-0.015196078456938267,6.975490093231201
12474,-0.018627451732754707,6.303921699523926
12475,-0.03382353112101555,5.634803771972656
12476,-0.046568628400564194,4.882352828979492
12477,-0.05539215728640556,3.936274528503418
12478,-0.04754902049899101,3.024509906768799
12479,-0.09264706075191498,2.0539214611053467
12480,-0.5828431248664856,0.9975489974021912
12481,-0.01764705963432789,0.01225490216165781
12482,-0.14411765336990356,-0.9534313678741455
12483,-0.21666666865348816,-2.0098040103912354
12484,0.020588235929608345,-2.9215686321258545
12485,-0.20588235557079315,-3.8333332538604736
12486,-0.11274509876966476,-4.669117450714111
12487,-0.026960784569382668,-5.441176414489746
12488,-0.12941177189350128,-6.154411792755127
12489,-0.05049019679427147,-6.735294342041016
12490,-0.09656862914562225,-7.186274528503418
12491,-0.053921569138765335,-7.558823585510254
12492,-0.04852941259741783,-7.779411792755127
12493,-0.05000000074505806,-7.897058963775635
12494,-0.03872549161314964,-7.875
12495,-0.02598039247095585,-7.769608020782471
12496,-0.008823529817163944,-7.433823585510254
12497,-0.0058823530562222,-7.083333492279053
12498,-0.02549019642174244,-6.549019813537598
12499,0.00147058826405555,-5.899509906768799
12500,-0.005392157007008791,-5.200980186462402
12501,0.006862745154649019,-4.384803771972656
12502,0.01764705963432789,-3.4828431606292725
12503,0.03186274692416191,-2.5465686321258545
12504,0.036274511367082596,-1.5269607305526733
12505,0.04901960864663124,-0.5024510025978088
12506,0.053921569138765335,0.5882353186607361
12507,0.06421568989753723,1.6470588445663452
12508,0.06666667014360428,2.6470587253570557
12509,0.06029411777853966,3.6764705181121826
12510,0.06911765038967133,4.654411792755127
12511,0.07058823853731155,5.531862735748291
12512,0.06519608199596405,6.411764621734619
12513,0.05245098099112511,7.151960849761963
12514,0.062745101749897,7.779411792755127
12515,0.05637254938483238,8.303921699523926
12516,0.044607844203710556,8.77450942993164
12517,0.0416666679084301,9.014705657958984
12518,0.03235294297337532,9.198529243469238
12519,0.03186274692416191,9.245098114013672
12520,0.01617647148668766,9.09313678741455
12521,0.008823529817163944,8.921568870544434
12522,0.0,8.627450942993164
12523,-0.0117647061124444,8.144607543945312
12524,-0.007352941203862429,7.585784435272217
12525,-0.04362745210528374,6.892157077789307
12526,-0.008333333767950535,6.142157077789307
12527,-0.08039215952157974,5.313725471496582
12528,-0.030882352963089943,4.426470756530762
12529,-0.0117647061124444,3.534313678741455
12530,-1.525490164756775,2.3210785388946533
12531,0.4686274528503418,1.438725471496582
12532,-0.9519608020782471,0.4534313678741455
12533,-0.09019608050584793,-0.625
12534,-0.11862745136022568,-1.5
12535,-0.2294117659330368,-2.502450942993164
12536,0.0,-3.404411792755127
12537,-0.18627451360225677,-4.235294342041016
12538,-0.0990196093916893,-4.992647171020508
12539,-0.020098039880394936,-5.642157077789307
12540,-0.15245097875595093,-6.230391979217529
12541,-0.02500000037252903,-6.718137264251709
12542,-0.09019608050584793,-7.073529243469238
12543,-0.03921568766236305,-7.355391979217529
12544,-0.04264706000685692,-7.546568393707275
12545,-0.04754902049899101,-7.522058963775635
12546,-0.02549019642174244,-7.460784435272217
12547,-0.01764705963432789,-7.296568393707275
12548,-0.00637254910543561,-7.051470756530762
12549,-0.0029411765281111,-6.634803771972656
12550,0.009313725866377354,-6.169117450714111
12551,0.009803921915590763,-5.575980186462402
12552,0.026470588520169258,-4.919117450714111
12553,0.027941176667809486,-4.218137264251709
12554,0.028431372717022896,-3.463235378265381
12555,0.04117647185921669,-2.620098114013672
12556,0.04313725605607033,-1.7720588445663452
12557,0.062254901975393295,-0.9289215803146362
12558,0.061764705926179886,-0.061274509876966476
12559,0.054901961237192154,0.8872548937797546
12560,0.05980392172932625,1.7769607305526733
12561,0.06666667014360428,2.6127450466156006
12562,0.06078431382775307,3.406862735748291
12563,0.07058823853731155,4.159313678741455
12564,0.06029411777853966,4.884803771972656
12565,0.06519608199596405,5.55637264251709
12566,0.05000000074505806,6.161764621734619
12567,0.05147058889269829,6.625
12568,0.04117647185921669,7.06862735748291
12569,0.036274511367082596,7.389705657958984
12570,0.038235295563936234,7.651960849761963
12571,0.03382353112101555,7.828431606292725
12572,0.019607843831181526,7.924019813537598
12573,0.021568628028035164,7.877450942993164
12574,0.0049019609577953815,7.80637264251709
12575,-0.0029411765281111,7.61274528503418
12576,0.0004901961074210703,7.338235378265381
12577,0.01568627543747425,6.992647171020508
12578,0.0049019609577953815,6.598039150238037
12579,0.004411764908581972,6.071078300476074
12580,-0.028921568766236305,5.522058963775635
12581,-0.018137255683541298,4.933823585510254
12582,-0.03921568766236305,4.269608020782471
12583,-0.038235295563936234,3.598039150238037
12584,-0.0416666679084301,2.845588207244873
12585,-0.0519607849419117,2.1078431606292725
12586,-0.0235294122248888,1.3235293626785278
12587,-0.04950980469584465,0.529411792755127
12588,-0.05588235333561897,-0.2401960790157318
12589,-0.06617647409439087,-0.9754902124404907
12590,-0.06372549384832382,-1.7230392694473267
12591,-0.05098039284348488,-2.468137264251709
12592,-0.06323529779911041,-3.117647171020508
12593,-0.05588235333561897,-3.7720587253570557
12594,-0.05980392172932625,-4.370098114013672
12595,-0.23186273872852325,-4.921568393707275
12596,-0.5132352709770203,-5.397058963775635
12597,0.30490195751190186,-5.759803771972656
12598,-0.5156862735748291,-6.142157077789307
12599,0.2191176414489746,-6.325980186462402
12600,-0.27156862616539,-6.531862735748291
12601,-0.02598039247095585,-6.602941036224365
12602,-0.014215686358511448,-6.669117450714111
12603,-0.0784313753247261,-6.553921699523926
12604,0.005392157007008791,-6.426470756530762
12605,-0.02450980432331562,-6.198529243469238
12606,-0.021078431978821754,-5.855391979217529
12607,0.027450980618596077,-5.48774528503418
12608,0.023039216175675392,-5.026960849761963
12609,0.0,-4.551470756530762
12610,0.04313725605607033,-3.9460785388946533
12611,0.010294117964804173,-3.257352828979492
12612,0.04019607976078987,-2.5857841968536377
12613,0.037745099514722824,-1.811274528503418
12614,0.03872549161314964,-1.0539215803146362
12615,0.053431373089551926,-0.25245097279548645
12616,0.0470588244497776,0.5588235259056091
12617,0.04950980469584465,1.4191176891326904
12618,0.05147058889269829,2.18137264251709
12619,0.054411765187978745,3.0
12620,0.0519607849419117,3.838235378265381
12621,0.054901961237192154,4.607842922210693
12622,0.053921569138765335,5.289215564727783
12623,0.05637254938483238,5.965686321258545
12624,0.04950980469584465,6.602941036224365
12625,0.061764705926179886,7.125
12626,0.03431372717022896,7.588235378265381
12627,0.05882352963089943,7.924019813537598
12628,0.023039216175675392,8.276960372924805
12629,0.037745099514722824,8.458333015441895
12630,0.013725490309298038,8.571078300476074
12631,0.030392156913876534,8.563725471496582
12632,0.0004901961074210703,8.492647171020508
12633,0.003921568859368563,8.33088207244873
12634,-0.008333333767950535,8.03186321258545
12635,-0.015196078456938267,7.671568393707275
12636,-0.02450980432331562,7.191176414489746
12637,-0.027450980618596077,6.620098114013672
12638,-0.029411764815449715,5.995098114013672
12639,-0.03235294297337532,5.281862735748291
12640,-0.0470588244497776,4.507352828979492
12641,-0.04852941259741783,3.715686321258545
12642,-0.04950980469584465,2.848039150238037
12643,-0.0730392187833786,1.9191176891326904
12644,-0.062254901975393295,1.0171568393707275
12645,-0.06470588594675064,0.08578431606292725
12646,-0.07205882668495178,-0.8799019455909729
12647,-0.07647059112787247,-1.7647058963775635
12648,-0.0784313753247261,-2.683823585510254
12649,-0.07254902273416519,-3.502450942993164
12650,-0.07647059112787247,-4.321078300476074
12651,-0.07745098322629929,-5.071078300476074
12652,-0.05637254938483238,-5.784313678741455
12653,-0.06323529779911041,-6.345588207244873
12654,-0.05588235333561897,-6.845588207244873
12655,-0.05686274543404579,-7.264705657958984
12656,-0.046078432351350784,-7.590686321258545
12657,-0.045098040252923965,-7.825980186462402
12658,-0.046568628400564194,-7.94362735748291
12659,-0.036274511367082596,-7.975490093231201
12660,-0.021078431978821754,-7.833333492279053
12661,-0.022549020126461983,-7.705882549285889
12662,-0.013235294260084629,-7.340686321258545
12663,0.0,-6.94362735748291
12664,0.008333333767950535,-6.441176414489746
12665,0.01568627543747425,-5.857842922210693
12666,0.01568627543747425,-5.247549057006836
12667,0.029411764815449715,-4.497549057006836
12668,0.03382353112101555,-3.7303922176361084
12669,0.044607844203710556,-2.877450942993164
12670,0.037254903465509415,-2.0441176891326904
12671,0.053431373089551926,-1.1078431606292725
12672,0.05637254938483238,-0.19607843458652496
12673,0.06078431382775307,0.7132353186607361
12674,0.04754902049899101,1.6151961088180542
12675,0.05833333358168602,2.495098114013672
12676,0.05539215728640556,3.367647171020508
12677,0.05833333358168602,4.203431606292725
12678,0.05539215728640556,4.950980186462402
12679,0.05000000074505806,5.676470756530762
12680,0.06029411777853966,6.316176414489746
12681,0.04411764815449715,6.870098114013672
12682,0.04950980469584465,7.379901885986328
12683,0.03382353112101555,7.80637264251709
12684,0.028431372717022896,8.147058486938477
12685,0.037745099514722824,8.38725471496582
12686,0.028921568766236305,8.522058486938477
12687,0.021078431978821754,8.575980186462402
12688,0.01715686358511448,8.522058486938477
12689,0.006862745154649019,8.384803771972656
12690,0.0024509804788976908,8.235294342041016
12691,-0.014215686358511448,7.892157077789307
12692,0.0019607844296842813,7.536764621734619
12693,-0.02500000037252903,7.06862735748291
12694,-0.027941176667809486,6.583333492279053
12695,-0.036764707416296005,6.041666507720947
12696,-0.03529411926865578,5.365196228027344
12697,-0.03480392321944237,4.774509906768799
12698,-0.044607844203710556,4.031862735748291
12699,-0.035784315317869186,3.308823585510254
12700,-0.04950980469584465,2.534313678741455
12701,-0.05931372568011284,1.779411792755127
12702,-0.06421568989753723,1.0490195751190186
12703,-0.05539215728640556,0.24754901230335236
12704,-0.0573529414832592,-0.4730392098426819
12705,-0.05539215728640556,-1.2009804248809814
12706,-0.062745101749897,-1.9509804248809814
12707,-0.05931372568011284,-2.595588207244873
12708,-0.06960784643888474,-3.218137264251709
12709,-0.0519607849419117,-3.8651959896087646
12710,-0.06617647409439087,-4.377450942993164
12711,-0.05147058889269829,-4.875
12712,-0.05931372568011284,-5.316176414489746
12713,-0.053431373089551926,-5.725490093231201
12714,-0.046078432351350784,-6.017157077789307
12715,-0.052941177040338516,-6.333333492279053
12716,-0.036764707416296005,-6.458333492279053
12717,-0.030882352963089943,-6.56862735748291
12718,-0.01568627543747425,-6.654411792755127
12719,-0.019117647781968117,-6.632352828979492
12720,-0.01274509821087122,-6.575980186462402
12721,-0.010294117964804173,-6.485294342041016
12722,-0.009313725866377354,-6.230391979217529
12723,-0.009803921915590763,-5.924019813537598
12724,0.005392157007008791,-5.627450942993164
12725,-0.0019607844296842813,-5.252450942993164
12726,0.01764705963432789,-4.784313678741455
12727,0.01666666753590107,-4.323529243469238
12728,0.03186274692416191,-3.7941176891326904
12729,0.019117647781968117,-3.186274528503418
12730,0.044607844203710556,-2.6053922176361084
12731,0.028431372717022896,-1.906862735748291
12732,0.03284313902258873,-1.2352941036224365
12733,0.038235295563936234,-0.5441176295280457
12734,0.04313725605607033,0.22303920984268188
12735,0.045098040252923965,0.8946078419685364
12736,0.05000000074505806,1.654411792755127
12737,0.052941177040338516,2.3578431606292725
12738,0.044607844203710556,3.090686321258545
12739,0.05000000074505806,3.786764621734619
12740,0.04754902049899101,4.450980186462402
12741,0.045588236302137375,5.078431606292725
12742,0.04803921654820442,5.674019813537598
12743,0.0470588244497776,6.235294342041016
12744,0.036764707416296005,6.715686321258545
12745,0.04411764815449715,7.19362735748291
12746,0.046078432351350784,7.563725471496582
12747,0.037254903465509415,7.928921699523926
12748,0.03333333507180214,8.191176414489746
12749,0.03284313902258873,8.35049057006836
12750,0.027450980618596077,8.458333015441895
12751,0.021568628028035164,8.480392456054688
12752,0.009803921915590763,8.40686321258545
12753,0.00147058826405555,8.254901885986328
12754,-0.003921568859368563,8.046568870544434
12755,-0.010784314014017582,7.794117450714111
12756,-0.01274509821087122,7.36274528503418
12757,-0.01715686358511448,6.894608020782471
12758,-0.022549020126461983,6.409313678741455
12759,-0.026470588520169258,5.870098114013672
12760,-0.037254903465509415,5.200980186462402
12761,-0.046568628400564194,4.507352828979492
12762,-0.04803921654820442,3.752450942993164
12763,-0.05539215728640556,2.901960849761963
12764,-0.04852941259741783,2.117647171020508
12765,-0.06029411777853966,1.345588207244873
12766,-0.0573529414832592,0.4264705777168274
12767,-0.06666667014360428,-0.3578431308269501
12768,-0.07058823853731155,-1.2671568393707275
12769,-0.0730392187833786,-2.058823585510254
12770,-0.062254901975393295,-2.8651959896087646
12771,-0.06666667014360428,-3.6666667461395264
12772,-0.06715686619281769,-4.365196228027344
12773,-0.06715686619281769,-5.044117450714111
12774,-0.06862745434045792,-5.696078300476074
12775,-0.06715686619281769,-6.267157077789307
12776,-0.05980392172932625,-6.718137264251709
12777,-0.052941177040338516,-7.115196228027344
12778,-0.04950980469584465,-7.428921699523926
12779,0.009803921915590763,-7.691176414489746
12780,-0.004411764908581972,-7.767157077789307
12781,-0.028431372717022896,-7.882352828979492
12782,-0.01225490216165781,-7.843137264251709
12783,-0.027450980618596077,-7.757352828979492
12784,0.0009803922148421407,-7.541666507720947
12785,-0.0024509804788976908,-7.286764621734619
12786,-0.0029411765281111,-6.850490093231201
12787,0.0235294122248888,-6.463235378265381
12788,0.019607843831181526,-5.973039150238037
12789,0.006862745154649019,-5.384803771972656
12790,0.03382353112101555,-4.745098114013672
12791,0.027941176667809486,-4.046568393707275
12792,0.04313725605607033,-3.316176414489746
12793,0.03431372717022896,-2.6053922176361084
12794,0.0416666679084301,-1.811274528503418
12795,0.04852941259741783,-0.9901960492134094
12796,0.04362745210528374,-0.2034313678741455
12797,0.05098039284348488,0.6225489974021912
12798,0.04901960864663124,1.433823585510254
12799,0.061274509876966476,2.1691176891326904
12800,0.05833333358168602,2.9166667461395264
12801,0.05539215728640556,3.649509906768799
12802,0.04901960864663124,4.325980186462402
12803,0.061764705926179886,4.992647171020508
12804,0.05000000074505806,5.544117450714111
12805,0.04362745210528374,6.105391979217529
12806,0.037745099514722824,6.56862735748291
12807,0.03333333507180214,7.004901885986328
12808,0.0416666679084301,7.308823585510254
12809,0.035784315317869186,7.632352828979492
12810,-0.03382353112101555,7.833333492279053
12811,0.03970588371157646,8.0
12812,-0.004411764908581972,8.095588684082031
12813,0.006862745154649019,8.122549057006836
12814,0.01274509821087122,8.102941513061523
12815,0.0,7.982842922210693
12816,0.0,7.80637264251709
12817,-0.005392157007008791,7.620098114013672
12818,-0.01225490216165781,7.333333492279053
12819,-0.0049019609577953815,7.026960849761963
12820,-0.018627451732754707,6.634803771972656
12821,-0.01617647148668766,6.223039150238037
12822,-0.027450980618596077,5.727941036224365
12823,-0.03333333507180214,5.240196228027344
12824,-0.02549019642174244,4.710784435272217
12825,-0.036764707416296005,4.129901885986328
12826,-0.036274511367082596,3.5759804248809814
12827,-0.052941177040338516,2.970588207244873
12828,-0.045588236302137375,2.3284313678741455
12829,-0.05245098099112511,1.7107843160629272
12830,-0.053431373089551926,1.0392156839370728
12831,-0.05098039284348488,0.41911765933036804
12832,-0.05588235333561897,-0.20098039507865906
12833,-0.05637254938483238,-0.8725489974021912
12834,-0.05588235333561897,-1.4730392694473267
12835,-0.06421568989753723,-2.159313678741455
12836,-0.05784313753247261,-2.713235378265381
12837,-0.03333333507180214,-3.2941176891326904
12838,-0.052941177040338516,-3.811274528503418
12839,-0.0573529414832592,-4.321078300476074
12840,-0.04901960864663124,-4.821078300476074
12841,-0.04754902049899101,-5.276960849761963
12842,-0.0519607849419117,-5.683823585510254
12843,-0.026960784569382668,-6.044117450714111
12844,-0.061274509876966476,-6.355391979217529
12845,-0.021568628028035164,-6.642157077789307
12846,-0.04754902049899101,-6.816176414489746
12847,-0.035784315317869186,-6.970588207244873
12848,-0.036764707416296005,-7.063725471496582
12849,-0.026470588520169258,-7.132352828979492
12850,-0.027941176667809486,-7.046568393707275
12851,-0.01274509821087122,-6.94362735748291
12852,-0.014215686358511448,-6.781862735748291
12853,-0.0004901961074210703,-6.55637264251709
12854,-0.0058823530562222,-6.276960849761963
12855,-0.0009803922148421407,-5.933823585510254
12856,0.009313725866377354,-5.55637264251709
12857,0.010294117964804173,-5.051470756530762
12858,0.027941176667809486,-4.536764621734619
12859,0.02598039247095585,-3.9509804248809814
12860,0.02450980432331562,-3.340686321258545
12861,0.022058824077248573,-2.69362735748291
12862,0.0416666679084301,-2.007352828979492
12863,0.037254903465509415,-1.308823585510254
12864,0.04411764815449715,-0.5147058963775635
12865,0.038235295563936234,0.25245097279548645
12866,0.04019607976078987,1.029411792755127
12867,0.05098039284348488,1.7720588445663452
12868,0.05000000074505806,2.588235378265381
12869,0.06029411777853966,3.2941176891326904
12870,0.04362745210528374,4.004901885986328
12871,0.054901961237192154,4.73774528503418
12872,0.04803921654820442,5.441176414489746
12873,0.045098040252923965,6.046568393707275
12874,0.04950980469584465,6.629901885986328
12875,0.03480392321944237,7.142157077789307
12876,0.046568628400564194,7.632352828979492
12877,0.037254903465509415,8.034314155578613
12878,0.037745099514722824,8.365196228027344
12879,0.029411764815449715,8.647058486938477
12880,0.02401960827410221,8.875
12881,0.019117647781968117,8.963234901428223
12882,0.009313725866377354,8.990196228027344
12883,0.004411764908581972,8.985294342041016
12884,0.006862745154649019,8.855392456054688
12885,-0.0235294122248888,8.63725471496582
12886,0.0117647061124444,8.424019813537598
12887,-0.019117647781968117,8.102941513061523
12888,0.7318627238273621,7.710784435272217
12889,1.4617646932601929,7.384803771972656
12890,-0.5171568393707275,6.696078300476074
12891,1.1039215326309204,6.25
12892,-0.12647059559822083,5.575980186462402
12893,0.3083333373069763,4.924019813537598
12894,0.06666667014360428,4.269608020782471
12895,0.0681372582912445,3.531862735748291
12896,0.04362745210528374,2.8259804248809814
12897,0.0019607844296842813,2.1078431606292725
12898,0.014215686358511448,1.3480392694473267
12899,-0.015196078456938267,0.6642156839370728
12900,-0.028921568766236305,-0.07352941483259201
12901,-0.01225490216165781,-0.7696078419685364
12902,-0.037254903465509415,-1.3823529481887817
12903,-0.04803921654820442,-2.1127450466156006
12904,-0.035784315317869186,-2.720588207244873
12905,-0.044607844203710556,-3.3259804248809814
12906,-0.04117647185921669,-3.872549057006836
12907,-0.04901960864663124,-4.401960849761963
12908,-0.03970588371157646,-4.882352828979492
12909,-0.04411764815449715,-5.303921699523926
12910,-0.0416666679084301,-5.644608020782471
12911,-0.036764707416296005,-5.997549057006836
12912,-0.026960784569382668,-6.245098114013672
12913,-0.036274511367082596,-6.477941036224365
12914,-0.021568628028035164,-6.605391979217529
12915,-0.022058824077248573,-6.786764621734619
12916,-0.029901960864663124,-6.816176414489746
12917,-0.011274510063230991,-6.852941036224365
12918,-0.008823529817163944,-6.828431606292725
12919,-0.005392157007008791,-6.754901885986328
12920,-0.008823529817163944,-6.61274528503418
12921,-0.011274510063230991,-6.465686321258545
12922,-0.0029411765281111,-6.235294342041016
12923,0.007843137718737125,-6.0
12924,0.0058823530562222,-5.700980186462402
12925,0.009313725866377354,-5.377450942993164
12926,0.019117647781968117,-5.039215564727783
12927,0.0058823530562222,-4.634803771972656
12928,0.018627451732754707,-4.164215564727783
12929,0.030392156913876534,-3.713235378265381
12930,0.03382353112101555,-3.252450942993164
12931,0.045588236302137375,-2.720588207244873
12932,0.03529411926865578,-2.191176414489746
12933,0.03921568766236305,-1.6617647409439087
12934,0.04215686395764351,-1.0808823108673096
12935,0.038235295563936234,-0.5171568393707275
12936,0.03872549161314964,0.10539215803146362
12937,0.03970588371157646,0.7254902124404907
12938,0.0416666679084301,1.3235293626785278
12939,0.04117647185921669,1.9852941036224365
12940,0.04019607976078987,2.598039150238037
12941,0.04411764815449715,3.129901885986328
12942,0.04264706000685692,3.7696077823638916
12943,0.04901960864663124,4.340686321258545
12944,0.04754902049899101,4.884803771972656
12945,0.04852941259741783,5.450980186462402
12946,0.04264706000685692,5.963235378265381
12947,0.04117647185921669,6.485294342041016
12948,0.06078431382775307,6.909313678741455
12949,0.061764705926179886,7.338235378265381
12950,0.036274511367082596,7.68137264251709
12951,0.036274511367082596,7.946078300476074
12952,0.03333333507180214,8.25
12953,0.038235295563936234,8.43137264251709
12954,0.027941176667809486,8.578431129455566
12955,0.022549020126461983,8.708333015441895
12956,0.01568627543747425,8.664216041564941
12957,0.014215686358511448,8.629901885986328
12958,0.010784314014017582,8.617647171020508
12959,0.00637254910543561,8.426470756530762
12960,-0.0058823530562222,8.21813678741455
12961,-0.006862745154649019,7.897058963775635
12962,-0.0058823530562222,7.534313678741455
12963,-0.02598039247095585,7.166666507720947
12964,0.1514705866575241,6.705882549285889
12965,0.7230392098426819,6.240196228027344
12966,-0.4004901945590973,5.639705657958984
12967,0.386274516582489,5.039215564727783
12968,-0.03872549161314964,4.397058963775635
12969,-0.00147058826405555,3.7279412746429443
12970,0.035784315317869186,3.0122549533843994
12971,-0.020098039880394936,2.3039214611053467
12972,0.02450980432331562,1.5735293626785278
12973,0.02549019642174244,0.843137264251709
12974,-0.07892157137393951,0.125
12975,-0.00147058826405555,-0.6127451062202454
12976,-0.04950980469584465,-1.372549057006836
12977,-0.037254903465509415,-2.0220587253570557
12978,-0.05245098099112511,-2.6348040103912354
12979,-0.0519607849419117,-3.350490093231201
12980,-0.035784315317869186,-3.9142158031463623
12981,-0.0470588244497776,-4.497549057006836
12982,-0.04117647185921669,-5.024509906768799
12983,-0.04852941259741783,-5.502450942993164
12984,-0.04411764815449715,-5.88725471496582
12985,-0.03382353112101555,-6.299019813537598
12986,-0.038235295563936234,-6.610294342041016
12987,-0.03529411926865578,-6.833333492279053
12988,-0.013235294260084629,-7.063725471496582
12989,-0.036764707416296005,-7.188725471496582
12990,-0.029411764815449715,-7.316176414489746
12991,-0.021568628028035164,-7.325980186462402
12992,-0.006862745154649019,-7.284313678741455
12993,-0.01666666753590107,-7.196078300476074
12994,-0.010784314014017582,-7.098039150238037
12995,-0.005392157007008791,-6.933823585510254
12996,0.0034313725773245096,-6.73774528503418
12997,0.007843137718737125,-6.480391979217529
12998,0.020098039880394936,-6.151960849761963
12999,-0.00147058826405555,-5.850490093231201
13000,0.027450980618596077,-5.504901885986328
13001,-0.0004901961074210703,-5.122549057006836
13002,0.030392156913876534,-4.710784435272217
13003,0.020098039880394936,-4.227941036224365
13004,0.01764705963432789,-3.7965686321258545
13005,-0.0004901961074210703,-3.3259804248809814
13006,0.05147058889269829,-2.838235378265381
13007,-0.026470588520169258,-2.343137264251709
13008,0.019117647781968117,-1.8357843160629272
13009,-0.003921568859368563,-1.3210784196853638
13010,0.01666666753590107,-0.75
13011,0.03382353112101555,-0.2132352888584137
13012,0.021078431978821754,0.29411765933036804
13013,0.021078431978821754,0.8235294222831726
13014,0.037254903465509415,1.3578431606292725
13015,0.030882352963089943,1.9215686321258545
13016,0.03529411926865578,2.433823585510254
13017,0.01764705963432789,2.975490093231201
13018,0.035784315317869186,3.504901885986328
13019,0.02450980432331562,3.9485294818878174
13020,0.026960784569382668,4.448529243469238
13021,0.04215686395764351,4.921568393707275
13022,-0.37843137979507446,5.397058963775635
13023,-1.006862759590149,5.742647171020508
13024,0.6622549295425415,6.279411792755127
13025,-1.2607842683792114,6.566176414489746
13026,0.6617646813392639,6.992647171020508
13027,-0.48627451062202454,7.31862735748291
13028,0.20441175997257233,7.605391979217529
13029,-0.14705882966518402,7.86274528503418
13030,-0.06666667014360428,8.09313678741455
13031,0.04754902049899101,8.259803771972656
13032,-0.037254903465509415,8.401960372924805
13033,-0.01715686358511448,8.460783958435059
13034,0.020098039880394936,8.47549057006836
13035,-0.037745099514722824,8.458333015441895
13036,0.020588235929608345,8.428921699523926
13037,-0.022549020126461983,8.30637264251709
13038,-0.015196078456938267,8.122549057006836
13039,-0.00147058826405555,7.911764621734619
13040,-0.028431372717022896,7.651960849761963
13041,-0.01225490216165781,7.30637264251709
13042,-0.020588235929608345,6.936274528503418
13043,-0.02401960827410221,6.526960849761963
13044,-0.022549020126461983,6.022058963775635
13045,-0.026960784569382668,5.514705657958984
13046,-0.04264706000685692,4.995098114013672
13047,-0.03529411926865578,4.370098114013672
13048,-0.04264706000685692,3.7671568393707275
13049,-0.044607844203710556,3.1666667461395264
13050,-0.053921569138765335,2.4558823108673096
13051,-0.07892157137393951,1.808823585510254
13052,-0.03480392321944237,1.1053920984268188
13053,-0.06078431382775307,0.4215686321258545
13054,-0.05637254938483238,-0.26225489377975464
13055,-0.04803921654820442,-0.9191176295280457
13056,-0.06372549384832382,-1.6053920984268188
13057,-0.061274509876966476,-2.225490093231201
13058,-0.0470588244497776,-2.8578431606292725
13059,-0.05686274543404579,-3.492647171020508
13060,-0.054411765187978745,-4.004901885986328
13061,-0.05098039284348488,-4.551470756530762
13062,-0.046568628400564194,-5.022058963775635
13063,-0.04362745210528374,-5.495098114013672
13064,-0.046078432351350784,-5.850490093231201
13065,-0.045098040252923965,-6.205882549285889
13066,-0.03480392321944237,-6.51225471496582
13067,-0.04362745210528374,-6.816176414489746
13068,-0.03872549161314964,-6.975490093231201
13069,-0.04264706000685692,-7.144608020782471
13070,-0.03333333507180214,-7.252450942993164
13071,-0.026470588520169258,-7.333333492279053
13072,-0.008333333767950535,-7.335784435272217
13073,-0.009313725866377354,-7.333333492279053
13074,-0.045588236302137375,-7.218137264251709
13075,0.008823529817163944,-7.107842922210693
13076,-0.0058823530562222,-6.970588207244873
13077,0.0,-6.720588207244873
13078,0.009803921915590763,-6.553921699523926
13079,0.0024509804788976908,-6.269608020782471
13080,0.01274509821087122,-5.953431606292725
13081,0.019117647781968117,-5.642157077789307
13082,0.00147058826405555,-5.343137264251709
13083,-0.36225488781929016,-4.990196228027344
13084,-0.0882352963089943,-4.56862735748291
13085,0.053431373089551926,-4.196078300476074
13086,-0.27156862616539,-3.81862735748291
13087,0.20049019157886505,-3.348039150238037
13088,-0.21666666865348816,-2.911764621734619
13089,0.07107843458652496,-2.504901885986328
13090,0.014215686358511448,-2.0392158031463623
13091,-0.03970588371157646,-1.5220588445663452
13092,0.062254901975393295,-1.1029411554336548
13093,-0.021568628028035164,-0.6029411554336548
13094,0.04950980469584465,-0.12254901975393295
13095,0.030882352963089943,0.3480392098426819
13096,0.009313725866377354,0.8553921580314636
13097,0.035784315317869186,1.3578431606292725
13098,0.029411764815449715,1.877450942993164
13099,0.04901960864663124,2.350490093231201
13100,0.046568628400564194,2.840686321258545
13101,0.013235294260084629,3.3235294818878174
13102,0.04950980469584465,3.7965686321258545
13103,0.026470588520169258,4.301470756530762
13104,0.037254903465509415,4.754901885986328
13105,0.030392156913876534,5.247549057006836
13106,0.028921568766236305,5.661764621734619
13107,0.0313725508749485,6.058823585510254
13108,0.021568628028035164,6.480391979217529
13109,0.030392156913876534,6.843137264251709
13110,0.03333333507180214,7.252450942993164
13111,0.03431372717022896,7.56862735748291
13112,0.018627451732754707,7.852941036224365
13113,0.022549020126461983,8.102941513061523
13114,0.023039216175675392,8.340685844421387
13115,0.020588235929608345,8.546568870544434
13116,0.010294117964804173,8.64950942993164
13117,0.0117647061124444,8.727941513061523
13118,0.011274510063230991,8.803921699523926
13119,0.01274509821087122,8.786765098571777
13120,0.00637254910543561,8.727941513061523
13121,0.0,8.622549057006836
13122,-0.0009803922148421407,8.441176414489746
13123,-0.014705882407724857,8.23774528503418
13124,-0.01568627543747425,7.980391979217529
13125,-0.018627451732754707,7.703431606292725
13126,-0.018627451732754707,7.321078300476074
13127,-0.019117647781968117,6.938725471496582
13128,-0.021078431978821754,6.529411792755127
13129,-0.02500000037252903,6.034313678741455
13130,-0.01764705963432789,5.563725471496582
13131,-0.02500000037252903,5.024509906768799
13132,-0.0313725508749485,4.470588207244873
13133,-0.04019607976078987,3.877450942993164
13134,-0.04411764815449715,3.3210785388946533
13135,-0.04362745210528374,2.691176414489746
13136,-0.04901960864663124,2.06862735748291
13137,-0.05784313753247261,1.5171568393707275
13138,-0.04313725605607033,0.811274528503418
13139,-0.03970588371157646,0.26225489377975464
13140,-0.04901960864663124,-0.3651960790157318
13141,-0.04852941259741783,-0.9117646813392639
13142,-0.05098039284348488,-1.5049020051956177
13143,-0.04117647185921669,-2.0465686321258545
13144,-0.046078432351350784,-2.5833332538604736
13145,-0.053431373089551926,-3.0392158031463623
13146,-0.0470588244497776,-3.531862735748291
13147,-0.04411764815449715,-3.9607841968536377
13148,-0.054411765187978745,-4.365196228027344
13149,-0.04362745210528374,-4.73774528503418
13150,-0.05147058889269829,-5.002450942993164
13151,-0.03284313902258873,-5.379901885986328
13152,-0.04264706000685692,-5.622549057006836
13153,-0.036764707416296005,-5.892157077789307
13154,-0.03186274692416191,-6.110294342041016
13155,-0.02549019642174244,-6.311274528503418
13156,-0.027941176667809486,-6.473039150238037
13157,-0.02549019642174244,-6.583333492279053
13158,-0.03235294297337532,-6.642157077789307
13159,-0.02450980432331562,-6.718137264251709
13160,-0.022549020126461983,-6.747549057006836
13161,-0.018137255683541298,-6.772058963775635
13162,-0.01666666753590107,-6.75
13163,-0.013235294260084629,-6.752450942993164
13164,-0.0049019609577953815,-6.683823585510254
13165,0.020588235929608345,-6.625
13166,-0.027941176667809486,-6.529411792755127
13167,0.008823529817163944,-6.436274528503418
13168,0.0049019609577953815,-6.272058963775635
13169,0.0,-6.115196228027344
13170,-0.00147058826405555,-5.926470756530762
13171,0.0117647061124444,-5.754901885986328
13172,0.008823529817163944,-5.465686321258545
13173,0.015196078456938267,-5.252450942993164
13174,0.0004901961074210703,-4.997549057006836
13175,0.01274509821087122,-4.691176414489746
13176,0.008823529817163944,-4.370098114013672
13177,0.01617647148668766,-4.014705657958984
13178,0.01666666753590107,-3.6470587253570557
13179,0.01715686358511448,-3.281862735748291
13180,0.01274509821087122,-2.808823585510254
13181,0.01225490216165781,-2.338235378265381
13182,0.02549019642174244,-1.941176414489746
13183,0.03382353112101555,-1.4142156839370728
13184,0.02598039247095585,-0.9240196347236633
13185,0.029901960864663124,-0.3897058963775635
13186,0.030882352963089943,0.15931372344493866
13187,0.0313725508749485,0.6985294222831726
13188,0.030882352963089943,1.247549057006836
13189,0.036764707416296005,1.816176414489746
13190,0.03431372717022896,2.3872549533843994
13191,0.038235295563936234,2.9191176891326904
13192,0.03921568766236305,3.475490093231201
13193,0.03431372717022896,4.066176414489746
13194,0.03529411926865578,4.602941036224365
13195,0.037745099514722824,5.06862735748291
13196,0.01764705963432789,5.615196228027344
13197,0.06911765038967133,6.05637264251709
13198,0.04068627581000328,6.509803771972656
13199,0.035784315317869186,6.94362735748291
13200,0.0416666679084301,7.323529243469238
13201,0.029411764815449715,7.661764621734619
13202,0.03431372717022896,7.93137264251709
13203,0.026470588520169258,8.213234901428223
13204,0.01225490216165781,8.41911792755127
13205,0.015196078456938267,8.60049057006836
13206,0.007352941203862429,8.698529243469238
13207,0.004411764908581972,8.833333015441895
13208,0.0049019609577953815,8.80637264251709
13209,0.0019607844296842813,8.816176414489746
13210,0.0,8.77450942993164
13211,-0.00147058826405555,8.68137264251709
13212,-0.0034313725773245096,8.553921699523926
13213,-0.008823529817163944,8.357843399047852
13214,-0.011274510063230991,8.183823585510254
13215,-0.0117647061124444,7.985294342041016
13216,-0.01666666753590107,7.698529243469238
13217,-0.028921568766236305,7.409313678741455
13218,-0.02450980432331562,7.132352828979492
13219,-0.021568628028035164,6.81862735748291
13220,-0.03529411926865578,6.480391979217529
13221,-0.021568628028035164,6.073529243469238
13222,-0.029411764815449715,5.723039150238037
13223,-0.03284313902258873,5.311274528503418
13224,-0.03970588371157646,4.968137264251709
13225,-0.029901960864663124,4.544117450714111
13226,-0.036764707416296005,4.166666507720947
13227,-0.028921568766236305,3.7990195751190186
13228,-0.05098039284348488,3.367647171020508
13229,-0.03431372717022896,2.9828431606292725
13230,-0.046568628400564194,2.5784313678741455
13231,-0.029411764815449715,2.1740195751190186
13232,-0.03235294297337532,1.8063725233078003
13233,-0.03872549161314964,1.3872549533843994
13234,-0.035784315317869186,0.9803921580314636
13235,-0.044607844203710556,0.5833333134651184
13236,-0.04117647185921669,0.18872548639774323
13237,-0.04411764815449715,-0.19607843458652496
13238,-0.04852941259741783,-0.5980392098426819
13239,-0.062254901975393295,-0.9950980544090271
13240,-0.045588236302137375,-1.3946079015731812
13241,-0.04264706000685692,-1.845588207244873
13242,-0.037254903465509415,-2.218137264251709
13243,-0.037254903465509415,-2.6421568393707275
13244,-0.03480392321944237,-3.024509906768799
13245,-0.036274511367082596,-3.3946077823638916
13246,-0.037254903465509415,-3.7696077823638916
13247,-0.04215686395764351,-4.191176414489746
13248,-0.04019607976078987,-4.563725471496582
13249,-0.0313725508749485,-4.933823585510254
13250,-0.03431372717022896,-5.303921699523926
13251,-0.037745099514722824,-5.659313678741455
13252,-0.037745099514722824,-6.022058963775635
13253,-0.029411764815449715,-6.301470756530762
13254,-0.03921568766236305,-6.634803771972656
13255,-0.027450980618596077,-6.88725471496582
13256,-0.030392156913876534,-7.120098114013672
13257,-0.026470588520169258,-7.316176414489746
13258,-0.029901960864663124,-7.5
13259,-0.0313725508749485,-7.664215564727783
13260,-0.021568628028035164,-7.730391979217529
13261,-0.019607843831181526,-7.816176414489746
13262,-0.01666666753590107,-7.850490093231201
13263,-0.010294117964804173,-7.794117450714111
13264,-0.007352941203862429,-7.769608020782471
13265,-0.00637254910543561,-7.678921699523926
13266,-0.003921568859368563,-7.526960849761963
13267,-0.008823529817163944,-7.335784435272217
13268,-0.0024509804788976908,-7.115196228027344
13269,0.0029411765281111,-6.911764621734619
13270,0.004411764908581972,-6.610294342041016
13271,0.007843137718737125,-6.252450942993164
13272,0.019117647781968117,-5.892157077789307
13273,0.020588235929608345,-5.536764621734619
13274,0.018137255683541298,-5.095588207244873
13275,0.014705882407724857,-4.725490093231201
13276,0.022549020126461983,-4.264705657958984
13277,0.02598039247095585,-3.7671568393707275
13278,0.021568628028035164,-3.31862735748291
13279,0.02500000037252903,-2.850490093231201
13280,0.028431372717022896,-2.372549057006836
13281,0.028431372717022896,-1.8823529481887817
13282,0.02450980432331562,-1.3872549533843994
13283,0.027450980618596077,-0.9558823704719543
13284,0.03186274692416191,-0.49264705181121826
13285,0.02598039247095585,-0.02450980432331562
13286,0.03529411926865578,0.41911765933036804
13287,0.03284313902258873,0.8504902124404907
13288,0.03431372717022896,1.3186274766921997
13289,0.022549020126461983,1.7083333730697632
13290,0.03235294297337532,2.0220587253570557
13291,0.03235294297337532,2.438725471496582
13292,0.028921568766236305,2.784313678741455
13293,0.021078431978821754,3.1372549533843994
13294,0.020098039880394936,3.502450942993164
13295,0.026960784569382668,3.8333332538604736
13296,0.015196078456938267,4.107842922210693
13297,0.020588235929608345,4.455882549285889
13298,0.019117647781968117,4.73774528503418
13299,0.021078431978821754,4.973039150238037
13300,0.01617647148668766,5.272058963775635
13301,0.015196078456938267,5.558823585510254
13302,0.014705882407724857,5.80637264251709
13303,0.01764705963432789,6.039215564727783
13304,0.022549020126461983,6.31862735748291
13305,0.008333333767950535,6.529411792755127
13306,0.018627451732754707,6.801470756530762
13307,0.022549020126461983,7.017157077789307
13308,0.01715686358511448,7.223039150238037
13309,0.010294117964804173,7.480391979217529
13310,0.01274509821087122,7.622549057006836
13311,0.028921568766236305,7.845588207244873
13312,0.01274509821087122,7.955882549285889
13313,0.014215686358511448,8.139705657958984
13314,0.007352941203862429,8.296568870544434
13315,0.0029411765281111,8.379901885986328
13316,0.00637254910543561,8.47549057006836
13317,0.010784314014017582,8.522058486938477
13318,0.003921568859368563,8.558823585510254
13319,-0.0004901961074210703,8.575980186462402
13320,0.0019607844296842813,8.563725471496582
13321,-0.007352941203862429,8.5
13322,-0.007352941203862429,8.40686321258545
13323,-0.01617647148668766,8.28186321258545
13324,-0.00147058826405555,8.13725471496582
13325,-0.01225490216165781,7.94362735748291
13326,-0.018137255683541298,7.710784435272217
13327,-0.01666666753590107,7.406862735748291
13328,-0.02450980432331562,7.127450942993164
13329,-0.010294117964804173,6.813725471496582
13330,-0.03382353112101555,6.460784435272217
13331,-0.019117647781968117,6.071078300476074
13332,-0.03186274692416191,5.705882549285889
13333,-0.03431372717022896,5.223039150238037
13334,-0.036274511367082596,4.784313678741455
13335,-0.02401960827410221,4.338235378265381
13336,-0.03970588371157646,3.838235378265381
13337,-0.02598039247095585,3.370098114013672
13338,-0.044607844203710556,2.8970587253570557
13339,-0.04019607976078987,2.3946077823638916
13340,-0.03921568766236305,1.904411792755127
13341,-0.04264706000685692,1.3995097875595093
13342,-0.04264706000685692,0.938725471496582
13343,-0.04411764815449715,0.4901960790157318
13344,-0.04411764815449715,0.0
13345,-0.05098039284348488,-0.41911765933036804
13346,-0.046078432351350784,-0.843137264251709
13347,-0.04264706000685692,-1.2107843160629272
13348,-0.03431372717022896,-1.5980392694473267
13349,-0.04117647185921669,-1.9877450466156006
13350,-0.03186274692416191,-2.340686321258545
13351,-0.045098040252923965,-2.661764621734619
13352,-0.03431372717022896,-3.002450942993164
13353,-0.036274511367082596,-3.2696077823638916
13354,-0.03872549161314964,-3.5098040103912354
13355,-0.022549020126461983,-3.816176414489746
13356,-0.026960784569382668,-4.039215564727783
13357,-0.02500000037252903,-4.269608020782471
13358,-0.035784315317869186,-4.492647171020508
13359,-0.019117647781968117,-4.661764621734619
13360,-0.018627451732754707,-4.914215564727783
13361,-0.013725490309298038,-5.107842922210693
13362,-0.014215686358511448,-5.276960849761963
13363,-0.0573529414832592,-5.465686321258545
13364,-0.0416666679084301,-5.674019813537598
13365,-0.023039216175675392,-5.808823585510254
13366,-0.0313725508749485,-5.977941036224365
13367,-0.019117647781968117,-6.178921699523926
13368,-0.02450980432331562,-6.333333492279053
13369,-0.01715686358511448,-6.446078300476074
13370,-0.01568627543747425,-6.639705657958984
13371,-0.01666666753590107,-6.808823585510254
13372,-0.018627451732754707,-6.906862735748291
13373,-0.01764705963432789,-7.036764621734619
13374,-0.02598039247095585,-7.171568393707275
13375,-0.03235294297337532,-7.264705657958984
13376,0.008823529817163944,-7.330882549285889
13377,-0.04950980469584465,-7.36274528503418
13378,-0.014215686358511448,-7.392157077789307
13379,-0.018627451732754707,-7.409313678741455
13380,0.04264706000685692,-7.392157077789307
13381,1.8328431844711304,-7.174019813537598
13382,-0.4725490212440491,-7.247549057006836
13383,0.7436274290084839,-7.164215564727783
13384,0.05686274543404579,-6.970588207244873
13385,0.0,-6.88725471496582
13386,0.12303921580314636,-6.651960849761963
13387,0.09019608050584793,-6.438725471496582
13388,0.0058823530562222,-6.186274528503418
13389,0.11274509876966476,-5.830882549285889
13390,0.0,-5.536764621734619
13391,0.10686274617910385,-5.198529243469238
13392,-0.007352941203862429,-4.867647171020508
13393,0.028921568766236305,-4.448529243469238
13394,0.08725490421056747,-4.051470756530762
13395,0.030392156913876534,-3.6078431606292725
13396,0.037745099514722824,-3.1397058963775635
13397,0.04852941259741783,-2.7107841968536377
13398,0.0313725508749485,-2.225490093231201
13399,0.053431373089551926,-1.8235293626785278
13400,0.03235294297337532,-1.3529411554336548
13401,0.0470588244497776,-0.8725489974021912
13402,0.03529411926865578,-0.4485294222831726
13403,0.03921568766236305,-0.026960784569382668
13404,0.036764707416296005,0.4264705777168274
13405,0.028431372717022896,0.8063725233078003
13406,0.030392156913876534,1.2401961088180542
13407,0.03333333507180214,1.6053920984268188
13408,0.03284313902258873,1.9240195751190186
13409,0.0313725508749485,2.3210785388946533
13410,0.027941176667809486,2.5808823108673096
13411,0.030392156913876534,2.909313678741455
13412,0.01764705963432789,3.2401959896087646
13413,0.02401960827410221,3.5171568393707275
13414,0.02401960827410221,3.718137264251709
13415,0.022058824077248573,3.965686321258545
13416,0.018627451732754707,4.252450942993164
13417,0.019117647781968117,4.433823585510254
13418,0.021078431978821754,4.666666507720947
13419,0.01568627543747425,4.870098114013672
13420,0.027941176667809486,5.044117450714111
13421,0.022549020126461983,5.291666507720947
13422,0.026960784569382668,5.490196228027344
13423,0.018627451732754707,5.703431606292725
13424,0.007843137718737125,5.894608020782471
13425,0.023039216175675392,6.085784435272217
13426,0.01715686358511448,6.289215564727783
13427,0.01617647148668766,6.522058963775635
13428,0.01274509821087122,6.659313678741455
13429,0.0235294122248888,6.906862735748291
13430,0.01617647148668766,7.132352828979492
13431,0.018137255683541298,7.294117450714111
13432,0.013235294260084629,7.534313678741455
13433,-0.009803921915590763,7.752450942993164
13434,0.045098040252923965,7.926470756530762
13435,0.0029411765281111,8.102941513061523
13436,0.018137255683541298,8.232843399047852
13437,0.01568627543747425,8.426470756530762
13438,0.01568627543747425,8.502450942993164
13439,0.0117647061124444,8.620098114013672
13440,0.010294117964804173,8.708333015441895
13441,0.013235294260084629,8.79411792755127
13442,0.011274510063230991,8.825980186462402
13443,0.007843137718737125,8.894607543945312
13444,0.011274510063230991,8.879901885986328
13445,-0.0049019609577953815,8.80637264251709
13446,0.0024509804788976908,8.732843399047852
13447,0.0019607844296842813,8.620098114013672
13448,0.0,8.492647171020508
13449,-0.0024509804788976908,8.301470756530762
13450,-0.01225490216165781,8.122549057006836
13451,0.17598038911819458,7.88725471496582
13452,-0.4328431487083435,7.56862735748291
13453,-0.04215686395764351,7.308823585510254
13454,0.05882352963089943,7.009803771972656
13455,-0.18088234961032867,6.710784435272217
13456,0.044607844203710556,6.379901885986328
13457,-0.06911765038967133,6.014705657958984
13458,-0.05637254938483238,5.647058963775635
13459,0.03235294297337532,5.303921699523926
13460,-0.08382353186607361,4.906862735748291
13461,-0.008333333767950535,4.553921699523926
13462,-0.038235295563936234,4.169117450714111
13463,-0.02450980432331562,3.786764621734619
13464,-0.037254903465509415,3.4191176891326904
13465,-0.045098040252923965,3.093137264251709
13466,-0.036764707416296005,2.720588207244873
13467,-0.027450980618596077,2.43137264251709
13468,-0.02549019642174244,2.0833332538604736
13469,-0.028431372717022896,1.7745097875595093
13470,-0.03284313902258873,1.4803920984268188
13471,-0.014215686358511448,1.1960784196853638
13472,-0.027450980618596077,0.9338235259056091
13473,-0.028431372717022896,0.6813725233078003
13474,-0.020588235929608345,0.4264705777168274
13475,-0.02500000037252903,0.21568627655506134
13476,-0.02598039247095585,-0.022058824077248573
13477,-0.026470588520169258,-0.2671568691730499
13478,-0.019117647781968117,-0.4828431308269501
13479,-0.022058824077248573,-0.6985294222831726
13480,-0.0049019609577953815,-0.9215686321258545
13481,-0.04264706000685692,-1.1421568393707275
13482,0.0034313725773245096,-1.4240195751190186
13483,-0.03872549161314964,-1.656862735748291
13484,-0.009803921915590763,-1.8848038911819458
13485,-0.019607843831181526,-2.1421568393707275
13486,-0.01764705963432789,-2.4215686321258545
13487,-0.027941176667809486,-2.720588207244873
13488,-0.022058824077248573,-2.997549057006836
13489,-0.020098039880394936,-3.2352941036224365
13490,-0.023039216175675392,-3.5857841968536377
13491,-0.028921568766236305,-3.904411792755127
13492,-0.026470588520169258,-4.200980186462402
13493,-0.02598039247095585,-4.539215564727783
13494,-0.03382353112101555,-4.833333492279053
13495,-0.03480392321944237,-5.186274528503418
13496,-0.05882352963089943,-5.504901885986328
13497,-0.021568628028035164,-5.801470756530762
13498,0.0,-6.105391979217529
13499,-0.02450980432331562,-6.404411792755127
13500,-0.0235294122248888,-6.686274528503418
13501,-0.023039216175675392,-6.926470756530762
13502,-0.03333333507180214,-7.142157077789307
13503,-0.026960784569382668,-7.348039150238037
13504,-0.028921568766236305,-7.55637264251709
13505,-0.03333333507180214,-7.723039150238037
13506,-0.022058824077248573,-7.796568393707275
13507,-0.020588235929608345,-7.94362735748291
13508,-0.022549020126461983,-7.970588207244873
13509,-0.003921568859368563,-7.965686321258545
13510,-0.04068627581000328,-7.98774528503418
13511,0.013235294260084629,-7.955882549285889
13512,-0.0235294122248888,-7.924019813537598
13513,-0.0034313725773245096,-7.879901885986328
13514,-0.011274510063230991,-7.698529243469238
13515,-0.79313725233078,-7.659313678741455
13516,0.570588231086731,-7.426470756530762
13517,-0.397549033164978,-7.230391979217529
13518,0.07352941483259201,-7.19362735748291
13519,0.16960784792900085,-6.892157077789307
13520,-0.2553921639919281,-6.801470756530762
13521,0.18137255311012268,-6.514705657958984
13522,-0.15980392694473267,-6.375
13523,0.0024509804788976908,-6.085784435272217
13524,0.05539215728640556,-5.897058963775635
13525,-0.07156863063573837,-5.757352828979492
13526,0.05245098099112511,-5.546568393707275
13527,-0.038235295563936234,-5.323529243469238
13528,0.008823529817163944,-5.174019813537598
13529,0.01568627543747425,-4.960784435272217
13530,-0.0029411765281111,-4.850490093231201
13531,0.0117647061124444,-4.715686321258545
13532,0.003921568859368563,-4.598039150238037
13533,0.0029411765281111,-4.44362735748291
13534,0.013235294260084629,-4.330882549285889
13535,-0.007352941203862429,-4.18137264251709
13536,0.009803921915590763,-4.029411792755127
13537,-0.003921568859368563,-3.936274528503418
13538,0.0049019609577953815,-3.7965686321258545
13539,0.009803921915590763,-3.7083332538604736
13540,0.0,-3.5098040103912354
13541,0.03970588371157646,-3.4142158031463623
13542,-0.037745099514722824,-3.225490093231201
13543,0.04754902049899101,-3.0490195751190186
13544,-0.01274509821087122,-2.808823585510254
13545,0.023039216175675392,-2.6127450466156006
13546,0.0049019609577953815,-2.379901885986328
13547,0.008333333767950535,-2.117647171020508
13548,0.009313725866377354,-1.8210784196853638
13549,0.0029411765281111,-1.5539215803146362
13550,0.01617647148668766,-1.2254902124404907
13551,0.02450980432331562,-0.875
13552,0.004411764908581972,-0.5588235259056091
13553,0.027450980618596077,-0.17401960492134094
13554,0.01225490216165781,0.23284313082695007
13555,0.023039216175675392,0.6838235259056091
13556,0.018137255683541298,1.0245097875595093
13557,0.018627451732754707,1.4509804248809814
13558,0.01764705963432789,1.8480392694473267
13559,0.02598039247095585,2.2401959896087646
13560,0.023039216175675392,2.659313678741455
13561,0.03186274692416191,3.0784313678741455
13562,0.014215686358511448,3.406862735748291
13563,-0.021078431978821754,3.7598040103912354
13564,0.030882352963089943,4.100490093231201
13565,0.01225490216165781,4.450980186462402
13566,0.014705882407724857,4.769608020782471
13567,0.0313725508749485,5.044117450714111
13568,0.0049019609577953815,5.296568393707275
13569,0.01617647148668766,5.55637264251709
13570,0.013725490309298038,5.754901885986328
13571,0.02549019642174244,5.990196228027344
13572,0.01274509821087122,6.049019813537598
13573,0.035784315317869186,6.198529243469238
13574,-0.0024509804788976908,6.316176414489746
13575,0.003921568859368563,6.448529243469238
13576,-0.006862745154649019,6.5
13577,-0.005392157007008791,6.585784435272217
13578,0.0024509804788976908,6.610294342041016
13579,-0.004411764908581972,6.627450942993164
13580,-0.006862745154649019,6.705882549285889
13581,0.0024509804788976908,6.784313678741455
13582,0.0029411765281111,6.784313678741455
13583,0.006862745154649019,6.789215564727783
13584,0.0004901961074210703,6.840686321258545
13585,0.0049019609577953815,6.877450942993164
13586,0.006862745154649019,6.946078300476074
13587,-0.005392157007008791,6.965686321258545
13588,-0.00147058826405555,7.088235378265381
13589,-0.004411764908581972,7.174019813537598
13590,0.125,7.316176414489746
13591,0.5627450942993164,7.453431606292725
13592,-0.37794119119644165,7.534313678741455
13593,0.38333332538604736,7.615196228027344
13594,-0.036764707416296005,7.794117450714111
13595,0.030882352963089943,7.911764621734619
13596,0.08970588445663452,8.06862735748291
13597,-0.008823529817163944,8.183823585510254
13598,0.06715686619281769,8.370098114013672
13599,0.023039216175675392,8.497549057006836
13600,-0.02598039247095585,8.571078300476074
13601,0.052941177040338516,8.700980186462402
13602,-0.0117647061124444,8.76225471496582
13603,0.022549020126461983,8.860294342041016
13604,-0.008333333767950535,8.877450942993164
13605,0.0,8.938725471496582
13606,0.008333333767950535,8.897058486938477
13607,-0.013235294260084629,8.921568870544434
13608,-0.0029411765281111,8.838234901428223
13609,-0.003921568859368563,8.76225471496582
13610,-0.0019607844296842813,8.639705657958984
13611,-0.007352941203862429,8.51225471496582
13612,-0.01568627543747425,8.335783958435059
13613,-0.010294117964804173,8.15686321258545
13614,-0.018627451732754707,7.946078300476074
13615,-0.01225490216165781,7.661764621734619
13616,-0.019607843831181526,7.441176414489746
13617,-0.020588235929608345,7.120098114013672
13618,-0.014705882407724857,6.852941036224365
13619,-0.022549020126461983,6.561274528503418
13620,-0.022549020126461983,6.291666507720947
13621,-0.03333333507180214,6.022058963775635
13622,-0.022549020126461983,5.674019813537598
13623,-0.02500000037252903,5.441176414489746
13624,-0.027941176667809486,5.100490093231201
13625,-0.026470588520169258,4.81862735748291
13626,-0.022058824077248573,4.602941036224365
13627,-0.03970588371157646,4.350490093231201
13628,-0.02450980432331562,4.117647171020508
13629,-0.02450980432331562,3.901960849761963
13630,-0.026470588520169258,3.686274528503418
13631,-0.019117647781968117,3.5465686321258545
13632,-0.02450980432331562,3.3848040103912354
13633,-0.018137255683541298,3.2622549533843994
13634,-0.0235294122248888,3.1151959896087646
13635,-0.020098039880394936,3.0392158031463623
13636,-0.013235294260084629,2.911764621734619
13637,-0.021078431978821754,2.813725471496582
13638,-0.01617647148668766,2.7598040103912354
13639,-0.018627451732754707,2.620098114013672
13640,-0.01274509821087122,2.5490195751190186
13641,-0.013235294260084629,2.497549057006836
13642,-0.020098039880394936,2.375
13643,-0.021568628028035164,2.2622549533843994
13644,-0.005392157007008791,2.1372549533843994
13645,-0.018627451732754707,2.004901885986328
13646,-0.023039216175675392,1.8308823108673096
13647,-0.01617647148668766,1.6813725233078003
13648,-0.02450980432331562,1.468137264251709
13649,-0.02598039247095585,1.281862735748291
13650,-0.009803921915590763,1.0196079015731812
13651,-0.018137255683541298,0.7328431606292725
13652,-0.01666666753590107,0.47058823704719543
13653,-0.021078431978821754,0.15196079015731812
13654,-0.00637254910543561,-0.17892156541347504
13655,-0.029411764815449715,-0.47058823704719543
13656,-0.026960784569382668,-0.8186274766921997
13657,-0.03235294297337532,-1.186274528503418
13658,-0.026960784569382668,-1.5735293626785278
13659,-0.03529411926865578,-1.9485293626785278
13660,-0.04215686395764351,-2.274509906768799
13661,-0.04362745210528374,-2.6372549533843994
13662,-0.029411764815449715,-2.975490093231201
13663,-0.04264706000685692,-3.345588207244873
13664,-0.03284313902258873,-3.649509906768799
13665,-0.03284313902258873,-3.973039150238037
13666,-0.03284313902258873,-4.252450942993164
13667,-0.03480392321944237,-4.480391979217529
13668,-0.035784315317869186,-4.747549057006836
13669,-0.0313725508749485,-4.884803771972656
13670,-0.027941176667809486,-5.11274528503418
13671,-0.020098039880394936,-5.269608020782471
13672,-0.028431372717022896,-5.367647171020508
13673,-0.020588235929608345,-5.43137264251709
13674,-0.022058824077248573,-5.561274528503418
13675,-0.02401960827410221,-5.590686321258545
13676,-0.01617647148668766,-5.622549057006836
13677,-0.0117647061124444,-5.634803771972656
13678,-0.018137255683541298,-5.622549057006836
13679,-0.007843137718737125,-5.61274528503418
13680,-0.022058824077248573,-5.566176414489746
13681,-0.010784314014017582,-5.578431606292725
13682,-0.007352941203862429,-5.558823585510254
13683,-0.013235294260084629,-5.531862735748291
13684,-0.015196078456938267,-5.526960849761963
13685,0.0,-5.48774528503418
13686,-0.0029411765281111,-5.531862735748291
13687,-0.007843137718737125,-5.534313678741455
13688,-0.014705882407724857,-5.593137264251709
13689,-0.014215686358511448,-5.644608020782471
13690,-0.014215686358511448,-5.723039150238037
13691,-0.020098039880394936,-5.845588207244873
13692,-0.019607843831181526,-5.960784435272217
13693,-0.01617647148668766,-6.13725471496582
13694,-0.0117647061124444,-6.269608020782471
13695,-0.01764705963432789,-6.438725471496582
13696,-0.020098039880394936,-6.647058963775635
13697,-0.01568627543747425,-6.796568393707275
13698,-0.01764705963432789,-6.975490093231201
13699,-0.004411764908581972,-7.200980186462402
13700,-0.019607843831181526,-7.401960849761963
13701,-0.023039216175675392,-7.625
13702,-0.019607843831181526,-7.764705657958984
13703,-0.028921568766236305,-7.946078300476074
13704,-0.03333333507180214,-8.088234901428223
13705,-0.0029411765281111,-8.264705657958984
13706,-0.02450980432331562,-8.338234901428223
13707,-0.021568628028035164,-8.441176414489746
13708,-0.02450980432331562,-8.502450942993164
13709,-0.009313725866377354,-8.507352828979492
13710,-0.014215686358511448,-8.48774528503418
13711,-0.010784314014017582,-8.485294342041016
13712,-0.01225490216165781,-8.375
13713,0.0,-8.269607543945312
13714,-0.003921568859368563,-8.188725471496582
13715,0.003921568859368563,-8.05637264251709
13716,-0.00147058826405555,-7.86274528503418
13717,0.0024509804788976908,-7.678921699523926
13718,0.003921568859368563,-7.477941036224365
13719,0.010784314014017582,-7.23774528503418
13720,0.0024509804788976908,-7.007352828979492
13721,0.014215686358511448,-6.764705657958984
13722,-0.0029411765281111,-6.529411792755127
13723,0.018627451732754707,-6.313725471496582
13724,0.01225490216165781,-6.11274528503418
13725,0.006862745154649019,-5.867647171020508
13726,0.0034313725773245096,-5.708333492279053
13727,0.0049019609577953815,-5.490196228027344
13728,0.014705882407724857,-5.313725471496582
13729,0.006862745154649019,-5.213235378265381
13730,0.013235294260084629,-5.090686321258545
13731,-0.00147058826405555,-4.982842922210693
13732,0.004411764908581972,-4.94362735748291
13733,0.003921568859368563,-4.899509906768799
13734,0.0049019609577953815,-4.904411792755127
13735,0.00147058826405555,-4.916666507720947
13736,-0.004411764908581972,-4.916666507720947
13737,-0.0049019609577953815,-4.958333492279053
13738,-0.0019607844296842813,-4.985294342041016
13739,-0.0049019609577953815,-5.041666507720947
13740,-0.013725490309298038,-5.100490093231201
13741,-0.014215686358511448,-5.166666507720947
13742,-0.010784314014017582,-5.208333492279053
13743,-0.007843137718737125,-5.26225471496582
13744,-0.009313725866377354,-5.303921699523926
13745,-0.013235294260084629,-5.36274528503418
13746,0.0004901961074210703,-5.301470756530762
13747,0.0019607844296842813,-5.235294342041016
13748,0.00637254910543561,-5.232842922210693
13749,0.0,-5.149509906768799
13750,-0.00147058826405555,-4.992647171020508
13751,-0.0049019609577953815,-4.857842922210693
13752,0.0,-4.671568393707275
13753,0.005392157007008791,-4.463235378265381
13754,-0.0009803922148421407,-4.232842922210693
13755,0.009313725866377354,-3.9779412746429443
13756,0.019117647781968117,-3.7352941036224365
13757,-0.005392157007008791,-3.372549057006836
13758,0.022549020126461983,-3.1127450466156006
13759,0.0019607844296842813,-2.7622549533843994
13760,0.028921568766236305,-2.4509804248809814
13761,0.018627451732754707,-2.0784313678741455
13762,0.04411764815449715,-1.752450942993164
13763,0.003921568859368563,-1.3921568393707275
13764,0.028921568766236305,-1.0882352590560913
13765,0.018137255683541298,-0.7965686321258545
13766,0.018137255683541298,-0.4583333432674408
13767,0.022549020126461983,-0.18137255311012268
13768,0.01764705963432789,0.09313725680112839
13769,0.020098039880394936,0.25735294818878174
13770,0.020588235929608345,0.4779411852359772
13771,0.00637254910543561,0.5980392098426819
13772,0.008333333767950535,0.7720588445663452
13773,0.01225490216165781,0.8700980544090271
13774,0.00147058826405555,0.936274528503418
13775,0.0034313725773245096,1.0147058963775635
13776,0.005392157007008791,0.9754902124404907
13777,0.0024509804788976908,0.9485294222831726
13778,-0.003921568859368563,0.9289215803146362
13779,0.0024509804788976908,0.9117646813392639
13780,-0.009803921915590763,0.8799019455909729
13781,-0.009803921915590763,0.8186274766921997
13782,-0.009803921915590763,0.7450980544090271
13783,-0.0019607844296842813,0.7132353186607361
13784,-0.006862745154649019,0.6666666865348816
13785,-0.01274509821087122,0.5980392098426819
13786,0.005392157007008791,0.6004902124404907
13787,-0.0004901961074210703,0.6372548937797546
13788,-0.004411764908581972,0.6691176295280457
13789,-0.008333333767950535,0.6911764740943909
13790,-0.009313725866377354,0.7647058963775635
13791,0.0049019609577953815,0.8995097875595093
13792,0.030392156913876534,1.0563725233078003
13793,0.03186274692416191,1.25
13794,-0.008333333767950535,1.4877450466156006
13795,0.022058824077248573,1.6666666269302368
13796,-0.00147058826405555,1.9607843160629272
13797,0.015196078456938267,2.245098114013672
13798,0.018137255683541298,2.558823585510254
13799,0.005392157007008791,2.8897058963775635
13800,0.0313725508749485,3.2058823108673096
13801,0.018627451732754707,3.5465686321258545
13802,0.022549020126461983,3.8970587253570557
13803,0.028431372717022896,4.25
13804,0.01617647148668766,4.571078300476074
13805,0.01225490216165781,4.848039150238037
13806,0.014215686358511448,5.132352828979492
13807,0.0235294122248888,5.404411792755127
13808,0.02549019642174244,5.610294342041016
13809,0.01568627543747425,5.850490093231201
13810,0.01225490216165781,6.004901885986328
13811,0.010294117964804173,6.149509906768799
13812,0.01274509821087122,6.264705657958984
13813,0.003921568859368563,6.348039150238037
13814,0.0,6.392157077789307
13815,-0.0029411765281111,6.360294342041016
13816,-0.0009803922148421407,6.31862735748291
13817,-0.008333333767950535,6.257352828979492
13818,0.009313725866377354,6.159313678741455
13819,-0.007352941203862429,6.029411792755127
13820,-0.013235294260084629,5.899509906768799
13821,-0.005392157007008791,5.781862735748291
13822,-0.009313725866377354,5.598039150238037
13823,-0.007843137718737125,5.507352828979492
13824,-0.020098039880394936,5.352941036224365
13825,-0.0117647061124444,5.242647171020508
13826,-0.018137255683541298,5.093137264251709
13827,-0.005392157007008791,5.046568393707275
13828,-0.018137255683541298,4.916666507720947
13829,-0.003921568859368563,4.909313678741455
13830,-0.015196078456938267,4.857842922210693
13831,-0.006862745154649019,4.909313678741455
13832,-0.005392157007008791,4.965686321258545
13833,-0.0058823530562222,5.022058963775635
13834,0.00147058826405555,5.176470756530762
13835,0.0004901961074210703,5.360294342041016
13836,0.006862745154649019,5.563725471496582
13837,-0.0024509804788976908,5.754901885986328
13838,0.0034313725773245096,5.965686321258545
13839,0.0117647061124444,6.252450942993164
13840,0.010784314014017582,6.585784435272217
13841,0.0117647061124444,6.781862735748291
13842,0.01764705963432789,7.127450942993164
13843,0.019607843831181526,7.44362735748291
13844,0.0117647061124444,7.745098114013672
13845,0.02500000037252903,7.985294342041016
13846,0.023039216175675392,8.301470756530762
13847,0.01225490216165781,8.495098114013672
13848,0.02450980432331562,8.703431129455566
13849,0.01715686358511448,8.875
13850,0.009313725866377354,8.982843399047852
13851,0.015196078456938267,9.134803771972656
13852,0.009803921915590763,9.171568870544434
13853,0.0019607844296842813,9.16911792755127
13854,0.010784314014017582,9.139705657958984
13855,-0.00147058826405555,9.063725471496582
13856,-0.014215686358511448,9.01225471496582
13857,-0.00147058826405555,8.870098114013672
13858,-0.007352941203862429,8.674019813537598
13859,-0.015196078456938267,8.482843399047852
13860,-0.0117647061124444,8.28186321258545
13861,-0.0049019609577953815,8.049019813537598
13862,-0.007352941203862429,7.786764621734619
13863,-0.028921568766236305,7.575980186462402
13864,-0.013235294260084629,7.303921699523926
13865,-0.02450980432331562,7.053921699523926
13866,-0.026960784569382668,6.80637264251709
13867,-0.0313725508749485,6.602941036224365
13868,-0.0009803922148421407,6.453431606292725
13869,-0.05686274543404579,6.294117450714111
13870,0.015196078456938267,6.176470756530762
13871,-0.029411764815449715,6.098039150238037
13872,0.0034313725773245096,6.044117450714111
13873,-0.010294117964804173,6.036764621734619
13874,-0.5926470756530762,6.090686321258545
13875,1.8058823347091675,6.299019813537598
13876,-0.720588207244873,6.30637264251709
13877,0.8485293984413147,6.473039150238037
13878,0.019607843831181526,6.686274528503418
13879,0.3176470696926117,6.865196228027344
13880,0.11372549086809158,7.142157077789307
13881,0.11519607901573181,7.414215564727783
13882,0.035784315317869186,7.676470756530762
13883,0.08970588445663452,7.926470756530762
13884,-0.0117647061124444,8.198529243469238
13885,0.07254902273416519,8.463234901428223
13886,0.0,8.71813678741455
13887,0.05539215728640556,8.938725471496582
13888,0.01764705963432789,9.19362735748291
13889,0.01568627543747425,9.375
13890,0.036274511367082596,9.514705657958984
13891,0.01764705963432789,9.605392456054688
13892,0.022549020126461983,9.620098114013672
13893,0.01764705963432789,9.625
13894,0.0,9.583333015441895
13895,0.01225490216165781,9.463234901428223
13896,-0.0058823530562222,9.384803771972656
13897,-0.005392157007008791,9.186274528503418
13898,-0.0009803922148421407,9.01225471496582
13899,-0.0029411765281111,8.78186321258545
13900,-0.005392157007008791,8.463234901428223
13901,-0.01764705963432789,8.151960372924805
13902,-0.01274509821087122,7.850490093231201
13903,-0.01666666753590107,7.485294342041016
13904,-0.0058823530562222,7.151960849761963
13905,-0.0235294122248888,6.825980186462402
13906,-0.021568628028035164,6.48774528503418
13907,-0.026960784569382668,6.18137264251709
13908,-0.0235294122248888,5.916666507720947
13909,-0.018137255683541298,5.627450942993164
13910,-0.01764705963432789,5.433823585510254
13911,-0.014215686358511448,5.267157077789307
13912,-0.02549019642174244,5.134803771972656
13913,-0.01666666753590107,5.029411792755127
13914,0.0019607844296842813,5.004901885986328
13915,-0.046568628400564194,5.019608020782471
13916,0.021568628028035164,5.090686321258545
13917,-0.01715686358511448,5.23774528503418
13918,0.010294117964804173,5.409313678741455
13919,-0.009803921915590763,5.605391979217529
13920,0.00637254910543561,5.808823585510254
13921,0.01225490216165781,6.063725471496582
13922,0.009313725866377354,6.416666507720947
13923,0.007352941203862429,6.651960849761963
13924,0.018627451732754707,6.960784435272217
13925,0.021078431978821754,7.30637264251709
13926,0.028431372717022896,7.588235378265381
13927,0.021078431978821754,7.882352828979492
13928,0.026470588520169258,8.144607543945312
13929,0.018137255683541298,8.340685844421387
13930,0.023039216175675392,8.551470756530762
13931,0.01764705963432789,8.659314155578613
13932,0.008333333767950535,8.747549057006836
13933,0.01666666753590107,8.821078300476074
13934,-0.02549019642174244,8.816176414489746
13935,0.5323529243469238,8.811274528503418
13936,-0.3485293984413147,8.627450942993164
13937,0.37794119119644165,8.480392456054688
13938,-0.125,8.259803771972656
13939,0.020588235929608345,7.965686321258545
13940,0.038235295563936234,7.688725471496582
13941,-0.023039216175675392,7.340686321258545
13942,-0.01568627543747425,6.960784435272217
13943,-0.01617647148668766,6.524509906768799
13944,-0.037254903465509415,6.147058963775635
13945,-0.0058823530562222,5.696078300476074
13946,-0.026960784569382668,5.254901885986328
13947,-0.029901960864663124,4.909313678741455
13948,-0.0235294122248888,4.522058963775635
13949,-0.030392156913876534,4.196078300476074
13950,-0.03235294297337532,3.9166667461395264
13951,-0.026960784569382668,3.649509906768799
13952,-0.02401960827410221,3.436274528503418
13953,-0.01568627543747425,3.245098114013672
13954,-0.020588235929608345,3.1691176891326904
13955,-0.009313725866377354,3.1029412746429443
13956,-0.02598039247095585,3.0514705181121826
13957,-0.010294117964804173,3.1764705181121826
13958,-0.007352941203862429,3.348039150238037
13959,-0.003921568859368563,3.504901885986328
13960,0.0049019609577953815,3.745098114013672
13961,0.008823529817163944,4.036764621734619
13962,0.03480392321944237,4.338235378265381
13963,-0.03431372717022896,4.651960849761963
13964,0.007352941203862429,5.031862735748291
13965,0.019607843831181526,5.397058963775635
13966,0.0004901961074210703,5.769608020782471
13967,0.022058824077248573,6.11274528503418
13968,0.022058824077248573,6.495098114013672
13969,0.028921568766236305,6.769608020782471
13970,0.03333333507180214,7.073529243469238
13971,0.02549019642174244,7.340686321258545
13972,0.020098039880394936,7.482842922210693
13973,0.01617647148668766,7.642157077789307
13974,0.015196078456938267,7.747549057006836
13975,0.013725490309298038,7.713235378265381
13976,0.004411764908581972,7.649509906768799
13977,0.0024509804788976908,7.546568393707275
13978,0.0034313725773245096,7.338235378265381
13979,-0.00637254910543561,7.11274528503418
13980,-0.010784314014017582,6.830882549285889
13981,-0.019117647781968117,6.522058963775635
13982,-0.010784314014017582,6.036764621734619
13983,-0.03431372717022896,5.647058963775635
13984,-0.04362745210528374,5.191176414489746
13985,0.008823529817163944,4.732842922210693
13986,-0.01225490216165781,4.210784435272217
13987,-0.013725490309298038,3.752450942993164
13988,-0.023039216175675392,3.25
13989,-0.01274509821087122,2.8259804248809814
13990,-0.023039216175675392,2.4240195751190186
13991,-0.03921568766236305,2.031862735748291
13992,-0.03284313902258873,1.718137264251709
13993,-0.05931372568011284,1.4436274766921997
13994,-0.046078432351350784,1.252450942993164
13995,-0.015196078456938267,1.0784313678741455
13996,-0.04019607976078987,1.0563725233078003
13997,-0.018137255683541298,1.0465686321258545
13998,-0.010784314014017582,1.1299020051956177
13999,-0.01666666753590107,1.2671568393707275
14000,-0.010294117964804173,1.5122549533843994
14001,-0.008333333767950535,1.784313678741455
14002,0.014215686358511448,2.1053922176361084
14003,0.018137255683541298,2.470588207244873
14004,-0.006862745154649019,2.911764621734619
14005,0.03970588371157646,3.316176414489746
14006,0.0019607844296842813,3.786764621734619
14007,0.046078432351350784,4.25
14008,0.08725490421056747,4.730391979217529
14009,-1.520098090171814,5.022058963775635
14010,0.654411792755127,5.551470756530762
14011,-0.9754902124404907,5.921568393707275
14012,0.0681372582912445,6.186274528503418
14013,-0.05098039284348488,6.558823585510254
14014,-0.0941176488995552,6.732842922210693
14015,0.09852941334247589,6.916666507720947
14016,-0.11127451062202454,6.904411792755127
14017,0.04803921654820442,6.916666507720947
14018,0.020098039880394936,6.855391979217529
14019,-0.062254901975393295,6.696078300476074
14020,0.02549019642174244,6.44362735748291
14021,-0.0416666679084301,6.11274528503418
14022,-0.006862745154649019,5.705882549285889
14023,-0.013725490309298038,5.281862735748291
14024,-0.029411764815449715,4.784313678741455
14025,-0.02500000037252903,4.281862735748291
14026,-0.038235295563936234,3.7303922176361084
14027,-0.036274511367082596,3.127450942993164
14028,-0.04411764815449715,2.5514705181121826
14029,-0.03921568766236305,1.9901961088180542
14030,-0.03872549161314964,1.4509804248809814
14031,-0.03921568766236305,0.9485294222831726
14032,-0.04411764815449715,0.5024510025978088
14033,-0.04019607976078987,0.09068627655506134
14034,-0.03921568766236305,-0.281862735748291
14035,-0.035784315317869186,-0.5514705777168274
14036,-0.036274511367082596,-0.7377451062202454
14037,-0.02598039247095585,-0.8357843160629272
14038,-0.021078431978821754,-0.9117646813392639
14039,-0.01666666753590107,-0.7892156839370728
14040,-0.010294117964804173,-0.6519607901573181
14041,-0.01568627543747425,-0.4485294222831726
14042,-0.007843137718737125,-0.0833333358168602
14043,0.01568627543747425,0.2647058963775635
14044,-0.0024509804788976908,0.7254902124404907
14045,0.011274510063230991,1.1740195751190186
14046,0.020588235929608345,1.7573529481887817
14047,0.018137255683541298,2.3284313678741455
14048,0.030882352963089943,2.9264705181121826
14049,0.03284313902258873,3.4460785388946533
14050,0.030882352963089943,4.044117450714111
14051,0.03186274692416191,4.56862735748291
14052,0.03431372717022896,5.083333492279053
14053,0.035784315317869186,5.549019813537598
14054,0.027941176667809486,5.955882549285889
14055,0.03186274692416191,6.240196228027344
14056,0.03235294297337532,6.509803771972656
14057,0.027450980618596077,6.656862735748291
14058,0.027941176667809486,6.710784435272217
14059,0.014705882407724857,6.664215564727783
14060,0.011274510063230991,6.55637264251709
14061,-0.00637254910543561,6.316176414489746
14062,-0.0009803922148421407,6.002450942993164
14063,-0.013235294260084629,5.625
14064,-0.01715686358511448,5.171568393707275
14065,-0.030392156913876534,4.647058963775635
14066,-0.03382353112101555,4.017157077789307
14067,-0.07058823853731155,3.3946077823638916
14068,-0.037254903465509415,2.715686321258545
14069,-0.045588236302137375,2.063725471496582
14070,-0.03431372717022896,1.316176414489746
14071,-0.05784313753247261,0.6740196347236633
14072,-0.061274509876966476,0.03921568766236305
14073,-0.03333333507180214,-0.5392156839370728
14074,-0.07941176742315292,-1.095588207244873
14075,-0.0313725508749485,-1.6004902124404907
14076,-0.05588235333561897,-1.9558823108673096
14077,-0.045588236302137375,-2.286764621734619
14078,-0.05049019679427147,-2.5
14079,-0.0313725508749485,-2.595588207244873
14080,-0.026470588520169258,-2.6029412746429443
14081,-0.022058824077248573,-2.475490093231201
14082,-0.014215686358511448,-2.2720587253570557
14083,-0.009803921915590763,-1.9852941036224365
14084,0.004411764908581972,-1.561274528503418
14085,0.007352941203862429,-1.125
14086,0.2083333283662796,-0.5514705777168274
14087,-0.14313726127147675,0.026960784569382668
14088,0.061764705926179886,0.7254902124404907
14089,0.24754901230335236,1.4803920984268188
14090,-0.12401960790157318,2.1151959896087646
14091,0.22156862914562225,2.9460785388946533
14092,-0.06911765038967133,3.563725471496582
14093,0.0882352963089943,4.235294342041016
14094,0.07549019902944565,4.904411792755127
14095,-0.019607843831181526,5.455882549285889
14096,0.09509804099798203,5.975490093231201
14097,0.01225490216165781,6.416666507720947
14098,0.05245098099112511,6.686274528503418
14099,0.02500000037252903,6.850490093231201
14100,0.019117647781968117,7.024509906768799
14101,0.014215686358511448,6.98774528503418
14102,0.007843137718737125,6.845588207244873
14103,0.0024509804788976908,6.610294342041016
14104,-0.007843137718737125,6.247549057006836
14105,-0.01666666753590107,5.784313678741455
14106,-0.014705882407724857,5.240196228027344
14107,-0.03431372717022896,4.544117450714111
14108,-0.037745099514722824,3.850490093231201
14109,-0.03872549161314964,3.132352828979492
14110,-0.0519607849419117,2.338235378265381
14111,-0.0519607849419117,1.4926470518112183
14112,-0.04901960864663124,0.6960784196853638
14113,-0.05833333358168602,-0.17401960492134094
14114,-0.061274509876966476,-0.9215686321258545
14115,-0.07009804248809814,-1.625
14116,-0.04901960864663124,-2.3235294818878174
14117,-0.06617647409439087,-2.904411792755127
14118,-0.05637254938483238,-3.3602941036224365
14119,-0.05000000074505806,-3.757352828979492
14120,-0.04411764815449715,-4.071078300476074
14121,-0.05931372568011284,-4.178921699523926
14122,-0.02450980432331562,-4.223039150238037
14123,-0.030392156913876534,-4.142157077789307
14124,-0.007843137718737125,-3.968137264251709
14125,-0.010294117964804173,-3.5710785388946533
14126,0.0009803922148421407,-3.095588207244873
14127,0.0019607844296842813,-2.531862735748291
14128,0.019607843831181526,-1.8700979948043823
14129,0.023039216175675392,-1.1348038911819458
14130,0.0313725508749485,-0.343137264251709
14131,0.04117647185921669,0.4852941036224365
14132,0.04362745210528374,1.3946079015731812
14133,0.04803921654820442,2.286764621734619
14134,0.053431373089551926,3.1372549533843994
14135,0.06078431382775307,4.022058963775635
14136,0.05147058889269829,4.76225471496582
14137,0.053921569138765335,5.48774528503418
14138,0.05637254938483238,6.161764621734619
14139,0.04950980469584465,6.683823585510254
14140,0.045588236302137375,7.098039150238037
14141,0.037254903465509415,7.448529243469238
14142,0.029901960864663124,7.600490093231201
14143,0.02450980432331562,7.651960849761963
14144,0.020588235929608345,7.585784435272217
14145,0.010784314014017582,7.360294342041016
14146,-0.008823529817163944,6.990196228027344
14147,-0.01764705963432789,6.502450942993164
14148,-0.01666666753590107,5.938725471496582
14149,-0.03333333507180214,5.223039150238037
14150,-0.0416666679084301,4.419117450714111
14151,-0.0416666679084301,3.55637264251709
14152,-0.04852941259741783,2.622549057006836
14153,-0.061764705926179886,1.6470588445663452
14154,-0.07696078717708588,0.6911764740943909
14155,-0.06666667014360428,-0.29901960492134094
14156,-0.07647059112787247,-1.2254902124404907
14157,-0.07647059112787247,-2.1421568393707275
14158,-0.08039215952157974,-2.9901959896087646
14159,-0.07500000298023224,-3.776960849761963
14160,-0.08137255162000656,-4.399509906768799
14161,-0.06666667014360428,-4.973039150238037
14162,-0.052941177040338516,-5.360294342041016
14163,-0.04117647185921669,-5.634803771972656
14164,-0.07058823853731155,-5.747549057006836
14165,-0.06372549384832382,-5.759803771972656
14166,-0.021568628028035164,-5.546568393707275
14167,-0.02450980432331562,-5.299019813537598
14168,-0.004411764908581972,-4.779411792755127
14169,0.0004901961074210703,-4.245098114013672
14170,0.008333333767950535,-3.5147058963775635
14171,0.0313725508749485,-2.686274528503418
14172,0.013725490309298038,-1.8308823108673096
14173,0.04068627581000328,-0.8014705777168274
14174,0.036274511367082596,0.14215686917304993
14175,0.05686274543404579,1.2107843160629272
14176,0.05539215728640556,2.2303922176361084
14177,0.0681372582912445,3.3039214611053467
14178,0.06470588594675064,4.323529243469238
14179,0.06960784643888474,5.186274528503418
14180,0.06715686619281769,6.071078300476074
14181,0.05833333358168602,6.808823585510254
14182,0.06911765038967133,7.404411792755127
14183,0.05539215728640556,7.928921699523926
14184,0.045098040252923965,8.301470756530762
14185,0.04215686395764351,8.551470756530762
14186,0.02401960827410221,8.55637264251709
14187,0.0235294122248888,8.553921699523926
14188,0.0034313725773245096,8.210783958435059
14189,-0.003921568859368563,7.803921699523926
14190,-0.018627451732754707,7.264705657958984
14191,-0.029901960864663124,6.526960849761963
14192,-0.03382353112101555,5.725490093231201
14193,-0.03970588371157646,4.811274528503418
14194,-0.0470588244497776,3.80637264251709
14195,-0.01764705963432789,2.7401959896087646
14196,-0.08774510025978088,1.595588207244873
14197,-0.05098039284348488,0.4779411852359772
14198,-0.0887254923582077,-0.6593137383460999
14199,-0.08284313976764679,-1.7009804248809814
14200,-0.08627451211214066,-2.8333332538604736
14201,-0.08676470816135406,-3.781862735748291
14202,-0.07156863063573837,-4.671568393707275
14203,-0.08921568840742111,-5.475490093231201
14204,-0.08039215952157974,-6.093137264251709
14205,-0.07352941483259201,-6.649509906768799
14206,-0.05637254938483238,-6.914215564727783
14207,-0.05686274543404579,-7.117647171020508
14208,-0.04362745210528374,-7.134803771972656
14209,-0.030392156913876534,-6.960784435272217
14210,-0.01225490216165781,-6.676470756530762
14211,-0.005392157007008791,-6.188725471496582
14212,0.003921568859368563,-5.524509906768799
14213,0.01274509821087122,-4.767157077789307
14214,0.030882352963089943,-3.8921568393707275
14215,0.03186274692416191,-2.870098114013672
14216,0.046078432351350784,-1.816176414489746
14217,0.05147058889269829,-0.6470588445663452
14218,0.06029411777853966,0.5539215803146362
14219,0.07058823853731155,1.7598038911819458
14220,0.07696078717708588,2.936274528503418
14221,0.07647059112787247,4.066176414489746
14222,0.0833333358168602,5.149509906768799
14223,0.07549019902944565,6.19362735748291
14224,0.08480392396450043,7.007352828979492
14225,0.07647059112787247,7.870098114013672
14226,0.06568627804517746,8.504901885986328
14227,0.07009804248809814,8.970588684082031
14228,0.03235294297337532,9.27450942993164
14229,0.05588235333561897,9.497549057006836
14230,0.01568627543747425,9.421568870544434
14231,0.0235294122248888,9.191176414489746
14232,-0.0004901961074210703,8.83088207244873
14233,-0.0029411765281111,8.291666984558105
14234,-0.01666666753590107,7.610294342041016
14235,-0.035784315317869186,6.772058963775635
14236,-0.036274511367082596,5.825980186462402
14237,-0.06519608199596405,4.73774528503418
14238,-0.04803921654820442,3.622549057006836
14239,-0.07352941483259201,2.4240195751190186
14240,-0.08431372791528702,1.154411792755127
14241,-0.08725490421056747,-0.09803921729326248
14242,-0.09313725680112839,-1.3308823108673096
14243,-0.09607843309640884,-2.55637264251709
14244,-0.0882352963089943,-3.651960849761963
14245,-0.0990196093916893,-4.705882549285889
14246,-0.0936274528503418,-5.656862735748291
14247,-0.08774510025978088,-6.426470756530762
14248,-0.08186274766921997,-7.120098114013672
14249,-0.08431372791528702,-7.625
14250,-0.07450980693101883,-7.968137264251709
14251,-0.053921569138765335,-8.144607543945312
14252,-0.04019607976078987,-8.088234901428223
14253,-0.037254903465509415,-7.93137264251709
14254,-0.013235294260084629,-7.553921699523926
14255,-0.0034313725773245096,-7.014705657958984
14256,0.009313725866377354,-6.343137264251709
14257,0.022058824077248573,-5.441176414489746
14258,0.03382353112101555,-4.480391979217529
14259,0.045098040252923965,-3.438725471496582
14260,0.05588235333561897,-2.215686321258545
14261,0.053431373089551926,-1.0147058963775635
14262,0.06323529779911041,0.25735294818878174
14263,0.08627451211214066,1.566176414489746
14264,0.08137255162000656,2.8039214611053467
14265,0.08480392396450043,4.073529243469238
14266,0.07696078717708588,5.176470756530762
14267,0.08284313976764679,6.269608020782471
14268,0.07009804248809814,7.254901885986328
14269,0.08088235557079315,8.129901885986328
14270,0.0730392187833786,8.845588684082031
14271,0.061274509876966476,9.308823585510254
14272,0.05833333358168602,9.735294342041016
14273,0.0470588244497776,9.946078300476074
14274,0.02598039247095585,9.94362735748291
14275,0.0235294122248888,9.740196228027344
14276,0.00637254910543561,9.45588207244873
14277,-0.008823529817163944,8.948529243469238
14278,-0.019607843831181526,8.26225471496582
14279,-0.03480392321944237,7.428921699523926
14280,-0.05147058889269829,6.477941036224365
14281,-0.0519607849419117,5.404411792755127
14282,-0.08284313976764679,4.294117450714111
14283,-0.0676470622420311,3.0122549533843994
14284,-0.0784313753247261,1.7671568393707275
14285,-0.08480392396450043,0.4828431308269501
14286,-0.08137255162000656,-0.7916666865348816
14287,-0.08676470816135406,-2.029411792755127
14288,-0.11421568691730499,-3.2034313678741455
14289,-0.09803921729326248,-4.340686321258545
14290,-0.09558823704719543,-5.384803771972656
14291,-0.0990196093916893,-6.272058963775635
14292,-0.07450980693101883,-7.004901885986328
14293,-0.0833333358168602,-7.649509906768799
14294,-0.07254902273416519,-8.107843399047852
14295,-0.05882352963089943,-8.36274528503418
14296,-0.04852941259741783,-8.463234901428223
14297,-0.03382353112101555,-8.372549057006836
14298,-0.02598039247095585,-8.14950942993164
14299,-0.008333333767950535,-7.732842922210693
14300,-0.0049019609577953815,-7.132352828979492
14301,0.0117647061124444,-6.44362735748291
14302,0.021568628028035164,-5.571078300476074
14303,0.0313725508749485,-4.55637264251709
14304,0.04803921654820442,-3.4607841968536377
14305,0.06519608199596405,-2.348039150238037
14306,0.07009804248809814,-1.0980392694473267
14307,0.07500000298023224,0.125
14308,0.07009804248809814,1.3504902124404907
14309,0.07205882668495178,2.627450942993164
14310,0.08137255162000656,3.882352828979492
14311,0.08627451211214066,4.975490093231201
14312,0.08137255162000656,6.034313678741455
14313,0.07941176742315292,6.914215564727783
14314,0.08039215952157974,7.742647171020508
14315,0.07058823853731155,8.477941513061523
14316,0.05637254938483238,8.995098114013672
14317,0.05000000074505806,9.392156600952148
14318,0.03970588371157646,9.617647171020508
14319,0.0313725508749485,9.627450942993164
14320,0.020588235929608345,9.558823585510254
14321,0.0058823530562222,9.259803771972656
14322,0.009313725866377354,8.80637264251709
14323,-0.01617647148668766,8.259803771972656
14324,-0.022549020126461983,7.541666507720947
14325,-0.036274511367082596,6.686274528503418
14326,-0.03235294297337532,5.703431606292725
14327,-0.061764705926179886,4.696078300476074
14328,-0.062254901975393295,3.6127450466156006
14329,-0.06862745434045792,2.4583332538604736
14330,-0.07254902273416519,1.3014706373214722
14331,-0.0833333358168602,0.0882352963089943
14332,-0.09313725680112839,-1.090686321258545
14333,-0.08921568840742111,-2.2328431606292725
14334,-0.07745098322629929,-3.247549057006836
14335,-0.09215686470270157,-4.269608020782471
14336,-0.08529412001371384,-5.139705657958984
14337,-0.0784313753247261,-5.953431606292725
14338,-0.06519608199596405,-6.610294342041016
14339,-0.07009804248809814,-7.129901885986328
14340,-0.0573529414832592,-7.514705657958984
14341,-0.05147058889269829,-7.732842922210693
14342,-0.05049019679427147,-7.811274528503418
14343,-0.038235295563936234,-7.779411792755127
14344,-0.019117647781968117,-7.509803771972656
14345,-0.013235294260084629,-7.139705657958984
14346,0.004411764908581972,-6.661764621734619
14347,0.009313725866377354,-6.049019813537598
14348,0.018627451732754707,-5.259803771972656
14349,0.0313725508749485,-4.458333492279053
14350,0.03235294297337532,-3.531862735748291
14351,0.03970588371157646,-2.55637264251709
14352,0.054901961237192154,-1.5
14353,0.054411765187978745,-0.41911765933036804
14354,0.05931372568011284,0.6813725233078003
14355,0.07058823853731155,1.7426470518112183
14356,0.062745101749897,2.786764621734619
14357,0.05098039284348488,3.776960849761963
14358,0.09068627655506134,4.700980186462402
14359,0.07058823853731155,5.546568393707275
14360,0.0676470622420311,6.31862735748291
14361,0.062745101749897,6.977941036224365
14362,0.05000000074505806,7.571078300476074
14363,0.054411765187978745,7.950980186462402
14364,0.015196078456938267,8.264705657958984
14365,0.053921569138765335,8.465685844421387
14366,0.028431372717022896,8.53186321258545
14367,0.8049019575119019,8.428921699523926
14368,1.4769607782363892,8.367647171020508
14369,-0.42450979351997375,7.808823585510254
14370,1.0299019813537598,7.477941036224365
14371,-0.1558823585510254,6.828431606292725
14372,0.2720588147640228,6.164215564727783
14373,0.03921568766236305,5.379901885986328
14374,0.018627451732754707,4.534313678741455
14375,-0.07647059112787247,3.622549057006836
14376,-0.05245098099112511,2.747549057006836
14377,-0.028921568766236305,1.7573529481887817
14378,-0.037254903465509415,0.811274528503418
14379,-0.05147058889269829,-0.14215686917304993
14380,-0.03382353112101555,-1.063725471496582
14381,-0.05784313753247261,-1.9534313678741455
14382,-0.06519608199596405,-2.776960849761963
14383,-0.04068627581000328,-3.588235378265381
14384,-0.07156863063573837,-4.301470756530762
14385,-0.044607844203710556,-4.953431606292725
14386,-0.07107843458652496,-5.482842922210693
14387,-0.04803921654820442,-5.921568393707275
14388,-0.04264706000685692,-6.232842922210693
14389,-0.04803921654820442,-6.473039150238037
14390,-0.023039216175675392,-6.524509906768799
14391,-0.07009804248809814,-6.561274528503418
14392,0.0034313725773245096,-6.360294342041016
14393,-0.01666666753590107,-6.169117450714111
14394,0.0024509804788976908,-5.840686321258545
14395,0.004411764908581972,-5.428921699523926
14396,0.00147058826405555,-4.884803771972656
14397,0.023039216175675392,-4.323529243469238
14398,0.0313725508749485,-3.622549057006836
14399,0.029411764815449715,-2.872549057006836
14400,0.046568628400564194,-2.1127450466156006
14401,0.04901960864663124,-1.313725471496582
14402,0.04852941259741783,-0.39950981736183167
14403,0.04117647185921669,0.4264705777168274
14404,0.05784313753247261,1.3357843160629272
14405,0.06519608199596405,2.1470587253570557
14406,0.053921569138765335,2.9289214611053467
14407,0.07254902273416519,3.7279412746429443
14408,0.05686274543404579,4.460784435272217
14409,0.053921569138765335,5.134803771972656
14410,0.04754902049899101,5.720588207244873
14411,0.06078431382775307,6.23774528503418
14412,0.046568628400564194,6.691176414489746
14413,0.03872549161314964,7.029411792755127
14414,0.04313725605607033,7.294117450714111
14415,0.03431372717022896,7.409313678741455
14416,0.01568627543747425,7.477941036224365
14417,0.018137255683541298,7.428921699523926
14418,0.007843137718737125,7.281862735748291
14419,0.007843137718737125,7.041666507720947
14420,-0.0058823530562222,6.720588207244873
14421,-0.008333333767950535,6.276960849761963
14422,-0.028921568766236305,5.784313678741455
14423,-0.02450980432331562,5.149509906768799
14424,-0.038235295563936234,4.534313678741455
14425,-0.052941177040338516,3.8210785388946533
14426,-0.045588236302137375,3.058823585510254
14427,-0.04754902049899101,2.257352828979492
14428,-0.06372549384832382,1.4215686321258545
14429,-0.05931372568011284,0.5686274766921997
14430,-0.06421568989753723,-0.2671568691730499
14431,-0.06666667014360428,-1.1029411554336548
14432,-0.05882352963089943,-1.8872549533843994
14433,-0.06323529779911041,-2.6470587253570557
14434,-0.04852941259741783,-3.3921568393707275
14435,-0.05637254938483238,-4.061274528503418
14436,-0.08970588445663452,-4.69362735748291
14437,-0.03872549161314964,-5.267157077789307
14438,0.019117647781968117,-5.642157077789307
14439,-0.6921568512916565,-6.147058963775635
14440,0.09264706075191498,-6.365196228027344
14441,-0.16470588743686676,-6.477941036224365
14442,-0.10049019753932953,-6.602941036224365
14443,-0.013235294260084629,-6.519608020782471
14444,-0.07549019902944565,-6.372549057006836
14445,-0.03529411926865578,-6.102941036224365
14446,0.04019607976078987,-5.747549057006836
14447,-0.0519607849419117,-5.321078300476074
14448,0.03186274692416191,-4.80637264251709
14449,0.008333333767950535,-4.176470756530762
14450,0.03333333507180214,-3.473039150238037
14451,0.030392156913876534,-2.723039150238037
14452,0.03480392321944237,-1.909313678741455
14453,0.05147058889269829,-1.0857843160629272
14454,0.04852941259741783,-0.17892156541347504
14455,0.0676470622420311,0.781862735748291
14456,0.053921569138765335,1.7107843160629272
14457,0.05637254938483238,2.558823585510254
14458,0.07941176742315292,3.4803922176361084
14459,0.06862745434045792,4.330882549285889
14460,0.0681372582912445,5.100490093231201
14461,0.05637254938483238,5.867647171020508
14462,0.05784313753247261,6.551470756530762
14463,0.05049019679427147,7.13725471496582
14464,0.053431373089551926,7.602941036224365
14465,0.0470588244497776,7.965686321258545
14466,0.0470588244497776,8.26225471496582
14467,0.03186274692416191,8.48774528503418
14468,0.03970588371157646,8.482843399047852
14469,0.014215686358511448,8.426470756530762
14470,0.007843137718737125,8.176470756530762
14471,0.0034313725773245096,7.901960849761963
14472,0.0009803922148421407,7.497549057006836
14473,-0.008823529817163944,6.982842922210693
14474,-0.022058824077248573,6.340686321258545
14475,-0.03921568766236305,5.634803771972656
14476,-0.03480392321944237,4.794117450714111
14477,-0.0470588244497776,3.9460785388946533
14478,-0.05637254938483238,3.0416667461395264
14479,-0.054411765187978745,2.0490195751190186
14480,-0.06666667014360428,1.0490195751190186
14481,-0.06960784643888474,0.0024509804788976908
14482,-0.08088235557079315,-0.9950980544090271
14483,-0.06960784643888474,-1.968137264251709
14484,-0.06568627804517746,-2.9289214611053467
14485,-0.09558823704719543,-3.8333332538604736
14486,-0.06421568989753723,-4.676470756530762
14487,-0.04313725605607033,-5.433823585510254
14488,-0.05833333358168602,-6.102941036224365
14489,-0.037745099514722824,-6.727941036224365
14490,-0.06862745434045792,-7.208333492279053
14491,-0.04117647185921669,-7.55637264251709
14492,-0.03529411926865578,-7.80637264251709
14493,-0.045588236302137375,-7.914215564727783
14494,-0.02549019642174244,-7.882352828979492
14495,-0.02598039247095585,-7.742647171020508
14496,-0.008823529817163944,-7.419117450714111
14497,-0.004411764908581972,-7.061274528503418
14498,0.011274510063230991,-6.524509906768799
14499,0.011274510063230991,-5.872549057006836
14500,0.028431372717022896,-5.213235378265381
14501,-0.31911763548851013,-4.367647171020508
14502,-1.1377451419830322,-3.5784313678741455
14503,0.7946078181266785,-2.5220587253570557
14504,-1.279411792755127,-1.6004902124404907
14505,0.7382352948188782,-0.4436274468898773
14506,-0.44999998807907104,0.5735294222831726
14507,0.2705882489681244,1.6127450466156006
14508,-0.08480392396450043,2.715686321258545
14509,-0.01715686358511448,3.6764705181121826
14510,0.06372549384832382,4.642157077789307
14511,-0.04803921654820442,5.549019813537598
14512,0.014705882407724857,6.411764621734619
14513,0.052941177040338516,7.164215564727783
14514,-0.0009803922148421407,7.791666507720947
14515,0.062254901975393295,8.301470756530762
14516,0.018627451732754707,8.72549057006836
14517,0.020588235929608345,9.004901885986328
14518,0.028431372717022896,9.186274528503418
14519,0.018137255683541298,9.235294342041016
14520,0.02598039247095585,9.122549057006836
14521,-0.01225490216165781,8.950980186462402
14522,0.011274510063230991,8.605392456054688
14523,-0.006862745154649019,8.120098114013672
14524,-0.0235294122248888,7.541666507720947
14525,-0.02450980432331562,6.884803771972656
14526,-0.04117647185921669,6.127450942993164
14527,-0.04901960864663124,5.355391979217529
14528,-0.04803921654820442,4.404411792755127
14529,-0.05147058889269829,3.5171568393707275
14530,-0.061764705926179886,2.473039150238037
14531,-0.07009804248809814,1.4754902124404907
14532,-0.06911765038967133,0.47549018263816833
14533,-0.0681372582912445,-0.5490196347236633
14534,-0.06911765038967133,-1.5098038911819458
14535,-0.07058823853731155,-2.4558823108673096
14536,-0.07205882668495178,-3.3651959896087646
14537,-0.10637255012989044,-4.208333492279053
14538,-0.10245098173618317,-4.953431606292725
14539,-0.054901961237192154,-5.622549057006836
14540,-0.09117647260427475,-6.242647171020508
14541,-0.04852941259741783,-6.703431606292725
14542,-0.05588235333561897,-7.098039150238037
14543,-0.053921569138765335,-7.357842922210693
14544,-0.03970588371157646,-7.51225471496582
14545,-0.03186274692416191,-7.575980186462402
14546,-0.026470588520169258,-7.495098114013672
14547,-0.05784313753247261,-7.350490093231201
14548,0.029411764815449715,-6.973039150238037
14549,-0.044607844203710556,-6.605391979217529
14550,0.03480392321944237,-6.134803771972656
14551,0.0024509804788976908,-5.625
14552,0.0313725508749485,-4.948529243469238
14553,0.03431372717022896,-4.161764621734619
14554,0.036274511367082596,-3.436274528503418
14555,0.04215686395764351,-2.6078431606292725
14556,0.052941177040338516,-1.7622549533843994
14557,0.05245098099112511,-0.906862735748291
14558,0.05539215728640556,0.026960784569382668
14559,0.06323529779911041,0.8774510025978088
14560,0.04215686395764351,1.7426470518112183
14561,0.030392156913876534,2.563725471496582
14562,0.0470588244497776,3.3970587253570557
14563,0.05980392172932625,4.186274528503418
14564,0.054411765187978745,4.921568393707275
14565,0.04950980469584465,5.534313678741455
14566,0.05637254938483238,6.166666507720947
14567,0.03970588371157646,6.656862735748291
14568,0.22745098173618317,7.093137264251709
14569,0.3176470696926117,7.426470756530762
14570,-0.2970588207244873,7.696078300476074
14571,0.5274509787559509,7.852941036224365
14572,-0.1867647022008896,7.904411792755127
14573,0.24264705181121826,7.933823585510254
14574,-0.0470588244497776,7.81862735748291
14575,0.03186274692416191,7.644608020782471
14576,0.05588235333561897,7.360294342041016
14577,-0.044607844203710556,7.019608020782471
14578,0.0117647061124444,6.551470756530762
14579,-0.014215686358511448,6.107842922210693
14580,-0.026960784569382668,5.509803771972656
14581,-0.018627451732754707,4.921568393707275
14582,-0.053921569138765335,4.286764621734619
14583,-0.03970588371157646,3.590686321258545
14584,-0.03382353112101555,2.845588207244873
14585,-0.05588235333561897,2.0539214611053467
14586,-0.061274509876966476,1.279411792755127
14587,-0.05931372568011284,0.5
14588,-0.053431373089551926,-0.22058823704719543
14589,-0.06470588594675064,-0.9607843160629272
14590,-0.06078431382775307,-1.7083333730697632
14591,-0.0676470622420311,-2.4166667461395264
14592,-0.05833333358168602,-3.1127450466156006
14593,-0.08529412001371384,-3.745098114013672
14594,-0.053921569138765335,-4.328431606292725
14595,-0.0676470622420311,-4.875
14596,-0.054901961237192154,-5.345588207244873
14597,-0.0573529414832592,-5.774509906768799
14598,-0.054411765187978745,-6.095588207244873
14599,-0.05784313753247261,-6.355391979217529
14600,-0.045588236302137375,-6.514705657958984
14601,-0.03235294297337532,-6.661764621734619
14602,-0.027941176667809486,-6.627450942993164
14603,-0.026960784569382668,-6.598039150238037
14604,-0.02549019642174244,-6.448529243469238
14605,-0.007843137718737125,-6.215686321258545
14606,-0.006862745154649019,-5.88725471496582
14607,0.0019607844296842813,-5.514705657958984
14608,0.01715686358511448,-5.061274528503418
14609,0.0117647061124444,-4.502450942993164
14610,0.021078431978821754,-3.93137264251709
14611,0.026470588520169258,-3.2598040103912354
14612,0.030392156913876534,-2.563725471496582
14613,0.03480392321944237,-1.8357843160629272
14614,0.028431372717022896,-1.0833333730697632
14615,0.03970588371157646,-0.2450980395078659
14616,0.05245098099112511,0.5343137383460999
14617,0.0470588244497776,1.3897058963775635
14618,0.061274509876966476,2.2107841968536377
14619,0.053431373089551926,3.0122549533843994
14620,0.054411765187978745,3.813725471496582
14621,0.05637254938483238,4.578431606292725
14622,0.062254901975393295,5.316176414489746
14623,0.04754902049899101,5.928921699523926
14624,0.04803921654820442,6.561274528503418
14625,0.03872549161314964,7.105391979217529
14626,0.04264706000685692,7.590686321258545
14627,0.037745099514722824,7.973039150238037
14628,0.03382353112101555,8.276960372924805
14629,0.03235294297337532,8.473039627075195
14630,0.037254903465509415,8.60049057006836
14631,0.02450980432331562,8.585783958435059
14632,0.0049019609577953815,8.463234901428223
14633,0.0029411765281111,8.325980186462402
14634,-0.0009803922148421407,8.039216041564941
14635,-0.011274510063230991,7.647058963775635
14636,-0.014215686358511448,7.188725471496582
14637,-0.02598039247095585,6.602941036224365
14638,-0.03186274692416191,5.980391979217529
14639,-0.04950980469584465,5.321078300476074
14640,-0.0416666679084301,4.524509906768799
14641,-0.052941177040338516,3.7058823108673096
14642,-0.05833333358168602,2.850490093231201
14643,-0.06372549384832382,1.9215686321258545
14644,-0.06666667014360428,1.0122549533843994
14645,-0.0681372582912445,0.06372549384832382
14646,-0.07696078717708588,-0.8700980544090271
14647,-0.07549019902944565,-1.7647058963775635
14648,-0.07205882668495178,-2.6078431606292725
14649,-0.08382353186607361,-3.5514705181121826
14650,-0.07892157137393951,-4.345588207244873
14651,-0.038235295563936234,-5.049019813537598
14652,-0.07990196347236633,-5.772058963775635
14653,-0.053431373089551926,-6.316176414489746
14654,-0.07549019902944565,-6.828431606292725
14655,-0.05637254938483238,-7.26225471496582
14656,-0.05833333358168602,-7.590686321258545
14657,-0.04362745210528374,-7.825980186462402
14658,-0.037745099514722824,-7.933823585510254
14659,-0.03333333507180214,-7.919117450714111
14660,-0.020588235929608345,-7.867647171020508
14661,-0.013725490309298038,-7.647058963775635
14662,-0.01225490216165781,-7.36274528503418
14663,-0.0009803922148421407,-6.946078300476074
14664,0.00637254910543561,-6.480391979217529
14665,0.013725490309298038,-5.897058963775635
14666,0.020098039880394936,-5.232842922210693
14667,0.035784315317869186,-4.490196228027344
14668,0.038235295563936234,-3.745098114013672
14669,0.037254903465509415,-2.906862735748291
14670,0.035784315317869186,-2.0392158031463623
14671,0.05245098099112511,-1.159313678741455
14672,0.046078432351350784,-0.24264705181121826
14673,0.054411765187978745,0.6911764740943909
14674,0.05931372568011284,1.6176470518112183
14675,0.06617647409439087,2.5196077823638916
14676,0.06372549384832382,3.348039150238037
14677,0.061274509876966476,4.174019813537598
14678,0.062745101749897,4.94362735748291
14679,0.061764705926179886,5.671568393707275
14680,0.054411765187978745,6.301470756530762
14681,0.05882352963089943,6.904411792755127
14682,0.04901960864663124,7.433823585510254
14683,0.05000000074505806,7.840686321258545
14684,0.038235295563936234,8.134803771972656
14685,0.036764707416296005,8.38725471496582
14686,0.030392156913876534,8.529411315917969
14687,0.028431372717022896,8.56862735748291
14688,0.0117647061124444,8.529411315917969
14689,0.007843137718737125,8.394607543945312
14690,-0.0034313725773245096,8.200980186462402
14691,0.0024509804788976908,7.921568393707275
14692,-0.0117647061124444,7.539215564727783
14693,-0.013235294260084629,7.083333492279053
14694,-0.013235294260084629,6.549019813537598
14695,-0.035784315317869186,6.049019813537598
14696,-0.03921568766236305,5.409313678741455
14697,-0.03529411926865578,4.727941036224365
14698,-0.04950980469584465,4.007352828979492
14699,-0.046078432351350784,3.30637264251709
14700,-0.053431373089551926,2.566176414489746
14701,-0.062745101749897,1.7696079015731812
14702,-0.05784313753247261,1.0147058963775635
14703,-0.05980392172932625,0.28921568393707275
14704,-0.05980392172932625,-0.49754902720451355
14705,-0.05931372568011284,-1.2573529481887817
14706,-0.04950980469584465,-1.8995097875595093
14707,-0.046078432351350784,-2.590686321258545
14708,-0.02450980432331562,-3.279411792755127
14709,-0.06372549384832382,-3.840686321258545
14710,-0.046078432351350784,-4.384803771972656
14711,-0.05147058889269829,-4.86274528503418
14712,-0.05980392172932625,-5.291666507720947
14713,-0.03382353112101555,-5.664215564727783
14714,-0.03872549161314964,-6.004901885986328
14715,-0.03480392321944237,-6.296568393707275
14716,-0.03529411926865578,-6.504901885986328
14717,-0.03284313902258873,-6.595588207244873
14718,-0.0235294122248888,-6.63725471496582
14719,-0.022058824077248573,-6.659313678741455
14720,-0.0058823530562222,-6.55637264251709
14721,-0.003921568859368563,-6.416666507720947
14722,-0.009803921915590763,-6.213235378265381
14723,-0.003921568859368563,-5.924019813537598
14724,0.0,-5.620098114013672
14725,0.0117647061124444,-5.242647171020508
14726,0.00637254910543561,-4.781862735748291
14727,0.020098039880394936,-4.328431606292725
14728,0.028431372717022896,-3.774509906768799
14729,0.028431372717022896,-3.151960849761963
14730,0.028431372717022896,-2.5465686321258545
14731,0.029411764815449715,-1.9019607305526733
14732,0.028431372717022896,-1.252450942993164
14733,0.04852941259741783,-0.5147058963775635
14734,0.0470588244497776,0.19362744688987732
14735,0.04950980469584465,0.9093137383460999
14736,0.05049019679427147,1.622549057006836
14737,0.053431373089551926,2.3848040103912354
14738,0.04950980469584465,3.0735294818878174
14739,0.04264706000685692,3.757352828979492
14740,0.045588236302137375,4.384803771972656
14741,0.09803921729326248,5.063725471496582
14742,0.013235294260084629,5.674019813537598
14743,0.05539215728640556,6.223039150238037
14744,0.04313725605607033,6.757352828979492
14745,0.03186274692416191,7.178921699523926
14746,0.0519607849419117,7.563725471496582
14747,0.03529411926865578,7.911764621734619
14748,0.038235295563936234,8.14950942993164
14749,0.03235294297337532,8.365196228027344
14750,0.019607843831181526,8.426470756530762
14751,0.030392156913876534,8.453431129455566
14752,0.007843137718737125,8.409314155578613
14753,0.0058823530562222,8.30637264251709
14754,0.0034313725773245096,8.083333015441895
14755,-0.014215686358511448,7.747549057006836
14756,-0.02500000037252903,7.384803771972656
14757,-0.027941176667809486,6.93137264251709
14758,-0.03872549161314964,6.404411792755127
14759,-0.020588235929608345,5.860294342041016
14760,-0.0470588244497776,5.171568393707275
14761,-0.04411764815449715,4.480391979217529
14762,-0.04215686395764351,3.742647171020508
14763,-0.05637254938483238,2.9583332538604736
14764,-0.05147058889269829,2.1691176891326904
14765,-0.053921569138765335,1.2990195751190186
14766,-0.062254901975393295,0.4436274468898773
14767,-0.07401961088180542,-0.41421568393707275
14768,-0.0730392187833786,-1.2328431606292725
14769,-0.06862745434045792,-2.063725471496582
14770,-0.07352941483259201,-2.9142158031463623
14771,-0.06960784643888474,-3.6102941036224365
14772,-0.07254902273416519,-4.379901885986328
14773,-0.07058823853731155,-5.053921699523926
14774,-0.05980392172932625,-5.708333492279053
14775,-0.06666667014360428,-6.213235378265381
14776,-0.0573529414832592,-6.688725471496582
14777,-0.04901960864663124,-7.107842922210693
14778,-0.053921569138765335,-7.424019813537598
14779,-0.04803921654820442,-7.671568393707275
14780,-0.036764707416296005,-7.835784435272217
14781,-0.029411764815449715,-7.901960849761963
14782,-0.019607843831181526,-7.882352828979492
14783,-0.022549020126461983,-7.725490093231201
14784,-0.007843137718737125,-7.529411792755127
14785,-0.009803921915590763,-7.252450942993164
14786,0.0009803922148421407,-6.86274528503418
14787,0.010784314014017582,-6.43137264251709
14788,0.01568627543747425,-5.953431606292725
14789,0.008823529817163944,-5.338235378265381
14790,0.026960784569382668,-4.718137264251709
14791,0.036274511367082596,-4.01225471496582
14792,0.03284313902258873,-3.276960849761963
14793,0.029411764815449715,-2.5735294818878174
14794,0.05098039284348488,-1.7598038911819458
14795,0.03921568766236305,-0.9509803652763367
14796,0.045588236302137375,-0.20588235557079315
14797,0.046078432351350784,0.6421568393707275
14798,0.054901961237192154,1.404411792755127
14799,0.05098039284348488,2.188725471496582
14800,0.05000000074505806,2.906862735748291
14801,0.053431373089551926,3.661764621734619
14802,0.061274509876966476,4.296568393707275
14803,0.045098040252923965,4.980391979217529
14804,0.05147058889269829,5.514705657958984
14805,0.03872549161314964,6.105391979217529
14806,0.04411764815449715,6.585784435272217
14807,0.037254903465509415,7.007352828979492
14808,0.035784315317869186,7.348039150238037
14809,0.05147058889269829,7.688725471496582
14810,0.009313725866377354,7.88725471496582
14811,0.036274511367082596,8.046568870544434
14812,0.014215686358511448,8.110294342041016
14813,0.019607843831181526,8.127450942993164
14814,0.010784314014017582,8.10049057006836
14815,0.0009803922148421407,8.019607543945312
14816,-0.00147058826405555,7.848039150238037
14817,-0.0024509804788976908,7.644608020782471
14818,-0.011274510063230991,7.365196228027344
14819,-0.01225490216165781,7.036764621734619
14820,-0.01617647148668766,6.598039150238037
14821,-0.02549019642174244,6.215686321258545
14822,-0.030392156913876534,5.784313678741455
14823,-0.027450980618596077,5.252450942993164
14824,-0.038235295563936234,4.73774528503418
14825,-0.046078432351350784,4.151960849761963
14826,-0.046078432351350784,3.6078431606292725
14827,-0.045098040252923965,2.9534313678741455
14828,-0.04264706000685692,2.3357841968536377
14829,-0.04068627581000328,1.715686321258545
14830,-0.053431373089551926,1.0710784196853638
14831,-0.05539215728640556,0.4436274468898773
14832,-0.052941177040338516,-0.21568627655506134
14833,-0.05588235333561897,-0.875
14834,-0.05245098099112511,-1.4583333730697632
14835,-0.0573529414832592,-2.095588207244873
14836,-0.05833333358168602,-2.659313678741455
14837,-0.04852941259741783,-3.2990195751190186
14838,-0.053431373089551926,-3.81862735748291
14839,-0.04901960864663124,-4.345588207244873
14840,-0.0470588244497776,-4.870098114013672
14841,-0.04215686395764351,-5.289215564727783
14842,-0.046078432351350784,-5.669117450714111
14843,-0.045588236302137375,-6.041666507720947
14844,-0.03921568766236305,-6.350490093231201
14845,-0.037745099514722824,-6.634803771972656
14846,-0.029901960864663124,-6.791666507720947
14847,-0.03382353112101555,-6.946078300476074
14848,-0.029411764815449715,-7.044117450714111
14849,-0.026470588520169258,-7.093137264251709
14850,-0.01764705963432789,-7.05637264251709
14851,-0.01617647148668766,-6.953431606292725
14852,-0.010294117964804173,-6.791666507720947
14853,-0.0058823530562222,-6.607842922210693
14854,0.0,-6.276960849761963
14855,0.005392157007008791,-5.958333492279053
14856,0.013725490309298038,-5.492647171020508
14857,0.013235294260084629,-5.080882549285889
14858,0.014215686358511448,-4.526960849761963
14859,0.04019607976078987,-3.94362735748291
14860,0.01764705963432789,-3.367647171020508
14861,0.04852941259741783,-2.691176414489746
14862,-0.7686274647712708,-2.06862735748291
14863,-0.7882353067398071,-1.345588207244873
14864,0.6666666865348816,-0.43382352590560913
14865,-0.9799019694328308,0.17401960492134094
14866,0.4627451002597809,1.0049020051956177
14867,-0.20686274766921997,1.8259804248809814
14868,0.07598039507865906,2.492647171020508
14869,0.028921568766236305,3.2941176891326904
14870,-0.026470588520169258,4.041666507720947
14871,0.061274509876966476,4.784313678741455
14872,-0.009803921915590763,5.460784435272217
14873,0.021568628028035164,6.066176414489746
14874,0.019607843831181526,6.651960849761963
14875,0.022058824077248573,7.196078300476074
14876,0.0470588244497776,7.639705657958984
14877,0.028431372717022896,8.058823585510254
14878,0.021078431978821754,8.384803771972656
14879,0.04117647185921669,8.651960372924805
14880,0.02549019642174244,8.823529243469238
14881,0.021568628028035164,8.933823585510254
14882,0.01666666753590107,8.997549057006836
14883,0.013725490309298038,8.958333015441895
14884,0.01617647148668766,8.821078300476074
14885,0.007352941203862429,8.654411315917969
14886,-0.0029411765281111,8.365196228027344
14887,-0.0004901961074210703,8.075980186462402
14888,-0.004411764908581972,7.666666507720947
14889,-0.011274510063230991,7.198529243469238
14890,-0.02549019642174244,6.654411792755127
14891,-0.02401960827410221,6.151960849761963
14892,-0.037254903465509415,5.507352828979492
14893,-0.03872549161314964,4.892157077789307
14894,-0.046568628400564194,4.205882549285889
14895,-0.0470588244497776,3.534313678741455
14896,-0.04117647185921669,2.784313678741455
14897,-0.052941177040338516,2.098039150238037
14898,-0.04852941259741783,1.372549057006836
14899,-0.05245098099112511,0.654411792755127
14900,-0.05784313753247261,-0.061274509876966476
14901,-0.04754902049899101,-0.7720588445663452
14902,-0.061764705926179886,-1.470588207244873
14903,-0.05637254938483238,-2.120098114013672
14904,-0.06617647409439087,-2.7058823108673096
14905,-0.003921568859368563,-3.343137264251709
14906,-0.07745098322629929,-3.8872549533843994
14907,-0.01764705963432789,-4.409313678741455
14908,-0.045098040252923965,-4.845588207244873
14909,-0.046568628400564194,-5.276960849761963
14910,-0.03284313902258873,-5.666666507720947
14911,-0.04313725605607033,-5.973039150238037
14912,-0.03529411926865578,-6.254901885986328
14913,-0.028431372717022896,-6.504901885986328
14914,-0.020588235929608345,-6.634803771972656
14915,-0.02598039247095585,-6.769608020782471
14916,-0.02500000037252903,-6.821078300476074
14917,-0.022549020126461983,-6.828431606292725
14918,-0.03480392321944237,-6.816176414489746
14919,0.01225490216165781,-6.725490093231201
14920,-0.02450980432331562,-6.580882549285889
14921,0.013235294260084629,-6.48774528503418
14922,-0.00637254910543561,-6.252450942993164
14923,0.014215686358511448,-6.0
14924,0.008823529817163944,-5.708333492279053
14925,0.01274509821087122,-5.352941036224365
14926,0.015196078456938267,-4.997549057006836
14927,0.013725490309298038,-4.590686321258545
14928,0.021078431978821754,-4.19362735748291
14929,0.022058824077248573,-3.747549057006836
14930,0.021078431978821754,-3.2352941036224365
14931,0.03186274692416191,-2.7377450466156006
14932,0.026960784569382668,-2.1740195751190186
14933,0.035784315317869186,-1.6323529481887817
14934,0.03333333507180214,-1.0833333730697632
14935,0.02598039247095585,-0.4583333432674408
14936,0.2774509787559509,0.18872548639774323
14937,0.3916666805744171,0.75
14938,-0.3857843279838562,1.308823585510254
14939,0.5147058963775635,1.970588207244873
14940,-0.16813725233078003,2.6127450466156006
14941,0.1558823585510254,3.154411792755127
14942,0.06421568989753723,3.81862735748291
14943,0.0235294122248888,4.36274528503418
14944,0.09264706075191498,4.924019813537598
14945,0.038235295563936234,5.473039150238037
14946,0.03284313902258873,5.970588207244873
14947,0.06470588594675064,6.5
14948,0.036274511367082596,6.877450942993164
14949,0.045098040252923965,7.299019813537598
14950,0.03235294297337532,7.661764621734619
14951,0.03382353112101555,8.022058486938477
14952,0.03284313902258873,8.223039627075195
14953,0.02500000037252903,8.438725471496582
14954,0.022058824077248573,8.602941513061523
14955,0.019117647781968117,8.713234901428223
14956,0.007352941203862429,8.713234901428223
14957,0.008333333767950535,8.674019813537598
14958,0.006862745154649019,8.607843399047852
14959,-0.0009803922148421407,8.44362735748291
14960,0.006862745154649019,8.215685844421387
14961,-0.009803921915590763,7.924019813537598
14962,-0.015196078456938267,7.55637264251709
14963,-0.014705882407724857,7.125
14964,-0.01568627543747425,6.664215564727783
14965,-0.03235294297337532,6.161764621734619
14966,-0.030882352963089943,5.595588207244873
14967,-0.030882352963089943,5.002450942993164
14968,-0.0416666679084301,4.357842922210693
14969,-0.03921568766236305,3.713235378265381
14970,-0.0416666679084301,2.9828431606292725
14971,-0.06470588594675064,2.279411792755127
14972,-0.054411765187978745,1.5539215803146362
14973,-0.06029411777853966,0.813725471496582
14974,-0.05539215728640556,0.07107843458652496
14975,-0.05539215728640556,-0.5980392098426819
14976,-0.05245098099112511,-1.372549057006836
14977,-0.061764705926179886,-2.0171568393707275
14978,-0.05000000074505806,-2.68137264251709
14979,-0.05539215728640556,-3.31862735748291
14980,-0.061764705926179886,-3.93137264251709
14981,-0.05882352963089943,-4.490196228027344
14982,-0.05637254938483238,-5.017157077789307
14983,-0.05098039284348488,-5.477941036224365
14984,-0.08284313976764679,-5.894608020782471
14985,-0.030392156913876534,-6.235294342041016
14986,-0.006862745154649019,-6.598039150238037
14987,-0.02598039247095585,-6.845588207244873
14988,-0.02450980432331562,-7.044117450714111
14989,-0.02450980432331562,-7.19362735748291
14990,-0.009803921915590763,-7.274509906768799
14991,-0.014215686358511448,-7.30637264251709
14992,-0.0313725508749485,-7.352941036224365
14993,-0.019117647781968117,-7.198529243469238
14994,-0.0034313725773245096,-7.134803771972656
14995,-0.01568627543747425,-6.936274528503418
14996,0.12941177189350128,-6.747549057006836
14997,0.552450954914093,-6.441176414489746
14998,-0.897549033164978,-6.218137264251709
14999,0.9818627238273621,-5.823529243469238
15000,-1.0083333253860474,-5.56862735748291
15001,0.5397058725357056,-5.151960849761963
15002,-0.3112744987010956,-4.725490093231201
15003,0.2558823525905609,-4.272058963775635
15004,0.05637254938483238,-3.745098114013672
15005,0.003921568859368563,-3.375
15006,0.12401960790157318,-2.850490093231201
15007,0.04264706000685692,-2.3039214611053467
15008,0.003921568859368563,-1.8382352590560913
15009,0.08284313976764679,-1.313725471496582
15010,0.021078431978821754,-0.7941176295280457
15011,0.061764705926179886,-0.25
15012,0.03284313902258873,0.3014705777168274
15013,0.029901960864663124,0.8578431606292725
15014,0.04950980469584465,1.3823529481887817
15015,0.03333333507180214,1.8970588445663452
15016,0.06421568989753723,2.436274528503418
15017,0.014705882407724857,2.970588207244873
15018,0.0519607849419117,3.475490093231201
15019,0.04264706000685692,3.9558823108673096
15020,0.03186274692416191,4.416666507720947
15021,0.04362745210528374,4.948529243469238
15022,0.04019607976078987,5.372549057006836
15023,0.04803921654820442,5.840686321258545
15024,0.04264706000685692,6.235294342041016
15025,0.029901960864663124,6.63725471496582
15026,0.037254903465509415,6.965686321258545
15027,0.021078431978821754,7.301470756530762
15028,0.0313725508749485,7.590686321258545
15029,0.07254902273416519,7.843137264251709
15030,0.04313725605607033,8.083333015441895
15031,0.013725490309298038,8.257352828979492
15032,0.04362745210528374,8.384803771972656
15033,0.014215686358511448,8.424019813537598
15034,0.02500000037252903,8.519607543945312
15035,0.019607843831181526,8.460783958435059
15036,0.0058823530562222,8.409314155578613
15037,0.009313725866377354,8.289216041564941
15038,0.0034313725773245096,8.122549057006836
15039,0.0,7.897058963775635
15040,-0.011274510063230991,7.620098114013672
15041,-0.008333333767950535,7.276960849761963
15042,-0.01617647148668766,6.916666507720947
15043,-0.020098039880394936,6.5
15044,0.0019607844296842813,6.01225471496582
15045,-0.005392157007008791,5.514705657958984
15046,-0.036274511367082596,4.973039150238037
15047,-0.03970588371157646,4.455882549285889
15048,-0.04411764815449715,3.745098114013672
15049,-0.03529411926865578,3.117647171020508
15050,-0.038235295563936234,2.4803922176361084
15051,-0.037745099514722824,1.7916666269302368
15052,-0.05049019679427147,1.1053920984268188
15053,-0.05539215728640556,0.41911765933036804
15054,-0.046568628400564194,-0.23039215803146362
15055,-0.053431373089551926,-0.9289215803146362
15056,-0.053921569138765335,-1.590686321258545
15057,-0.05980392172932625,-2.220588207244873
15058,-0.04950980469584465,-2.838235378265381
15059,-0.061274509876966476,-3.468137264251709
15060,-0.05098039284348488,-4.022058963775635
15061,-0.05245098099112511,-4.522058963775635
15062,-0.0470588244497776,-4.992647171020508
15063,-0.04068627581000328,-5.470588207244873
15064,-0.009803921915590763,-5.865196228027344
15065,-0.062745101749897,-6.225490093231201
15066,-0.013725490309298038,-6.539215564727783
15067,-0.07647059112787247,-6.759803771972656
15068,-0.33529412746429443,-6.997549057006836
15069,0.40833333134651184,-7.139705657958984
15070,-0.5622549057006836,-7.267157077789307
15071,0.3083333373069763,-7.333333492279053
15072,-0.21225489675998688,-7.303921699523926
15073,0.006862745154649019,-7.296568393707275
15074,0.0,-7.213235378265381
15075,-0.035784315317869186,-7.144608020782471
15076,0.01617647148668766,-6.911764621734619
15077,0.0058823530562222,-6.715686321258545
15078,-0.04068627581000328,-6.531862735748291
15079,0.04068627581000328,-6.279411792755127
15080,-0.015196078456938267,-6.004901885986328
15081,0.01225490216165781,-5.683823585510254
15082,0.013725490309298038,-5.328431606292725
15083,0.01274509821087122,-4.963235378265381
15084,0.01666666753590107,-4.575980186462402
15085,0.0004901961074210703,-4.19362735748291
15086,0.01715686358511448,-3.7401959896087646
15087,0.018137255683541298,-3.3848040103912354
15088,0.02450980432331562,-2.9240195751190186
15089,0.022549020126461983,-2.4485294818878174
15090,0.01274509821087122,-2.0220587253570557
15091,0.018137255683541298,-1.558823585510254
15092,0.022549020126461983,-1.1102941036224365
15093,0.02598039247095585,-0.6078431606292725
15094,0.037254903465509415,-0.10539215803146362
15095,0.02598039247095585,0.3529411852359772
15096,0.03431372717022896,0.8406862616539001
15097,0.03284313902258873,1.3553920984268188
15098,0.02450980432331562,1.8602941036224365
15099,0.02401960827410221,2.3333332538604736
15100,0.026960784569382668,2.8921568393707275
15101,0.03186274692416191,3.3357841968536377
15102,0.026960784569382668,3.850490093231201
15103,0.03186274692416191,4.325980186462402
15104,0.029411764815449715,4.740196228027344
15105,0.03921568766236305,5.213235378265381
15106,0.023039216175675392,5.68137264251709
15107,0.029411764815449715,6.095588207244873
15108,0.020588235929608345,6.477941036224365
15109,0.029411764815449715,6.857842922210693
15110,0.01764705963432789,7.205882549285889
15111,0.01764705963432789,7.546568393707275
15112,0.022058824077248573,7.845588207244873
15113,0.018627451732754707,8.122549057006836
15114,0.01764705963432789,8.301470756530762
15115,0.01715686358511448,8.485294342041016
15116,0.007843137718737125,8.651960372924805
15117,0.01666666753590107,8.735294342041016
15118,0.018137255683541298,8.791666984558105
15119,0.009803921915590763,8.757352828979492
15120,0.0034313725773245096,8.708333015441895
15121,-0.00637254910543561,8.59313678741455
15122,-0.007352941203862429,8.44362735748291
15123,-0.006862745154649019,8.259803771972656
15124,-0.013235294260084629,7.982842922210693
15125,-0.019117647781968117,7.705882549285889
15126,-0.020098039880394936,7.350490093231201
15127,-0.013235294260084629,6.975490093231201
15128,-0.0235294122248888,6.526960849761963
15129,-0.03333333507180214,6.075980186462402
15130,-0.036764707416296005,5.575980186462402
15131,-0.03921568766236305,5.058823585510254
15132,-0.046078432351350784,4.468137264251709
15133,-0.026960784569382668,3.8946077823638916
15134,-0.05686274543404579,3.340686321258545
15135,-0.030882352963089943,2.7328431606292725
15136,-0.05882352963089943,2.100490093231201
15137,-0.04215686395764351,1.4852941036224365
15138,-0.05931372568011284,0.8553921580314636
15139,-0.05098039284348488,0.22058823704719543
15140,-0.04852941259741783,-0.3235294222831726
15141,-0.04803921654820442,-0.9313725233078003
15142,-0.04852941259741783,-1.5073529481887817
15143,-0.054901961237192154,-2.063725471496582
15144,-0.04215686395764351,-2.5710785388946533
15145,-0.046078432351350784,-3.0833332538604736
15146,-0.054901961237192154,-3.5539214611053467
15147,-0.04117647185921669,-3.9534313678741455
15148,-0.045588236302137375,-4.343137264251709
15149,-0.0416666679084301,-4.727941036224365
15150,-0.03529411926865578,-5.066176414489746
15151,-0.0416666679084301,-5.333333492279053
15152,-0.04019607976078987,-5.688725471496582
15153,-0.03284313902258873,-5.901960849761963
15154,-0.03382353112101555,-6.11274528503418
15155,-0.022058824077248573,-6.333333492279053
15156,-0.026960784569382668,-6.477941036224365
15157,-0.03186274692416191,-6.583333492279053
15158,-0.02401960827410221,-6.647058963775635
15159,-0.023039216175675392,-6.718137264251709
15160,-0.020588235929608345,-6.767157077789307
15161,-0.013725490309298038,-6.784313678741455
15162,-0.013235294260084629,-6.816176414489746
15163,-0.01274509821087122,-6.75
15164,-0.01225490216165781,-6.710784435272217
15165,-0.01617647148668766,-6.610294342041016
15166,-0.0049019609577953815,-6.509803771972656
15167,0.0,-6.401960849761963
15168,-0.0058823530562222,-6.25
15169,-0.00147058826405555,-6.122549057006836
15170,0.0,-5.941176414489746
15171,0.00147058826405555,-5.745098114013672
15172,-0.0034313725773245096,-5.529411792755127
15173,0.0,-5.257352828979492
15174,-0.0004901961074210703,-5.0
15175,0.013235294260084629,-4.666666507720947
15176,0.00637254910543561,-4.372549057006836
15177,0.013235294260084629,-4.004901885986328
15178,0.018137255683541298,-3.651960849761963
15179,0.01568627543747425,-3.225490093231201
15180,0.021078431978821754,-2.808823585510254
15181,0.01764705963432789,-2.3578431606292725
15182,0.022549020126461983,-1.8946079015731812
15183,0.030882352963089943,-1.4289215803146362
15184,0.02401960827410221,-0.9264705777168274
15185,0.045098040252923965,-0.3921568691730499
15186,0.03284313902258873,0.18382352590560913
15187,0.04117647185921669,0.6740196347236633
15188,0.008333333767950535,1.2549020051956177
15189,0.06421568989753723,1.845588207244873
15190,0.04068627581000328,2.3602941036224365
15191,0.03431372717022896,2.9558823108673096
15192,0.046078432351350784,3.5196077823638916
15193,0.04117647185921669,4.085784435272217
15194,0.04117647185921669,4.647058963775635
15195,0.04950980469584465,5.105391979217529
15196,0.035784315317869186,5.544117450714111
15197,0.04019607976078987,6.088235378265381
15198,0.04019607976078987,6.519608020782471
15199,0.03186274692416191,6.921568393707275
15200,0.0416666679084301,7.355391979217529
15201,0.01715686358511448,7.642157077789307
15202,0.01666666753590107,7.946078300476074
15203,0.03235294297337532,8.203431129455566
15204,0.014215686358511448,8.465685844421387
15205,0.018627451732754707,8.617647171020508
15206,0.021078431978821754,8.710783958435059
15207,0.014705882407724857,8.78186321258545
15208,0.010294117964804173,8.833333015441895
15209,0.003921568859368563,8.867647171020508
15210,0.0058823530562222,8.803921699523926
15211,0.006862745154649019,8.686274528503418
15212,0.0024509804788976908,8.56862735748291
15213,-0.00147058826405555,8.384803771972656
15214,-0.010784314014017582,8.176470756530762
15215,-0.011274510063230991,7.938725471496582
15216,-0.011274510063230991,7.725490093231201
15217,-0.006862745154649019,7.409313678741455
15218,-0.02450980432331562,7.129901885986328
15219,-0.01568627543747425,6.803921699523926
15220,-0.02598039247095585,6.453431606292725
15221,-0.03186274692416191,6.063725471496582
15222,-0.03529411926865578,5.669117450714111
15223,0.010784314014017582,5.360294342041016
15224,-0.04803921654820442,4.982842922210693
15225,-0.01225490216165781,4.529411792755127
15226,-0.04264706000685692,4.149509906768799
15227,-0.02598039247095585,3.7647058963775635
15228,-0.02401960827410221,3.401960849761963
15229,-0.022058824077248573,2.975490093231201
15230,-0.027941176667809486,2.5416667461395264
15231,-0.03480392321944237,2.1666667461395264
15232,-0.04264706000685692,1.7622549533843994
15233,-0.028431372717022896,1.3799020051956177
15234,-0.038235295563936234,0.9779411554336548
15235,-0.03382353112101555,0.6029411554336548
15236,-0.03333333507180214,0.23284313082695007
15237,-0.0313725508749485,-0.16911764442920685
15238,-0.04019607976078987,-0.6225489974021912
15239,-0.0416666679084301,-0.9852941036224365
15240,-0.03431372717022896,-1.3651961088180542
15241,-0.030392156913876534,-1.7720588445663452
15242,-0.04313725605607033,-2.1691176891326904
15243,-0.03284313902258873,-2.627450942993164
15244,-0.04362745210528374,-3.0220587253570557
15245,-0.04117647185921669,-3.3970587253570557
15246,-0.03970588371157646,-3.81862735748291
15247,-0.03529411926865578,-4.215686321258545
15248,-0.036274511367082596,-4.578431606292725
15249,-0.038235295563936234,-4.970588207244873
15250,-0.04313725605607033,-5.345588207244873
15251,-0.038235295563936234,-5.678921699523926
15252,-0.03872549161314964,-5.98774528503418
15253,-0.0470588244497776,-6.286764621734619
15254,-0.027450980618596077,-6.595588207244873
15255,-0.037254903465509415,-6.872549057006836
15256,-0.03284313902258873,-7.132352828979492
15257,-0.03431372717022896,-7.333333492279053
15258,-0.03431372717022896,-7.495098114013672
15259,-0.019117647781968117,-7.629901885986328
15260,-0.0313725508749485,-7.794117450714111
15261,-0.030392156913876534,-7.816176414489746
15262,-0.018627451732754707,-7.823529243469238
15263,-0.007352941203862429,-7.833333492279053
15264,-0.021568628028035164,-7.757352828979492
15265,-0.020098039880394936,-7.683823585510254
15266,-0.010294117964804173,-7.517157077789307
15267,-0.007843137718737125,-7.340686321258545
15268,0.00147058826405555,-7.139705657958984
15269,0.00637254910543561,-6.894608020782471
15270,0.0019607844296842813,-6.580882549285889
15271,0.0034313725773245096,-6.325980186462402
15272,0.009313725866377354,-5.924019813537598
15273,0.009313725866377354,-5.509803771972656
15274,0.0029411765281111,-5.156862735748291
15275,0.011274510063230991,-4.678921699523926
15276,0.018627451732754707,-4.240196228027344
15277,0.02500000037252903,-3.8284313678741455
15278,0.02500000037252903,-3.3210785388946533
15279,0.02450980432331562,-2.8235294818878174
15280,0.026470588520169258,-2.3602941036224365
15281,0.026960784569382668,-1.872549057006836
15282,0.020588235929608345,-1.438725471496582
15283,0.038235295563936234,-0.9313725233078003
15284,0.026960784569382668,-0.4264705777168274
15285,0.022058824077248573,0.0024509804788976908
15286,0.02401960827410221,0.41911765933036804
15287,0.029411764815449715,0.8774510025978088
15288,0.02450980432331562,1.2941176891326904
15289,0.026470588520169258,1.6985293626785278
15290,0.023039216175675392,2.0784313678741455
15291,0.030882352963089943,2.438725471496582
15292,0.019607843831181526,2.811274528503418
15293,0.028431372717022896,3.1446077823638916
15294,0.026960784569382668,3.5147058963775635
15295,0.03872549161314964,3.8308823108673096
15296,0.018137255683541298,4.134803771972656
15297,0.03480392321944237,4.438725471496582
15298,0.02500000037252903,4.730391979217529
15299,0.03529411926865578,4.977941036224365
15300,0.010294117964804173,5.245098114013672
15301,0.0313725508749485,5.553921699523926
15302,0.018137255683541298,5.823529243469238
15303,0.01274509821087122,6.049019813537598
15304,0.018627451732754707,6.286764621734619
15305,0.023039216175675392,6.539215564727783
15306,0.021568628028035164,6.779411792755127
15307,0.019607843831181526,6.997549057006836
15308,0.007352941203862429,7.220588207244873
15309,0.022058824077248573,7.446078300476074
15310,0.005392157007008791,7.622549057006836
15311,0.01568627543747425,7.81862735748291
15312,0.019117647781968117,7.997549057006836
15313,0.013235294260084629,8.115196228027344
15314,0.020588235929608345,8.264705657958984
15315,0.01617647148668766,8.44362735748291
15316,0.010294117964804173,8.482843399047852
15317,0.003921568859368563,8.522058486938477
15318,0.01225490216165781,8.578431129455566
15319,0.0049019609577953815,8.553921699523926
15320,0.009803921915590763,8.549019813537598
15321,0.0024509804788976908,8.536765098571777
15322,-0.004411764908581972,8.365196228027344
15323,-0.0034313725773245096,8.321078300476074
15324,0.0024509804788976908,8.08088207244873
15325,-0.019607843831181526,7.936274528503418
15326,-0.014705882407724857,7.683823585510254
15327,-0.00637254910543561,7.446078300476074
15328,-0.028921568766236305,7.13725471496582
15329,-0.028921568766236305,6.811274528503418
15330,-0.021568628028035164,6.43137264251709
15331,-0.028431372717022896,6.034313678741455
15332,-0.030392156913876534,5.656862735748291
15333,-0.029901960864663124,5.232842922210693
15334,-0.023039216175675392,4.781862735748291
15335,-0.036764707416296005,4.301470756530762
15336,-0.02598039247095585,3.867647171020508
15337,-0.03921568766236305,3.375
15338,-0.0313725508749485,2.8897058963775635
15339,-0.04117647185921669,2.372549057006836
15340,-0.0416666679084301,1.909313678741455
15341,-0.03872549161314964,1.409313678741455
15342,-0.036764707416296005,0.8872548937797546
15343,-0.046078432351350784,0.468137264251709
15344,-0.04019607976078987,0.029411764815449715
15345,-0.04950980469584465,-0.4215686321258545
15346,-0.04068627581000328,-0.8161764740943909
15347,-0.04019607976078987,-1.2647058963775635
15348,-0.03431372717022896,-1.6176470518112183
15349,-0.022549020126461983,-2.002450942993164
15350,-0.03186274692416191,-2.3627450466156006
15351,-0.03480392321944237,-2.659313678741455
15352,-0.061764705926179886,-3.0147058963775635
15353,-0.0024509804788976908,-3.254901885986328
15354,-0.05000000074505806,-3.588235378265381
15355,-0.01568627543747425,-3.7916667461395264
15356,-0.39656862616539,-4.080882549285889
15357,-1.926960825920105,-4.389705657958984
15358,0.8014705777168274,-4.490196228027344
15359,-1.2892156839370728,-4.772058963775635
15360,0.1828431338071823,-4.950980186462402
15361,-0.30882352590560913,-5.120098114013672
15362,-0.04901960864663124,-5.313725471496582
15363,-0.1411764770746231,-5.44362735748291
15364,-0.0235294122248888,-5.607842922210693
15365,-0.0034313725773245096,-5.767157077789307
15366,0.06568627804517746,-5.992647171020508
15367,-0.01274509821087122,-6.159313678741455
15368,0.03186274692416191,-6.296568393707275
15369,-0.027941176667809486,-6.470588207244873
15370,-0.007352941203862429,-6.654411792755127
15371,-0.01715686358511448,-6.811274528503418
15372,-0.01764705963432789,-6.892157077789307
15373,-0.010784314014017582,-7.034313678741455
15374,-0.020098039880394936,-7.183823585510254
15375,-0.007352941203862429,-7.215686321258545
15376,-0.005392157007008791,-7.316176414489746
15377,-0.0019607844296842813,-7.328431606292725
15378,-0.008823529817163944,-7.389705657958984
15379,-0.006862745154649019,-7.406862735748291
15380,-0.01274509821087122,-7.357842922210693
15381,0.0,-7.330882549285889
15382,-0.004411764908581972,-7.269608020782471
15383,0.0019607844296842813,-7.147058963775635
15384,-0.004411764908581972,-7.017157077789307
15385,0.04901960864663124,-6.845588207244873
15386,-0.021078431978821754,-6.666666507720947
15387,0.03431372717022896,-6.392157077789307
15388,0.011274510063230991,-6.127450942993164
15389,0.01617647148668766,-5.899509906768799
15390,0.01715686358511448,-5.563725471496582
15391,0.010784314014017582,-5.200980186462402
15392,0.04117647185921669,-4.852941036224365
15393,0.023039216175675392,-4.446078300476074
15394,0.019607843831181526,-4.034313678741455
15395,0.036764707416296005,-3.588235378265381
15396,0.02598039247095585,-3.151960849761963
15397,0.02401960827410221,-2.745098114013672
15398,0.04068627581000328,-2.274509906768799
15399,0.029901960864663124,-1.7573529481887817
15400,0.019117647781968117,-1.3308823108673096
15401,0.036274511367082596,-0.8872548937797546
15402,0.036274511367082596,-0.4852941036224365
15403,0.01715686358511448,-0.04411764815449715
15404,0.06862745434045792,0.40931373834609985
15405,0.0009803922148421407,0.8063725233078003
15406,0.04950980469584465,1.2254902124404907
15407,0.019117647781968117,1.5735293626785278
15408,0.01225490216165781,1.909313678741455
15409,0.018627451732754707,2.2941176891326904
15410,0.02598039247095585,2.6151959896087646
15411,0.03333333507180214,2.906862735748291
15412,0.029411764815449715,3.19362735748291
15413,0.01764705963432789,3.5
15414,0.0117647061124444,3.7058823108673096
15415,0.01666666753590107,4.007352828979492
15416,0.020588235929608345,4.220588207244873
15417,0.026960784569382668,4.460784435272217
15418,0.021078431978821754,4.696078300476074
15419,0.014215686358511448,4.906862735748291
15420,0.011274510063230991,5.083333492279053
15421,0.0117647061124444,5.303921699523926
15422,0.019607843831181526,5.453431606292725
15423,0.022549020126461983,5.68137264251709
15424,0.018627451732754707,5.884803771972656
15425,0.009313725866377354,6.105391979217529
15426,0.01225490216165781,6.267157077789307
15427,0.04264706000685692,6.514705657958984
15428,0.16519607603549957,6.715686321258545
15429,0.48137253522872925,6.995098114013672
15430,-0.27401959896087646,7.117647171020508
15431,0.43578431010246277,7.343137264251709
15432,-0.12843137979507446,7.492647171020508
15433,0.08088235557079315,7.725490093231201
15434,0.07254902273416519,7.928921699523926
15435,0.008823529817163944,8.129901885986328
15436,0.030392156913876534,8.321078300476074
15437,0.01274509821087122,8.397058486938477
15438,0.005392157007008791,8.51225471496582
15439,0.027450980618596077,8.68137264251709
15440,0.018137255683541298,8.76225471496582
15441,0.01225490216165781,8.855392456054688
15442,0.010294117964804173,8.884803771972656
15443,0.003921568859368563,8.88725471496582
15444,0.011274510063230991,8.865196228027344
15445,0.0004901961074210703,8.796568870544434
15446,-0.004411764908581972,8.732843399047852
15447,-0.01274509821087122,8.642156600952148
15448,0.0009803922148421407,8.48774528503418
15449,-0.014215686358511448,8.335783958435059
15450,0.0029411765281111,8.120098114013672
15451,-0.027941176667809486,7.857842922210693
15452,0.0024509804788976908,7.607842922210693
15453,-0.02598039247095585,7.335784435272217
15454,0.0019607844296842813,7.083333492279053
15455,-0.026960784569382668,6.715686321258545
15456,-0.021078431978821754,6.375
15457,-0.01764705963432789,6.063725471496582
15458,-0.029411764815449715,5.651960849761963
15459,-0.013725490309298038,5.279411792755127
15460,-0.027941176667809486,4.953431606292725
15461,-0.02500000037252903,4.561274528503418
15462,-0.021078431978821754,4.186274528503418
15463,-0.045098040252923965,3.8014705181121826
15464,-0.0235294122248888,3.441176414489746
15465,-0.026470588520169258,3.0857841968536377
15466,-0.02450980432331562,2.7303922176361084
15467,-0.05049019679427147,2.438725471496582
15468,-0.037745099514722824,2.0808823108673096
15469,-0.013235294260084629,1.8063725233078003
15470,-0.0313725508749485,1.5147058963775635
15471,-0.03970588371157646,1.2132352590560913
15472,-0.04068627581000328,0.9117646813392639
15473,-0.030392156913876534,0.6593137383460999
15474,-0.027450980618596077,0.4583333432674408
15475,-0.04019607976078987,0.23039215803146362
15476,-0.0235294122248888,-0.009803921915590763
15477,-0.03480392321944237,-0.2720588147640228
15478,-0.019117647781968117,-0.5220588445663452
15479,-0.030882352963089943,-0.6960784196853638
15480,-0.021078431978821754,-0.9607843160629272
15481,-0.018137255683541298,-1.1764706373214722
15482,-0.023039216175675392,-1.4142156839370728
15483,-0.026960784569382668,-1.6470588445663452
15484,-0.02500000037252903,-1.8651961088180542
15485,-0.03480392321944237,-2.161764621734619
15486,-0.01715686358511448,-2.3970587253570557
15487,-0.04019607976078987,-2.686274528503418
15488,-0.008823529817163944,-2.975490093231201
15489,-0.04068627581000328,-3.3259804248809814
15490,0.05588235333561897,-3.5784313678741455
15491,1.2529411315917969,-3.8014705181121826
15492,-1.0524510145187378,-4.26225471496582
15493,1.231372594833374,-4.534313678741455
15494,-0.7872549295425415,-4.870098114013672
15495,0.35049018263816833,-5.213235378265381
15496,-0.1352941244840622,-5.48774528503418
15497,0.026470588520169258,-5.781862735748291
15498,0.037745099514722824,-6.11274528503418
15499,-0.07107843458652496,-6.401960849761963
15500,-0.014705882407724857,-6.664215564727783
15501,0.029411764815449715,-6.899509906768799
15502,-0.07450980693101883,-7.161764621734619
15503,0.04264706000685692,-7.325980186462402
15504,-0.028431372717022896,-7.502450942993164
15505,-0.00147058826405555,-7.710784435272217
15506,-0.0049019609577953815,-7.838235378265381
15507,-0.0058823530562222,-7.894608020782471
15508,0.008823529817163944,-7.975490093231201
15509,-0.009803921915590763,-7.975490093231201
15510,-0.019607843831181526,-8.019607543945312
15511,0.052941177040338516,-7.93137264251709
15512,-0.08235294371843338,-7.924019813537598
15513,0.04901960864663124,-7.830882549285889
15514,-0.03480392321944237,-7.718137264251709
15515,0.014215686358511448,-7.615196228027344
15516,0.0049019609577953815,-7.477941036224365
15517,0.004411764908581972,-7.291666507720947
15518,0.01225490216165781,-7.110294342041016
15519,0.0058823530562222,-6.921568393707275
15520,0.0009803922148421407,-6.76225471496582
15521,0.008823529817163944,-6.531862735748291
15522,0.014705882407724857,-6.289215564727783
15523,0.01568627543747425,-6.095588207244873
15524,0.007843137718737125,-5.870098114013672
15525,0.0029411765281111,-5.735294342041016
15526,0.03333333507180214,-5.524509906768799
15527,0.007352941203862429,-5.321078300476074
15528,0.0117647061124444,-5.132352828979492
15529,0.020098039880394936,-5.009803771972656
15530,0.01274509821087122,-4.860294342041016
15531,0.008333333767950535,-4.723039150238037
15532,0.010784314014017582,-4.549019813537598
15533,0.0,-4.424019813537598
15534,0.01274509821087122,-4.313725471496582
15535,0.01274509821087122,-4.171568393707275
15536,-0.011274510063230991,-4.046568393707275
15537,0.01274509821087122,-3.9803922176361084
15538,0.004411764908581972,-3.8210785388946533
15539,0.013235294260084629,-3.6985294818878174
15540,0.003921568859368563,-3.524509906768799
15541,0.005392157007008791,-3.377450942993164
15542,0.01274509821087122,-3.1642158031463623
15543,0.01274509821087122,-3.004901885986328
15544,0.014705882407724857,-2.8308823108673096
15545,0.00147058826405555,-2.593137264251709
15546,0.06078431382775307,-2.4289214611053467
15547,-0.0029411765281111,-2.0808823108673096
15548,0.04215686395764351,-1.8480392694473267
15549,0.009803921915590763,-1.5147058963775635
15550,0.020098039880394936,-1.279411792755127
15551,0.03382353112101555,-0.8602941036224365
15552,-0.0009803922148421407,-0.5196078419685364
15553,0.0034313725773245096,-0.1568627506494522
15554,0.0235294122248888,0.23284313082695007
15555,0.005392157007008791,0.6495097875595093
15556,0.02598039247095585,1.0563725233078003
15557,0.027450980618596077,1.4436274766921997
15558,0.030882352963089943,1.872549057006836
15559,0.027450980618596077,2.284313678741455
15560,0.022058824077248573,2.649509906768799
15561,0.003921568859368563,3.06862735748291
15562,0.12843137979507446,3.3921568393707275
15563,0.3813725411891937,3.882352828979492
15564,-0.028431372717022896,4.166666507720947
15565,0.044607844203710556,4.473039150238037
15566,0.2754901945590973,4.752450942993164
15567,-0.15294118225574493,4.992647171020508
15568,0.17892156541347504,5.340686321258545
15569,-0.008823529817163944,5.563725471496582
15570,0.04019607976078987,5.720588207244873
15571,0.06862745434045792,5.928921699523926
15572,-0.035784315317869186,6.102941036224365
15573,0.052941177040338516,6.208333492279053
15574,0.0034313725773245096,6.335784435272217
15575,0.0117647061124444,6.448529243469238
15576,0.008823529817163944,6.485294342041016
15577,0.0,6.625
15578,0.008823529817163944,6.610294342041016
15579,0.007352941203862429,6.671568393707275
15580,-0.005392157007008791,6.75
15581,-0.0009803922148421407,6.703431606292725
15582,-0.008823529817163944,6.781862735748291
15583,0.005392157007008791,6.803921699523926
15584,-0.00637254910543561,6.86274528503418
15585,0.0058823530562222,6.901960849761963
15586,0.005392157007008791,6.911764621734619
15587,0.0004901961074210703,7.049019813537598
15588,-0.003921568859368563,7.063725471496582
15589,0.00637254910543561,7.151960849761963
15590,-0.0024509804788976908,7.264705657958984
15591,0.0029411765281111,7.424019813537598
15592,-0.00147058826405555,7.529411792755127
15593,-0.0004901961074210703,7.622549057006836
15594,0.013725490309298038,7.774509906768799
15595,-0.0009803922148421407,7.909313678741455
15596,0.010784314014017582,8.03186321258545
15597,0.007352941203862429,8.186274528503418
15598,0.008823529817163944,8.338234901428223
15599,0.00637254910543561,8.485294342041016
15600,0.007352941203862429,8.617647171020508
15601,0.003921568859368563,8.68137264251709
15602,0.005392157007008791,8.799019813537598
15603,0.007352941203862429,8.88725471496582
15604,0.007843137718737125,8.879901885986328
15605,0.007352941203862429,8.921568870544434
15606,-0.0004901961074210703,8.924019813537598
15607,-0.00147058826405555,8.909314155578613
15608,-0.0034313725773245096,8.81862735748291
15609,-0.007843137718737125,8.769607543945312
15610,-0.005392157007008791,8.647058486938477
15611,-0.009803921915590763,8.480392456054688
15612,-0.01666666753590107,8.321078300476074
15613,-0.006862745154649019,8.117647171020508
15614,-0.01764705963432789,7.948529243469238
15615,-0.021078431978821754,7.718137264251709
15616,-0.011274510063230991,7.448529243469238
15617,-0.021568628028035164,7.171568393707275
15618,-0.026470588520169258,6.860294342041016
15619,-0.01764705963432789,6.580882549285889
15620,-0.030882352963089943,6.311274528503418
15621,-0.015196078456938267,5.980391979217529
15622,-0.03284313902258873,5.718137264251709
15623,-0.0029411765281111,5.424019813537598
15624,-0.03970588371157646,5.088235378265381
15625,-0.015196078456938267,4.823529243469238
15626,-0.02450980432331562,4.566176414489746
15627,-0.011274510063230991,4.301470756530762
15628,-0.023039216175675392,4.098039150238037
15629,-0.022549020126461983,3.8946077823638916
15630,-0.02500000037252903,3.75
15631,-0.027941176667809486,3.56862735748291
15632,-0.030392156913876534,3.3921568393707275
15633,-0.014705882407724857,3.2941176891326904
15634,-0.026960784569382668,3.1127450466156006
15635,-0.014705882407724857,3.0196077823638916
15636,-0.00637254910543561,2.8921568393707275
15637,-0.0117647061124444,2.838235378265381
15638,-0.008823529817163944,2.7328431606292725
15639,-0.01225490216165781,2.659313678741455
15640,-0.013235294260084629,2.561274528503418
15641,-0.013235294260084629,2.4779412746429443
15642,-0.009803921915590763,2.3651959896087646
15643,-0.01274509821087122,2.274509906768799
15644,-0.014705882407724857,2.1372549533843994
15645,-0.021078431978821754,2.004901885986328
15646,-0.01568627543747425,1.8602941036224365
15647,-0.0029411765281111,1.6323529481887817
15648,-0.02549019642174244,1.4877450466156006
15649,-0.018137255683541298,1.2254902124404907
15650,-0.022058824077248573,0.9975489974021912
15651,-0.014215686358511448,0.781862735748291
15652,-0.02401960827410221,0.45588234066963196
15653,-0.018627451732754707,0.17401960492134094
15654,-0.027941176667809486,-0.13725490868091583
15655,-0.023039216175675392,-0.4632352888584137
15656,-0.02598039247095585,-0.8480392098426819
15657,-0.02598039247095585,-1.2058823108673096
15658,-0.028921568766236305,-1.5465686321258545
15659,-0.027941176667809486,-1.9142156839370728
15660,-0.0313725508749485,-2.3333332538604736
15661,-0.03382353112101555,-2.656862735748291
15662,-0.030392156913876534,-2.9485294818878174
15663,-0.036274511367082596,-3.340686321258545
15664,-0.03333333507180214,-3.649509906768799
15665,-0.0313725508749485,-3.93137264251709
15666,-0.03333333507180214,-4.25
15667,-0.022549020126461983,-4.470588207244873
15668,-0.02500000037252903,-4.708333492279053
15669,-0.03431372717022896,-4.919117450714111
15670,-0.03529411926865578,-5.051470756530762
15671,-0.07009804248809814,-5.245098114013672
15672,-0.022058824077248573,-5.360294342041016
15673,-0.037254903465509415,-5.480391979217529
15674,-0.027941176667809486,-5.544117450714111
15675,-0.003921568859368563,-5.583333492279053
15676,-0.04362745210528374,-5.600490093231201
15677,0.005392157007008791,-5.639705657958984
15678,-0.03529411926865578,-5.63725471496582
15679,0.0,-5.585784435272217
15680,-0.014215686358511448,-5.541666507720947
15681,-0.00147058826405555,-5.536764621734619
15682,-0.01568627543747425,-5.524509906768799
15683,-0.0117647061124444,-5.524509906768799
15684,-0.00637254910543561,-5.490196228027344
15685,-0.007352941203862429,-5.526960849761963
15686,-0.010294117964804173,-5.492647171020508
15687,-0.00147058826405555,-5.580882549285889
15688,-0.007352941203862429,-5.583333492279053
15689,-0.0029411765281111,-5.666666507720947
15690,-0.009803921915590763,-5.747549057006836
15691,-0.010294117964804173,-5.855391979217529
15692,-0.010294117964804173,-5.950980186462402
15693,-0.003921568859368563,-6.100490093231201
15694,-0.013235294260084629,-6.281862735748291
15695,-0.014215686358511448,-6.424019813537598
15696,-0.01764705963432789,-6.607842922210693
15697,-0.019117647781968117,-6.784313678741455
15698,-0.01617647148668766,-7.031862735748291
15699,-0.01617647148668766,-7.205882549285889
15700,-0.01617647148668766,-7.426470756530762
15701,-0.01764705963432789,-7.620098114013672
15702,-0.020098039880394936,-7.789215564727783
15703,-0.014215686358511448,-7.948529243469238
15704,-0.01715686358511448,-8.117647171020508
15705,-0.02450980432331562,-8.245098114013672
15706,-0.052941177040338516,-8.34313678741455
15707,-0.00637254910543561,-8.424019813537598
15708,-0.03382353112101555,-8.502450942993164
15709,-0.021568628028035164,-8.53186321258545
15710,-0.01274509821087122,-8.529411315917969
15711,-0.01617647148668766,-8.46813678741455
15712,0.00147058826405555,-8.379901885986328
15713,-0.011274510063230991,-8.321078300476074
15714,-0.0009803922148421407,-8.18137264251709
15715,0.0004901961074210703,-8.034314155578613
15716,-0.004411764908581972,-7.872549057006836
15717,0.0029411765281111,-7.659313678741455
15718,-0.006862745154649019,-7.460784435272217
15719,0.010784314014017582,-7.245098114013672
15720,0.007352941203862429,-7.017157077789307
15721,0.0,-6.754901885986328
15722,0.01225490216165781,-6.551470756530762
15723,0.0029411765281111,-6.276960849761963
15724,0.004411764908581972,-6.078431606292725
15725,0.015196078456938267,-5.892157077789307
15726,0.00637254910543561,-5.713235378265381
15727,0.011274510063230991,-5.504901885986328
15728,0.010784314014017582,-5.335784435272217
15729,0.007352941203862429,-5.205882549285889
15730,0.009313725866377354,-5.107842922210693
15731,0.004411764908581972,-5.044117450714111
15732,0.0009803922148421407,-4.921568393707275
15733,0.01666666753590107,-4.916666507720947
15734,-0.0004901961074210703,-4.884803771972656
15735,-0.0029411765281111,-4.867647171020508
15736,-0.0117647061124444,-4.892157077789307
15737,-0.0029411765281111,-4.909313678741455
15738,-0.011274510063230991,-4.960784435272217
15739,-0.0058823530562222,-5.058823585510254
15740,-0.013235294260084629,-5.102941036224365
15741,-0.015196078456938267,-5.164215564727783
15742,-0.014215686358511448,-5.203431606292725
15743,-0.010294117964804173,-5.232842922210693
15744,-0.02401960827410221,-5.259803771972656
15745,-0.01617647148668766,-5.289215564727783
15746,-0.007352941203862429,-5.23774528503418
15747,-0.010294117964804173,-5.264705657958984
15748,-0.0004901961074210703,-5.183823585510254
15749,-0.0058823530562222,-5.107842922210693
15750,-0.0058823530562222,-4.973039150238037
15751,-0.010784314014017582,-4.879901885986328
15752,0.0034313725773245096,-4.664215564727783
15753,0.0058823530562222,-4.477941036224365
15754,-0.00637254910543561,-4.254901885986328
15755,-0.00147058826405555,-3.992647171020508
15756,-0.0029411765281111,-3.723039150238037
15757,0.010784314014017582,-3.4166667461395264
15758,0.010784314014017582,-3.117647171020508
15759,0.01764705963432789,-2.8039214611053467
15760,0.013235294260084629,-2.4215686321258545
15761,0.018137255683541298,-2.1053922176361084
15762,0.014215686358511448,-1.7352941036224365
15763,0.011274510063230991,-1.409313678741455
15764,0.01666666753590107,-1.0808823108673096
15765,0.013725490309298038,-0.7916666865348816
15766,0.01568627543747425,-0.468137264251709
15767,0.014705882407724857,-0.23284313082695007
15768,0.013235294260084629,0.02450980432331562
15769,0.022058824077248573,0.2720588147640228
15770,0.021568628028035164,0.4387255012989044
15771,0.019117647781968117,0.6348039507865906
15772,-0.0019607844296842813,0.7647058963775635
15773,0.004411764908581972,0.8627451062202454
15774,0.0009803922148421407,0.9093137383460999
15775,0.0009803922148421407,0.9191176295280457
15776,-0.0058823530562222,1.0073529481887817
15777,-0.0019607844296842813,1.002450942993164
15778,0.0,0.9632353186607361
15779,-0.011274510063230991,0.9166666865348816
15780,-0.005392157007008791,0.8823529481887817
15781,-0.005392157007008791,0.8186274766921997
15782,-0.01617647148668766,0.7524510025978088
15783,0.004411764908581972,0.7132353186607361
15784,-0.026960784569382668,0.6593137383460999
15785,0.0004901961074210703,0.6323529481887817
15786,-0.0117647061124444,0.6029411554336548
15787,-0.0024509804788976908,0.6225489974021912
15788,-0.004411764908581972,0.6421568393707275
15789,-0.0049019609577953815,0.6911764740943909
15790,-0.0049019609577953815,0.7843137383460999
15791,-0.008333333767950535,0.8897058963775635
15792,0.0009803922148421407,1.0686274766921997
15793,0.006862745154649019,1.2867647409439087
15794,-0.0009803922148421407,1.5049020051956177
15795,0.007843137718737125,1.691176414489746
15796,0.014705882407724857,1.9730392694473267
15797,0.019117647781968117,2.2279412746429443
15798,0.01715686358511448,2.5392158031463623
15799,0.01225490216165781,2.8529412746429443
15800,0.01666666753590107,3.225490093231201
15801,0.02401960827410221,3.5808823108673096
15802,0.03382353112101555,3.899509906768799
15803,0.019607843831181526,4.198529243469238
15804,0.019607843831181526,4.529411792755127
15805,0.01764705963432789,4.850490093231201
15806,0.021078431978821754,5.159313678741455
15807,0.013725490309298038,5.44362735748291
15808,0.018137255683541298,5.642157077789307
15809,0.018627451732754707,5.845588207244873
15810,0.013235294260084629,6.039215564727783
15811,0.014705882407724857,6.144608020782471
15812,0.0,6.299019813537598
15813,0.020588235929608345,6.296568393707275
15814,0.0049019609577953815,6.352941036224365
15815,0.004411764908581972,6.348039150238037
15816,0.0,6.303921699523926
15817,0.00147058826405555,6.25
15818,0.0024509804788976908,6.134803771972656
15819,0.0,6.078431606292725
15820,-0.00147058826405555,5.93137264251709
15821,-0.004411764908581972,5.786764621734619
15822,-0.009313725866377354,5.627450942993164
15823,0.00147058826405555,5.465686321258545
15824,-0.0117647061124444,5.316176414489746
15825,-0.005392157007008791,5.218137264251709
15826,-0.009313725866377354,5.080882549285889
15827,-0.01715686358511448,5.024509906768799
15828,-0.010294117964804173,4.904411792755127
15829,-0.006862745154649019,4.924019813537598
15830,0.035784315317869186,4.848039150238037
15831,0.007843137718737125,4.877450942993164
15832,0.0117647061124444,4.894608020782471
15833,0.00147058826405555,5.06862735748291
15834,0.00637254910543561,5.19362735748291
15835,0.008823529817163944,5.321078300476074
15836,0.005392157007008791,5.504901885986328
15837,0.029411764815449715,5.710784435272217
15838,0.02500000037252903,5.977941036224365
15839,-0.005392157007008791,6.276960849761963
15840,0.019607843831181526,6.551470756530762
15841,0.019607843831181526,6.830882549285889
15842,-0.004411764908581972,7.142157077789307
15843,0.03333333507180214,7.414215564727783
15844,0.01568627543747425,7.73774528503418
15845,0.018627451732754707,7.98774528503418
15846,0.02401960827410221,8.267156600952148
15847,-0.968137264251709,8.43137264251709
15848,0.9470587968826294,8.759803771972656
15849,-0.18431372940540314,8.96813678741455
15850,0.07254902273416519,8.950980186462402
15851,0.2343137264251709,9.208333015441895
15852,-0.0029411765281111,9.16911792755127
15853,0.03970588371157646,9.188725471496582
15854,0.045098040252923965,9.188725471496582
15855,-0.05147058889269829,9.117647171020508
15856,0.06960784643888474,9.009803771972656
15857,-0.05588235333561897,8.889705657958984
15858,-0.08039215952157974,8.703431129455566
15859,-0.09117647260427475,8.482843399047852
15860,-0.0882352963089943,8.291666984558105
15861,-0.015196078456938267,8.03186321258545
15862,-0.05049019679427147,7.799019813537598
15863,-0.05049019679427147,7.575980186462402
15864,0.035784315317869186,7.31862735748291
15865,-0.03970588371157646,7.071078300476074
15866,0.0034313725773245096,6.789215564727783
15867,-0.03333333507180214,6.61274528503418
15868,-0.01568627543747425,6.455882549285889
15869,-0.010294117964804173,6.286764621734619
15870,-0.010294117964804173,6.183823585510254
15871,-0.011274510063230991,6.044117450714111
15872,0.00147058826405555,6.022058963775635
15873,-0.009803921915590763,6.022058963775635
15874,0.003921568859368563,6.090686321258545
15875,-0.003921568859368563,6.129901885986328
15876,0.0,6.264705657958984
15877,0.003921568859368563,6.433823585510254
15878,0.004411764908581972,6.605391979217529
15879,0.01225490216165781,6.848039150238037
15880,-0.0034313725773245096,7.117647171020508
15881,0.01568627543747425,7.345588207244873
15882,0.01764705963432789,7.647058963775635
15883,0.014215686358511448,7.916666507720947
15884,0.026470588520169258,8.183823585510254
15885,0.020098039880394936,8.490196228027344
15886,0.0235294122248888,8.740196228027344
15887,0.02598039247095585,8.973039627075195
15888,0.014705882407724857,9.144607543945312
15889,0.021078431978821754,9.33088207244873
15890,0.010784314014017582,9.492647171020508
15891,0.03921568766236305,9.563725471496582
15892,-0.007843137718737125,9.617647171020508
15893,0.035784315317869186,9.634803771972656
15894,-0.009313725866377354,9.595588684082031
15895,0.009803921915590763,9.507352828979492
15896,-0.0024509804788976908,9.382352828979492
15897,-0.005392157007008791,9.171568870544434
15898,-0.0019607844296842813,8.977941513061523
15899,-0.014705882407724857,8.742647171020508
15900,-0.014705882407724857,8.453431129455566
15901,-0.008823529817163944,8.15686321258545
15902,-0.010784314014017582,7.825980186462402
15903,-0.027941176667809486,7.492647171020508
15904,-0.03186274692416191,7.115196228027344
15905,-0.02549019642174244,6.789215564727783
15906,-0.022058824077248573,6.458333492279053
15907,-0.028431372717022896,6.156862735748291
15908,-0.020098039880394936,5.850490093231201
15909,-0.019117647781968117,5.620098114013672
15910,-0.07107843458652496,5.448529243469238
15911,-0.5333333611488342,5.186274528503418
15912,-0.011274510063230991,5.154411792755127
15913,-0.0573529414832592,5.075980186462402
15914,-0.1823529452085495,5.007352828979492
15915,0.09019608050584793,5.098039150238037
15916,-0.13333334028720856,5.093137264251709
15917,-0.03529411926865578,5.203431606292725
15918,0.04117647185921669,5.355391979217529
15919,-0.06470588594675064,5.56862735748291
15920,0.013725490309298038,5.808823585510254
15921,-0.022549020126461983,6.098039150238037
15922,0.013235294260084629,6.372549057006836
15923,0.010294117964804173,6.607842922210693
15924,0.0058823530562222,7.0
15925,0.01666666753590107,7.286764621734619
15926,0.022058824077248573,7.583333492279053
15927,0.022549020126461983,7.857842922210693
15928,0.01715686358511448,8.09313678741455
15929,0.020098039880394936,8.321078300476074
15930,0.015196078456938267,8.52450942993164
15931,0.01715686358511448,8.676470756530762
15932,0.021078431978821754,8.77450942993164
15933,0.008823529817163944,8.813725471496582
15934,0.0029411765281111,8.799019813537598
15935,0.01274509821087122,8.772058486938477
15936,0.028431372717022896,8.627450942993164
15937,0.011274510063230991,8.446078300476074
15938,-0.023039216175675392,8.21813678741455
15939,0.0049019609577953815,7.982842922210693
15940,-0.018137255683541298,7.674019813537598
15941,-0.009803921915590763,7.294117450714111
15942,-0.014705882407724857,6.916666507720947
15943,-0.02401960827410221,6.551470756530762
15944,-0.0313725508749485,6.142157077789307
15945,-0.028431372717022896,5.708333492279053
15946,-0.0313725508749485,5.345588207244873
15947,-0.027941176667809486,4.914215564727783
15948,-0.03872549161314964,4.534313678741455
15949,-0.027941176667809486,4.208333492279053
15950,-0.037254903465509415,3.877450942993164
15951,-0.027450980618596077,3.649509906768799
15952,-0.028921568766236305,3.4142158031463623
15953,-0.027450980618596077,3.254901885986328
15954,-0.022058824077248573,3.156862735748291
15955,-0.014705882407724857,3.0416667461395264
15956,-0.01617647148668766,3.095588207244873
15957,-0.007843137718737125,3.1764705181121826
15958,-0.0024509804788976908,3.338235378265381
15959,-0.0004901961074210703,3.504901885986328
15960,0.0049019609577953815,3.7622549533843994
15961,0.007843137718737125,4.039215564727783
15962,0.01617647148668766,4.325980186462402
15963,0.019117647781968117,4.634803771972656
15964,0.026470588520169258,5.019608020782471
15965,0.0235294122248888,5.416666507720947
15966,0.023039216175675392,5.759803771972656
15967,0.022549020126461983,6.144608020782471
15968,0.02598039247095585,6.48774528503418
15969,0.028431372717022896,6.816176414489746
15970,-0.004411764908581972,7.083333492279053
15971,0.05784313753247261,7.294117450714111
15972,0.0416666679084301,7.468137264251709
15973,0.04313725605607033,7.651960849761963
15974,0.035784315317869186,7.710784435272217
15975,0.023039216175675392,7.713235378265381
15976,0.03235294297337532,7.688725471496582
15977,-0.014215686358511448,7.541666507720947
15978,0.022058824077248573,7.316176414489746
15979,-0.018137255683541298,7.142157077789307
15980,-0.0058823530562222,6.830882549285889
15981,0.11666666716337204,6.473039150238037
15982,-0.9112744927406311,6.014705657958984
15983,0.020588235929608345,5.602941036224365
15984,-0.23088234663009644,5.200980186462402
15985,-0.5691176652908325,4.627450942993164
15986,0.22647058963775635,4.26225471496582
15987,-0.34705883264541626,3.683823585510254
15988,0.1039215698838234,3.281862735748291
15989,-0.1406862735748291,2.811274528503418
15990,-0.036274511367082596,2.3897058963775635
15991,-0.00147058826405555,2.034313678741455
15992,-0.10735294222831726,1.7328431606292725
15993,-0.01568627543747425,1.409313678741455
15994,-0.04901960864663124,1.2254902124404907
15995,-0.0779411792755127,1.090686321258545
15996,-0.006862745154649019,1.061274528503418
15997,-0.06568627804517746,1.058823585510254
15998,-0.004411764908581972,1.1372549533843994
15999,-0.02549019642174244,1.2720588445663452
16000,-0.00637254910543561,1.497549057006836
16001,0.0,1.7598038911819458
16002,0.0,2.1029412746429443
16003,0.01225490216165781,2.4803922176361084
16004,0.01225490216165781,2.8872549533843994
16005,0.02598039247095585,3.3259804248809814
16006,0.029901960864663124,3.776960849761963
16007,0.02598039247095585,4.272058963775635
16008,0.03333333507180214,4.754901885986328
16009,0.02500000037252903,5.164215564727783
16010,0.02549019642174244,5.590686321258545
16011,0.03921568766236305,5.958333492279053
16012,0.03333333507180214,6.274509906768799
16013,0.028431372717022896,6.561274528503418
16014,0.026470588520169258,6.764705657958984
16015,0.027450980618596077,6.872549057006836
16016,0.013725490309298038,6.948529243469238
16017,0.013235294260084629,6.933823585510254
16018,0.007843137718737125,6.835784435272217
16019,-0.004411764908581972,6.674019813537598
16020,-0.004411764908581972,6.446078300476074
16021,-0.014215686358511448,6.120098114013672
16022,-0.009803921915590763,5.713235378265381
16023,-0.022549020126461983,5.289215564727783
16024,0.027941176667809486,4.747549057006836
16025,-0.04117647185921669,4.289215564727783
16026,-0.0313725508749485,3.723039150238037
16027,-0.028431372717022896,3.1372549533843994
16028,-0.05049019679427147,2.561274528503418
16029,-0.03284313902258873,1.9852941036224365
16030,-0.04362745210528374,1.4828431606292725
16031,-0.04068627581000328,0.9436274766921997
16032,-0.03480392321944237,0.4534313678741455
16033,-0.04362745210528374,0.0833333358168602
16034,-0.04411764815449715,-0.3014705777168274
16035,-0.01715686358511448,-0.531862735748291
16036,-0.03480392321944237,-0.7524510025978088
16037,-0.028431372717022896,-0.8799019455909729
16038,-0.01764705963432789,-0.9093137383460999
16039,-0.010294117964804173,-0.7941176295280457
16040,-0.01225490216165781,-0.6764705777168274
16041,-0.013235294260084629,-0.4583333432674408
16042,-0.008823529817163944,-0.13725490868091583
16043,0.010784314014017582,0.22303920984268188
16044,0.02598039247095585,0.6911764740943909
16045,0.01568627543747425,1.1936274766921997
16046,0.07009804248809814,1.715686321258545
16047,0.06372549384832382,2.2647058963775635
16048,0.006862745154649019,2.850490093231201
16049,0.03970588371157646,3.4877450466156006
16050,0.029411764815449715,4.036764621734619
16051,0.026470588520169258,4.593137264251709
16052,0.045588236302137375,5.098039150238037
16053,0.026960784569382668,5.517157077789307
16054,-0.0004901961074210703,5.926470756530762
16055,-0.3916666805744171,6.227941036224365
16056,0.0779411792755127,6.492647171020508
16057,-0.09460784494876862,6.627450942993164
16058,-0.15490196645259857,6.715686321258545
16059,0.12156862765550613,6.730391979217529
16060,-0.22205881774425507,6.566176414489746
16061,0.04068627581000328,6.348039150238037
16062,-0.037254903465509415,6.004901885986328
16063,-0.06911765038967133,5.622549057006836
16064,0.013235294260084629,5.178921699523926
16065,-0.08725490421056747,4.632352828979492
16066,-0.023039216175675392,3.975490093231201
16067,-0.054411765187978745,3.3897058963775635
16068,-0.0519607849419117,2.723039150238037
16069,-0.053921569138765335,2.0122549533843994
16070,-0.07107843458652496,1.3578431606292725
16071,-0.05686274543404579,0.720588207244873
16072,-0.062254901975393295,0.046568628400564194
16073,-0.06862745434045792,-0.563725471496582
16074,-0.054901961237192154,-1.1299020051956177
16075,-0.06323529779911041,-1.5563725233078003
16076,-0.05147058889269829,-1.9950979948043823
16077,-0.04803921654820442,-2.3014705181121826
16078,-0.037745099514722824,-2.5122549533843994
16079,-0.03333333507180214,-2.593137264251709
16080,-0.030882352963089943,-2.6102941036224365
16081,-0.02598039247095585,-2.5392158031463623
16082,-0.022058824077248573,-2.3259804248809814
16083,-0.014705882407724857,-2.0
16084,0.0,-1.5980392694473267
16085,0.008333333767950535,-1.1078431606292725
16086,0.01225490216165781,-0.5416666865348816
16087,0.02401960827410221,0.03921568766236305
16088,0.028431372717022896,0.7303921580314636
16089,0.02549019642174244,1.4607843160629272
16090,0.03480392321944237,2.151960849761963
16091,0.036764707416296005,2.8651959896087646
16092,0.037745099514722824,3.6127450466156006
16093,0.04068627581000328,4.284313678741455
16094,0.03872549161314964,4.867647171020508
16095,0.04901960864663124,5.502450942993164
16096,0.04117647185921669,5.950980186462402
16097,0.027941176667809486,6.367647171020508
16098,0.04019607976078987,6.713235378265381
16099,0.028921568766236305,6.88725471496582
16100,0.019607843831181526,6.980391979217529
16101,0.01666666753590107,6.970588207244873
16102,0.009803921915590763,6.870098114013672
16103,-0.0034313725773245096,6.598039150238037
16104,-0.008823529817163944,6.240196228027344
16105,-0.011274510063230991,5.799019813537598
16106,-0.022058824077248573,5.210784435272217
16107,-0.014215686358511448,4.620098114013672
16108,-0.06323529779911041,3.850490093231201
16109,-0.037745099514722824,3.098039150238037
16110,-0.05980392172932625,2.3308823108673096
16111,-0.04754902049899101,1.4803920984268188
16112,-0.053921569138765335,0.6666666865348816
16113,-0.06372549384832382,-0.125
16114,-0.06960784643888474,-0.9215686321258545
16115,-0.05980392172932625,-1.6642156839370728
16116,-0.06372549384832382,-2.2965686321258545
16117,-0.06470588594675064,-2.8946077823638916
16118,-0.05882352963089943,-3.404411792755127
16119,-0.05245098099112511,-3.8333332538604736
16120,-0.04901960864663124,-4.039215564727783
16121,-0.038235295563936234,-4.198529243469238
16122,-0.035784315317869186,-4.274509906768799
16123,-0.02549019642174244,-4.156862735748291
16124,-0.02401960827410221,-3.9289214611053467
16125,-0.010294117964804173,-3.561274528503418
16126,-0.003921568859368563,-3.098039150238037
16127,0.013725490309298038,-2.534313678741455
16128,0.014705882407724857,-1.8799020051956177
16129,0.019117647781968117,-1.127450942993164
16130,0.03480392321944237,-0.375
16131,0.03970588371157646,0.5343137383460999
16132,0.04117647185921669,1.3651961088180542
16133,0.04852941259741783,2.284313678741455
16134,0.05686274543404579,3.149509906768799
16135,0.05931372568011284,4.009803771972656
16136,0.06421568989753723,4.764705657958984
16137,0.05147058889269829,5.509803771972656
16138,0.04754902049899101,6.176470756530762
16139,0.044607844203710556,6.718137264251709
16140,0.04411764815449715,7.132352828979492
16141,0.038235295563936234,7.419117450714111
16142,0.037254903465509415,7.607842922210693
16143,0.018137255683541298,7.703431606292725
16144,0.018137255683541298,7.622549057006836
16145,0.008823529817163944,7.365196228027344
16146,0.0024509804788976908,6.985294342041016
16147,-0.003921568859368563,6.536764621734619
16148,-0.02450980432331562,5.928921699523926
16149,-0.028921568766236305,5.200980186462402
16150,-0.04264706000685692,4.419117450714111
16151,-0.054901961237192154,3.526960849761963
16152,-0.05637254938483238,2.600490093231201
16153,-0.05637254938483238,1.7058823108673096
16154,-0.03186274692416191,0.6323529481887817
16155,-0.10147058963775635,-0.29411765933036804
16156,-0.062745101749897,-1.279411792755127
16157,-0.06715686619281769,-2.1764705181121826
16158,-0.07058823853731155,-2.9901959896087646
16159,-0.05980392172932625,-3.7352941036224365
16160,-0.07401961088180542,-4.394608020782471
16161,-0.06421568989753723,-4.982842922210693
16162,-0.05539215728640556,-5.335784435272217
16163,-0.05588235333561897,-5.573529243469238
16164,-0.04852941259741783,-5.796568393707275
16165,-0.03480392321944237,-5.759803771972656
16166,-0.02598039247095585,-5.585784435272217
16167,-0.01715686358511448,-5.252450942993164
16168,-0.0117647061124444,-4.808823585510254
16169,0.003921568859368563,-4.252450942993164
16170,0.01568627543747425,-3.5098040103912354
16171,0.028431372717022896,-2.691176414489746
16172,0.02500000037252903,-1.8186274766921997
16173,0.03529411926865578,-0.8480392098426819
16174,0.05245098099112511,0.2083333283662796
16175,0.061274509876966476,1.156862735748291
16176,0.062745101749897,2.257352828979492
16177,0.07205882668495178,3.2916667461395264
16178,0.0779411792755127,4.286764621734619
16179,0.0681372582912445,5.232842922210693
16180,0.06666667014360428,6.058823585510254
16181,0.06715686619281769,6.808823585510254
16182,0.062254901975393295,7.458333492279053
16183,0.06078431382775307,7.941176414489746
16184,0.045588236302137375,8.301470756530762
16185,0.03921568766236305,8.509803771972656
16186,0.027450980618596077,8.575980186462402
16187,0.0235294122248888,8.517156600952148
16188,0.0049019609577953815,8.22549057006836
16189,-0.037745099514722824,7.757352828979492
16190,0.011274510063230991,7.259803771972656
16191,-0.05245098099112511,6.509803771972656
16192,-0.0313725508749485,5.691176414489746
16193,-0.036274511367082596,4.789215564727783
16194,-0.05637254938483238,3.7696077823638916
16195,-0.053921569138765335,2.6446077823638916
16196,-0.08186274766921997,1.6078431606292725
16197,-0.07990196347236633,0.468137264251709
16198,-0.08480392396450043,-0.6960784196853638
16199,-0.08970588445663452,-1.7745097875595093
16200,-0.0779411792755127,-2.779411792755127
16201,-0.08578431606292725,-3.808823585510254
16202,-0.08382353186607361,-4.649509906768799
16203,-0.07500000298023224,-5.463235378265381
16204,-0.0676470622420311,-6.142157077789307
16205,-0.0676470622420311,-6.593137264251709
16206,-0.05882352963089943,-6.926470756530762
16207,-0.0573529414832592,-7.083333492279053
16208,-0.04754902049899101,-7.129901885986328
16209,-0.036764707416296005,-6.997549057006836
16210,-0.0117647061124444,-6.654411792755127
16211,-0.020098039880394936,-6.161764621734619
16212,0.018627451732754707,-5.526960849761963
16213,0.007352941203862429,-4.759803771972656
16214,0.03186274692416191,-3.8627450466156006
16215,0.03382353112101555,-2.8529412746429443
16216,0.04754902049899101,-1.7254902124404907
16217,0.05000000074505806,-0.6372548937797546
16218,0.062254901975393295,0.529411792755127
16219,0.06617647409439087,1.7401961088180542
16220,0.07107843458652496,2.8946077823638916
16221,0.07647059112787247,4.061274528503418
16222,0.08186274766921997,5.144608020782471
16223,0.0779411792755127,6.159313678741455
16224,0.0730392187833786,7.061274528503418
16225,0.07352941483259201,7.843137264251709
16226,0.06862745434045792,8.482843399047852
16227,0.061764705926179886,8.985294342041016
16228,0.053921569138765335,9.29411792755127
16229,0.03431372717022896,9.458333015441895
16230,0.026960784569382668,9.41911792755127
16231,0.01617647148668766,9.257352828979492
16232,0.00637254910543561,8.867647171020508
16233,-0.006862745154649019,8.286765098571777
16234,-0.01764705963432789,7.654411792755127
16235,-0.03235294297337532,6.772058963775635
16236,-0.04068627581000328,5.816176414489746
16237,-0.05686274543404579,4.779411792755127
16238,-0.07058823853731155,3.629901885986328
16239,-0.06862745434045792,2.4534313678741455
16240,-0.08137255162000656,1.1764706373214722
16241,-0.08284313976764679,-0.09803921729326248
16242,-0.08970588445663452,-1.3235293626785278
16243,-0.0990196093916893,-2.5220587253570557
16244,-0.10294117778539658,-3.6715686321258545
16245,-0.1044117659330368,-4.68137264251709
16246,-0.10049019753932953,-5.671568393707275
16247,-0.0941176488995552,-6.414215564727783
16248,-0.08676470816135406,-7.107842922210693
16249,-0.07990196347236633,-7.61274528503418
16250,-0.0676470622420311,-7.968137264251709
16251,-0.062254901975393295,-8.134803771972656
16252,-0.053431373089551926,-8.107843399047852
16253,-0.037745099514722824,-7.892157077789307
16254,-0.0235294122248888,-7.578431606292725
16255,-0.013235294260084629,-6.980391979217529
16256,-0.003921568859368563,-6.303921699523926
16257,0.007843137718737125,-5.492647171020508
16258,0.007352941203862429,-4.458333492279053
16259,0.013725490309298038,-3.4264705181121826
16260,0.0058823530562222,-2.2058823108673096
16261,0.01666666753590107,-1.0171568393707275
16262,0.026470588520169258,0.2696078419685364
16263,0.03431372717022896,1.566176414489746
16264,0.045098040252923965,2.7916667461395264
16265,0.037254903465509415,4.051470756530762
16266,0.05588235333561897,5.225490093231201
16267,0.05098039284348488,6.279411792755127
16268,0.04950980469584465,7.267157077789307
16269,0.045588236302137375,8.13725471496582
16270,0.036274511367082596,8.799019813537598
16271,0.03235294297337532,9.340685844421387
16272,0.020588235929608345,9.710783958435059
16273,0.0009803922148421407,9.941176414489746
16274,-0.0034313725773245096,9.926470756530762
16275,-0.0058823530562222,9.769607543945312
16276,-0.022549020126461983,9.460783958435059
16277,-0.046568628400564194,8.921568870544434
16278,-0.05245098099112511,8.276960372924805
16279,-0.061764705926179886,7.392157077789307
16280,-0.07598039507865906,6.465686321258545
16281,-0.0887254923582077,5.419117450714111
16282,-0.10147058963775635,4.279411792755127
16283,-0.09705882519483566,3.024509906768799
16284,-0.11127451062202454,1.7622549533843994
16285,-0.12450980395078659,0.4583333432674408
16286,-0.12450980395078659,-0.8088235259056091
16287,-0.12745098769664764,-2.061274528503418
16288,-0.12941177189350128,-3.247549057006836
16289,-0.125490203499794,-4.36274528503418
16290,-0.1196078434586525,-5.360294342041016
16291,-0.12843137979507446,-6.289215564727783
16292,-0.11176470667123795,-7.036764621734619
16293,-0.1044117659330368,-7.656862735748291
16294,-0.10588235408067703,-8.107843399047852
16295,-0.08676470816135406,-8.33088207244873
16296,-0.08725490421056747,-8.438725471496582
16297,-0.07009804248809814,-8.377450942993164
16298,-0.05833333358168602,-8.147058486938477
16299,-0.054411765187978745,-7.715686321258545
16300,-0.02401960827410221,-7.156862735748291
16301,-0.021078431978821754,-6.384803771972656
16302,-0.004411764908581972,-5.566176414489746
16303,-0.0004901961074210703,-4.573529243469238
16304,0.009313725866377354,-3.4852941036224365
16305,0.01715686358511448,-2.3357841968536377
16306,0.026960784569382668,-1.1299020051956177
16307,0.035784315317869186,0.1666666716337204
16308,0.04950980469584465,1.4117647409439087
16309,0.053921569138765335,2.6053922176361084
16310,0.04950980469584465,3.813725471496582
16311,0.05980392172932625,4.941176414489746
16312,0.046568628400564194,5.975490093231201
16313,0.05000000074505806,6.975490093231201
16314,0.04362745210528374,7.759803771972656
16315,0.021568628028035164,8.482843399047852
16316,0.029901960864663124,9.002450942993164
16317,0.00147058826405555,9.409314155578613
16318,0.021078431978821754,9.63725471496582
16319,0.0019607844296842813,9.683823585510254
16320,-0.008333333767950535,9.546568870544434
16321,-0.038235295563936234,9.279411315917969
16322,-0.07156863063573837,8.860294342041016
16323,-0.03333333507180214,8.247549057006836
16324,-0.08088235557079315,7.517157077789307
16325,-0.0681372582912445,6.723039150238037
16326,-0.07205882668495178,5.73774528503418
16327,-0.09264706075191498,4.696078300476074
16328,-0.09509804099798203,3.649509906768799
16329,-0.10882353037595749,2.438725471496582
16330,-0.11078431457281113,1.2573529481887817
16331,-0.125490203499794,0.07598039507865906
16332,-0.11764705926179886,-1.1053920984268188
16333,-0.12352941185235977,-2.25
16334,-0.12843137979507446,-3.3014705181121826
16335,-0.14362744987010956,-4.308823585510254
16336,-0.09019608050584793,-5.166666507720947
16337,-0.13921569287776947,-5.926470756530762
16338,-0.1039215698838234,-6.615196228027344
16339,-0.10049019753932953,-7.075980186462402
16340,-0.0730392187833786,-7.531862735748291
16341,1.6725490093231201,-7.573529243469238
16342,-0.1666666716337204,-7.754901885986328
16343,0.47598040103912354,-7.735294342041016
16344,0.30000001192092896,-7.414215564727783
16345,-0.03235294297337532,-7.18137264251709
16346,0.16764706373214722,-6.659313678741455
16347,0.06862745434045792,-6.0
16348,-0.0049019609577953815,-5.274509906768799
16349,0.09313725680112839,-4.470588207244873
16350,-0.0019607844296842813,-3.529411792755127
16351,0.09068627655506134,-2.504901885986328
16352,0.1348039209842682,-1.4754902124404907
16353,0.17009803652763367,-0.42401960492134094
16354,0.10343137383460999,0.6813725233078003
16355,0.14901961386203766,1.7328431606292725
16356,0.053431373089551926,2.7990195751190186
16357,0.12647059559822083,3.7892158031463623
16358,0.037254903465509415,4.757352828979492
16359,0.07401961088180542,5.561274528503418
16360,0.061764705926179886,6.325980186462402
16361,0.046568628400564194,7.014705657958984
16362,0.04754902049899101,7.585784435272217
16363,0.03186274692416191,7.990196228027344
16364,0.01764705963432789,8.296568870544434
16365,0.0019607844296842813,8.436274528503418
16366,-0.007352941203862429,8.492647171020508
16367,-0.007352941203862429,8.333333015441895
16368,-0.007843137718737125,8.164216041564941
16369,-0.023039216175675392,7.813725471496582
16370,-0.06862745434045792,7.345588207244873
16371,-0.015196078456938267,6.825980186462402
16372,-0.0730392187833786,6.085784435272217
16373,-0.05686274543404579,5.36274528503418
16374,-0.06372549384832382,4.531862735748291
16375,-0.07647059112787247,3.629901885986328
16376,-0.09803921729326248,2.7083332538604736
16377,-0.08921568840742111,1.781862735748291
16378,-0.0941176488995552,0.8284313678741455
16379,-0.10686274617910385,-0.15196079015731812
16380,-0.10588235408067703,-1.0833333730697632
16381,-0.10049019753932953,-1.9632352590560913
16382,-0.10686274617910385,-2.813725471496582
16383,-0.09607843309640884,-3.593137264251709
16384,-0.10343137383460999,-4.323529243469238
16385,-0.08578431606292725,-4.938725471496582
16386,-0.08725490421056747,-5.475490093231201
16387,-0.09019608050584793,-5.877450942993164
16388,-0.07696078717708588,-6.200980186462402
16389,-0.07401961088180542,-6.433823585510254
16390,-0.06911765038967133,-6.553921699523926
16391,-0.06617647409439087,-6.578431606292725
16392,-0.05245098099112511,-6.394608020782471
16393,-0.037254903465509415,-6.191176414489746
16394,-0.038235295563936234,-5.840686321258545
16395,-0.028921568766236305,-5.406862735748291
16396,-0.019607843831181526,-4.916666507720947
16397,-0.006862745154649019,-4.281862735748291
16398,0.0019607844296842813,-3.593137264251709
16399,-0.0009803922148421407,-2.8651959896087646
16400,0.006862745154649019,-2.058823585510254
16401,0.0117647061124444,-1.2696079015731812
16402,0.02500000037252903,-0.42892158031463623
16403,0.019607843831181526,0.43382352590560913
16404,0.028921568766236305,1.3210784196853638
16405,0.026960784569382668,2.127450942993164
16406,0.021568628028035164,2.965686321258545
16407,0.03284313902258873,3.7622549533843994
16408,0.029411764815449715,4.480391979217529
16409,0.022549020126461983,5.095588207244873
16410,0.019117647781968117,5.725490093231201
16411,0.01666666753590107,6.259803771972656
16412,0.013235294260084629,6.718137264251709
16413,0.018137255683541298,7.049019813537598
16414,0.0009803922148421407,7.338235378265381
16415,-0.0117647061124444,7.448529243469238
16416,-0.0019607844296842813,7.514705657958984
16417,-0.009313725866377354,7.475490093231201
16418,-0.018627451732754707,7.252450942993164
16419,-0.021078431978821754,7.026960849761963
16420,-0.04117647185921669,6.688725471496582
16421,-0.04803921654820442,6.264705657958984
16422,-0.015196078456938267,5.745098114013672
16423,0.03382353112101555,5.174019813537598
16424,0.44558823108673096,4.590686321258545
16425,-0.37156862020492554,3.8235294818878174
16426,0.34117648005485535,3.1029412746429443
16427,-0.21470588445663452,2.2303922176361084
16428,-0.027941176667809486,1.3995097875595093
16429,-0.027450980618596077,0.6225489974021912
16430,-0.10833333432674408,-0.23529411852359772
16431,-0.062745101749897,-1.0857843160629272
16432,-0.09313725680112839,-1.8921568393707275
16433,-0.1039215698838234,-2.6470587253570557
16434,-0.06617647409439087,-3.4534313678741455
16435,-0.08088235557079315,-4.098039150238037
16436,-0.08284313976764679,-4.691176414489746
16437,-0.07696078717708588,-5.25
16438,-0.07352941483259201,-5.69362735748291
16439,-0.0676470622420311,-6.06862735748291
16440,-0.0779411792755127,-6.328431606292725
16441,-0.07107843458652496,-6.475490093231201
16442,-0.05882352963089943,-6.529411792755127
16443,-0.04754902049899101,-6.482842922210693
16444,-0.04411764815449715,-6.38725471496582
16445,-0.04215686395764351,-6.139705657958984
16446,-0.027450980618596077,-5.786764621734619
16447,-0.010784314014017582,-5.286764621734619
16448,-0.01617647148668766,-4.821078300476074
16449,-0.009313725866377354,-4.178921699523926
16450,0.0034313725773245096,-3.4485294818878174
16451,0.008823529817163944,-2.68137264251709
16452,0.008333333767950535,-1.9240195751190186
16453,0.02549019642174244,-1.0416666269302368
16454,0.03284313902258873,-0.15441176295280457
16455,0.02598039247095585,0.7598039507865906
16456,0.03284313902258873,1.6519607305526733
16457,0.03333333507180214,2.588235378265381
16458,0.03970588371157646,3.4779412746429443
16459,0.04019607976078987,4.355391979217529
16460,0.028431372717022896,5.105391979217529
16461,0.0470588244497776,5.879901885986328
16462,0.026960784569382668,6.549019813537598
16463,0.0,7.093137264251709
16464,-0.01225490216165781,7.61274528503418
16465,-0.01225490216165781,8.007352828979492
16466,0.0,8.232843399047852
16467,-0.008823529817163944,8.448529243469238
16468,-0.01274509821087122,8.48774528503418
16469,-0.005392157007008791,8.416666984558105
16470,-0.03382353112101555,8.198529243469238
16471,-0.00637254910543561,7.921568393707275
16472,-0.05147058889269829,7.502450942993164
16473,-0.04117647185921669,6.977941036224365
16474,-0.053431373089551926,6.325980186462402
16475,-0.6803921461105347,5.55637264251709
16476,-0.2191176414489746,4.823529243469238
16477,0.01764705963432789,4.019608020782471
16478,-0.6367647051811218,2.9142158031463623
16479,0.42549020051956177,2.127450942993164
16480,-0.5401960611343384,0.9828431606292725
16481,0.2078431397676468,0.07598039507865906
16482,-0.3181372582912445,-0.9509803652763367
16483,-0.09215686470270157,-1.9583333730697632
16484,-0.06078431382775307,-2.9142158031463623
16485,-0.17450980842113495,-3.838235378265381
16486,-0.07205882668495178,-4.647058963775635
16487,-0.11274509876966476,-5.475490093231201
16488,-0.11029411852359772,-6.127450942993164
16489,-0.05245098099112511,-6.727941036224365
16490,-0.09019608050584793,-7.220588207244873
16491,-0.01617647148668766,-7.529411792755127
16492,-0.06372549384832382,-7.796568393707275
16493,-0.0470588244497776,-7.938725471496582
16494,-0.036274511367082596,-7.921568393707275
16495,-0.04950980469584465,-7.752450942993164
16496,-0.020588235929608345,-7.490196228027344
16497,-0.03480392321944237,-7.090686321258545
16498,-0.010784314014017582,-6.551470756530762
16499,-0.007843137718737125,-5.892157077789307
16500,0.0019607844296842813,-5.188725471496582
16501,0.010784314014017582,-4.382352828979492
16502,0.022549020126461983,-3.44362735748291
16503,0.01666666753590107,-2.5196077823638916
16504,0.035784315317869186,-1.5220588445663452
16505,0.021078431978821754,-0.5
16506,0.05147058889269829,0.6127451062202454
16507,0.04950980469584465,1.6691176891326904
16508,0.053921569138765335,2.661764621734619
16509,0.04264706000685692,3.720588207244873
16510,0.054411765187978745,4.634803771972656
16511,0.045588236302137375,5.546568393707275
16512,0.04754902049899101,6.394608020782471
16513,0.04117647185921669,7.117647171020508
16514,0.037745099514722824,7.808823585510254
16515,0.028921568766236305,8.29411792755127
16516,0.03480392321944237,8.727941513061523
16517,0.021078431978821754,9.034314155578613
16518,0.018137255683541298,9.200980186462402
16519,0.00147058826405555,9.259803771972656
16520,-0.0034313725773245096,9.174019813537598
16521,-0.007352941203862429,8.89950942993164
16522,-0.009313725866377354,8.605392456054688
16523,-0.027941176667809486,8.14950942993164
16524,-0.04215686395764351,7.595588207244873
16525,-0.021078431978821754,6.916666507720947
16526,-0.10000000149011612,6.164215564727783
16527,-0.045588236302137375,5.308823585510254
16528,-0.08970588445663452,4.458333492279053
16529,-0.06862745434045792,3.468137264251709
16530,-0.07254902273416519,2.475490093231201
16531,-0.10147058963775635,1.4803920984268188
16532,-0.08382353186607361,0.4583333432674408
16533,-0.09803921729326248,-0.5416666865348816
16534,-0.11715686321258545,-1.497549057006836
16535,-0.07254902273416519,-2.507352828979492
16536,-0.09852941334247589,-3.3284313678741455
16537,-0.09264706075191498,-4.200980186462402
16538,-0.08774510025978088,-4.965686321258545
16539,-0.08921568840742111,-5.622549057006836
16540,-0.07696078717708588,-6.203431606292725
16541,-0.08088235557079315,-6.678921699523926
16542,-0.08088235557079315,-7.095588207244873
16543,-0.07745098322629929,-7.36274528503418
16544,0.11862745136022568,-7.524509906768799
16545,0.34215685725212097,-7.495098114013672
16546,-0.4573529362678528,-7.480391979217529
16547,0.5191176533699036,-7.257352828979492
16548,-0.30441176891326904,-7.004901885986328
16549,0.2191176414489746,-6.607842922210693
16550,-0.05882352963089943,-6.107842922210693
16551,0.0,-5.55637264251709
16552,0.07156863063573837,-4.921568393707275
16553,-0.04852941259741783,-4.188725471496582
16554,0.022549020126461983,-3.4460785388946533
16555,0.02401960827410221,-2.598039150238037
16556,0.015196078456938267,-1.7647058963775635
16557,0.0470588244497776,-0.8921568393707275
16558,0.013725490309298038,0.0024509804788976908
16559,0.03872549161314964,0.8602941036224365
16560,0.052941177040338516,1.7549020051956177
16561,0.04117647185921669,2.5808823108673096
16562,0.030882352963089943,3.379901885986328
16563,0.030392156913876534,4.18137264251709
16564,0.02598039247095585,4.916666507720947
16565,0.038235295563936234,5.549019813537598
16566,0.029411764815449715,6.129901885986328
16567,0.029901960864663124,6.683823585510254
16568,0.03186274692416191,7.05637264251709
16569,0.020588235929608345,7.43137264251709
16570,0.01666666753590107,7.730391979217529
16571,0.01225490216165781,7.879901885986328
16572,0.0034313725773245096,7.901960849761963
16573,-0.007352941203862429,7.953431606292725
16574,-0.011274510063230991,7.799019813537598
16575,-0.01274509821087122,7.625
16576,-0.030392156913876534,7.365196228027344
16577,-0.026960784569382668,7.0
16578,-0.044607844203710556,6.598039150238037
16579,-0.04852941259741783,6.102941036224365
16580,-0.045588236302137375,5.56862735748291
16581,-0.05784313753247261,4.921568393707275
16582,-0.06715686619281769,4.276960849761963
16583,-0.07745098322629929,3.5784313678741455
16584,-0.046078432351350784,2.8284313678741455
16585,-0.08970588445663452,2.1372549533843994
16586,-0.08137255162000656,1.3333333730697632
16587,-0.07990196347236633,0.5367646813392639
16588,-0.07745098322629929,-0.2132352888584137
16589,-0.10000000149011612,-1.0098038911819458
16590,-0.08431372791528702,-1.7303920984268188
16591,-0.08137255162000656,-2.463235378265381
16592,-0.08676470816135406,-3.117647171020508
16593,-0.09019608050584793,-3.784313678741455
16594,-0.08676470816135406,-4.360294342041016
16595,-0.08529412001371384,-4.867647171020508
16596,-0.07107843458652496,-5.360294342041016
16597,-0.07009804248809814,-5.752450942993164
16598,-0.06666667014360428,-6.102941036224365
16599,-0.05784313753247261,-6.335784435272217
16600,-0.054901961237192154,-6.519608020782471
16601,-0.05245098099112511,-6.661764621734619
16602,-0.046568628400564194,-6.642157077789307
16603,-0.03186274692416191,-6.553921699523926
16604,-0.03529411926865578,-6.404411792755127
16605,-0.02549019642174244,-6.215686321258545
16606,-0.018137255683541298,-5.877450942993164
16607,-0.014215686358511448,-5.507352828979492
16608,-0.01715686358511448,-5.024509906768799
16609,-0.009313725866377354,-4.51225471496582
16610,-0.007352941203862429,-3.875
16611,0.01715686358511448,-3.316176414489746
16612,0.014705882407724857,-2.593137264251709
16613,0.027450980618596077,-1.840686321258545
16614,0.01764705963432789,-1.0882352590560913
16615,0.029901960864663124,-0.2916666567325592
16616,0.03529411926865578,0.5245097875595093
16617,0.03529411926865578,1.3995097875595093
16618,0.03284313902258873,2.220588207244873
16619,0.038235295563936234,3.034313678741455
16620,0.04117647185921669,3.7916667461395264
16621,0.03431372717022896,4.561274528503418
16622,0.044607844203710556,5.299019813537598
16623,0.03382353112101555,5.982842922210693
16624,0.03186274692416191,6.575980186462402
16625,0.023039216175675392,7.107842922210693
16626,0.037254903465509415,7.598039150238037
16627,0.020098039880394936,7.968137264251709
16628,0.01666666753590107,8.257352828979492
16629,0.008333333767950535,8.48774528503418
16630,0.005392157007008791,8.566176414489746
16631,-0.00637254910543561,8.571078300476074
16632,-0.0004901961074210703,8.502450942993164
16633,-0.010294117964804173,8.33088207244873
16634,-0.02450980432331562,8.026960372924805
16635,-0.036274511367082596,7.644608020782471
16636,-0.01568627543747425,7.198529243469238
16637,-0.04852941259741783,6.661764621734619
16638,-0.03284313902258873,6.034313678741455
16639,-0.05245098099112511,5.31862735748291
16640,-0.06078431382775307,4.549019813537598
16641,-0.0676470622420311,3.7058823108673096
16642,-0.07990196347236633,2.840686321258545
16643,-0.07892157137393951,1.9828431606292725
16644,-0.08578431606292725,1.0220588445663452
16645,-0.08529412001371384,0.06862745434045792
16646,-0.08774510025978088,-0.845588207244873
16647,-0.0887254923582077,-1.781862735748291
16648,-0.09019608050584793,-2.6960785388946533
16649,-0.09509804099798203,-3.531862735748291
16650,-0.09558823704719543,-4.323529243469238
16651,-0.08725490421056747,-5.05637264251709
16652,-0.07696078717708588,-5.732842922210693
16653,-0.08137255162000656,-6.343137264251709
16654,-0.0784313753247261,-6.821078300476074
16655,-0.0779411792755127,-7.274509906768799
16656,-0.06617647409439087,-7.627450942993164
16657,-0.06029411777853966,-7.81862735748291
16658,-0.062745101749897,-7.938725471496582
16659,-0.09117647260427475,-7.970588207244873
16660,-0.045098040252923965,-7.843137264251709
16661,-0.0470588244497776,-7.671568393707275
16662,-0.019607843831181526,-7.38725471496582
16663,-0.022058824077248573,-6.953431606292725
16664,-0.01617647148668766,-6.502450942993164
16665,-0.006862745154649019,-5.865196228027344
16666,0.009313725866377354,-5.240196228027344
16667,0.010784314014017582,-4.482842922210693
16668,0.022549020126461983,-3.7622549533843994
16669,0.027941176667809486,-2.8897058963775635
16670,0.030392156913876534,-2.05637264251709
16671,0.03431372717022896,-1.1151961088180542
16672,0.03921568766236305,-0.23039215803146362
16673,0.036274511367082596,0.7009803652763367
16674,0.04362745210528374,1.5980392694473267
16675,0.036274511367082596,2.5122549533843994
16676,0.05147058889269829,3.3529412746429443
16677,0.045098040252923965,4.183823585510254
16678,0.04852941259741783,4.955882549285889
16679,0.04313725605607033,5.674019813537598
16680,0.0416666679084301,6.350490093231201
16681,0.03529411926865578,6.882352828979492
16682,0.03333333507180214,7.404411792755127
16683,0.021078431978821754,7.772058963775635
16684,0.028921568766236305,8.142156600952148
16685,0.01715686358511448,8.365196228027344
16686,0.00637254910543561,8.539216041564941
16687,0.013725490309298038,8.585783958435059
16688,-0.008823529817163944,8.55637264251709
16689,0.008333333767950535,8.379901885986328
16690,-0.022058824077248573,8.230392456054688
16691,-0.01225490216165781,7.94362735748291
16692,-0.035784315317869186,7.571078300476074
16693,-0.030882352963089943,7.058823585510254
16694,-0.10343137383460999,6.585784435272217
16695,-0.01666666753590107,6.01225471496582
16696,-0.07107843458652496,5.446078300476074
16697,-0.06372549384832382,4.703431606292725
16698,-0.05686274543404579,4.039215564727783
16699,-0.07745098322629929,3.2990195751190186
16700,-0.06911765038967133,2.5465686321258545
16701,-0.06617647409439087,1.784313678741455
16702,-0.0887254923582077,1.034313678741455
16703,-0.07254902273416519,0.27941176295280457
16704,-0.07450980693101883,-0.5024510025978088
16705,-0.07500000298023224,-1.2058823108673096
16706,-0.07156863063573837,-1.9240195751190186
16707,-0.07500000298023224,-2.6078431606292725
16708,-0.07352941483259201,-3.245098114013672
16709,-0.07990196347236633,-3.875
16710,-0.06862745434045792,-4.382352828979492
16711,-0.07500000298023224,-4.882352828979492
16712,-0.06862745434045792,-5.335784435272217
16713,-0.06470588594675064,-5.664215564727783
16714,-0.06862745434045792,-6.034313678741455
16715,-0.06372549384832382,-6.281862735748291
16716,-0.05637254938483238,-6.482842922210693
16717,-0.061274509876966476,-6.647058963775635
16718,-0.04264706000685692,-6.622549057006836
16719,-0.03382353112101555,-6.661764621734619
16720,-0.03921568766236305,-6.593137264251709
16721,-0.026960784569382668,-6.419117450714111
16722,-0.026960784569382668,-6.232842922210693
16723,-0.030882352963089943,-5.973039150238037
16724,-0.008823529817163944,-5.627450942993164
16725,-0.018627451732754707,-5.25
16726,-0.013235294260084629,-4.828431606292725
16727,-0.0019607844296842813,-4.276960849761963
16728,0.00637254910543561,-3.779411792755127
16729,0.006862745154649019,-3.1691176891326904
16730,0.0029411765281111,-2.5833332538604736
16731,0.01666666753590107,-1.8799020051956177
16732,0.020588235929608345,-1.1985293626785278
16733,0.021568628028035164,-0.5563725233078003
16734,0.03382353112101555,0.2083333283662796
16735,0.026470588520169258,0.9019607901573181
16736,0.023039216175675392,1.6936274766921997
16737,0.035784315317869186,2.3872549533843994
16738,0.037745099514722824,3.0833332538604736
16739,0.028921568766236305,3.813725471496582
16740,0.030882352963089943,4.416666507720947
16741,0.037745099514722824,5.11274528503418
16742,0.018137255683541298,5.705882549285889
16743,0.04411764815449715,6.257352828979492
16744,0.020098039880394936,6.752450942993164
16745,0.022549020126461983,7.186274528503418
16746,0.022549020126461983,7.585784435272217
16747,0.01764705963432789,7.936274528503418
16748,0.013235294260084629,8.115196228027344
16749,0.0024509804788976908,8.377450942993164
16750,0.003921568859368563,8.473039627075195
16751,-0.003921568859368563,8.485294342041016
16752,-0.0009803922148421407,8.416666984558105
16753,-0.007352941203862429,8.269607543945312
16754,-0.01666666753590107,8.061274528503418
16755,-0.018137255683541298,7.776960849761963
16756,-0.03235294297337532,7.379901885986328
16757,-0.03284313902258873,6.93137264251709
16758,-0.04362745210528374,6.421568393707275
16759,-0.05147058889269829,5.791666507720947
16760,-0.05637254938483238,5.178921699523926
16761,-0.06029411777853966,4.5
16762,-0.06421568989753723,3.7622549533843994
16763,-0.06960784643888474,2.9558823108673096
16764,-0.07990196347236633,2.1348040103912354
16765,-0.07598039507865906,1.2598038911819458
16766,-0.07941176742315292,0.44607841968536377
16767,-0.08725490421056747,-0.42892158031463623
16768,-0.08137255162000656,-1.2598038911819458
16769,-0.0882352963089943,-2.088235378265381
16770,-0.08676470816135406,-2.875
16771,-0.09117647260427475,-3.6666667461395264
16772,-0.0833333358168602,-4.426470756530762
16773,-0.08774510025978088,-5.039215564727783
16774,-0.07941176742315292,-5.720588207244873
16775,-0.08480392396450043,-6.230391979217529
16776,-0.07401961088180542,-6.688725471496582
16777,-0.06666667014360428,-7.105391979217529
16778,-0.07745098322629929,-7.455882549285889
16779,-0.05245098099112511,-7.666666507720947
16780,-0.05588235333561897,-7.80637264251709
16781,-0.04215686395764351,-7.865196228027344
16782,-0.04803921654820442,-7.877450942993164
16783,-0.03431372717022896,-7.754901885986328
16784,-0.03431372717022896,-7.48774528503418
16785,-0.021568628028035164,-7.245098114013672
16786,-0.007352941203862429,-6.88725471496582
16787,0.0024509804788976908,-6.433823585510254
16788,0.003921568859368563,-5.928921699523926
16789,0.007352941203862429,-5.352941036224365
16790,0.005392157007008791,-4.700980186462402
16791,0.009803921915590763,-4.022058963775635
16792,0.018137255683541298,-3.3235294818878174
16793,0.03186274692416191,-2.5784313678741455
16794,0.026960784569382668,-1.8308823108673096
16795,0.037254903465509415,-1.0098038911819458
16796,0.028431372717022896,-0.18872548639774323
16797,0.045098040252923965,0.6078431606292725
16798,0.03284313902258873,1.3970588445663452
16799,0.045098040252923965,2.1789214611053467
16800,0.04313725605607033,2.938725471496582
16801,0.046568628400564194,3.654411792755127
16802,0.04852941259741783,4.355391979217529
16803,0.04117647185921669,5.0
16804,0.04950980469584465,5.546568393707275
16805,0.03333333507180214,6.078431606292725
16806,0.03333333507180214,6.561274528503418
16807,0.03970588371157646,6.982842922210693
16808,0.02549019642174244,7.367647171020508
16809,0.01666666753590107,7.651960849761963
16810,0.015196078456938267,7.906862735748291
16811,0.01274509821087122,8.051470756530762
16812,0.0,8.151960372924805
16813,0.0004901961074210703,8.154411315917969
16814,-0.004411764908581972,8.075980186462402
16815,-0.0058823530562222,7.970588207244873
16816,-0.008333333767950535,7.811274528503418
16817,-0.0117647061124444,7.634803771972656
16818,-0.022549020126461983,7.335784435272217
16819,-0.029901960864663124,6.982842922210693
16820,-0.030882352963089943,6.620098114013672
16821,-0.02450980432331562,6.200980186462402
16822,-0.038235295563936234,5.754901885986328
16823,-0.027941176667809486,5.259803771972656
16824,-0.05686274543404579,4.75
16825,-0.07205882668495178,4.186274528503418
16826,-0.038235295563936234,3.6102941036224365
16827,-0.06421568989753723,2.9509804248809814
16828,-0.05000000074505806,2.311274528503418
16829,-0.05637254938483238,1.7279411554336548
16830,-0.05147058889269829,1.0441176891326904
16831,-0.08039215952157974,0.3700980246067047
16832,-0.045098040252923965,-0.2034313678741455
16833,-0.05882352963089943,-0.8627451062202454
16834,-0.061764705926179886,-1.4926470518112183
16835,-0.05882352963089943,-2.093137264251709
16836,-1.0754902362823486,-2.742647171020508
16837,0.7710784077644348,-3.281862735748291
16838,-0.21666666865348816,-3.7598040103912354
16839,-0.06421568989753723,-4.406862735748291
16840,0.1671568602323532,-4.745098114013672
16841,-0.08774510025978088,-5.276960849761963
16842,-0.010784314014017582,-5.683823585510254
16843,0.0034313725773245096,-6.046568393707275
16844,-0.12303921580314636,-6.355391979217529
16845,0.022058824077248573,-6.634803771972656
16846,-0.08382353186607361,-6.799019813537598
16847,0.0049019609577953815,-6.982842922210693
16848,-0.06911765038967133,-7.044117450714111
16849,-0.03970588371157646,-7.06862735748291
16850,-0.0117647061124444,-7.049019813537598
16851,-0.03235294297337532,-6.93137264251709
16852,-0.022549020126461983,-6.791666507720947
16853,-0.009803921915590763,-6.575980186462402
16854,-0.011274510063230991,-6.269608020782471
16855,-0.0024509804788976908,-5.958333492279053
16856,-0.007352941203862429,-5.492647171020508
16857,-0.0004901961074210703,-5.093137264251709
16858,0.005392157007008791,-4.536764621734619
16859,0.0519607849419117,-3.997549057006836
16860,-0.0034313725773245096,-3.3014705181121826
16861,0.03529411926865578,-2.7352941036224365
16862,0.03529411926865578,-1.9632352590560913
16863,0.030882352963089943,-1.2941176891326904
16864,0.05588235333561897,-0.5416666865348816
16865,0.037254903465509415,0.23529411852359772
16866,0.03970588371157646,1.0049020051956177
16867,0.04362745210528374,1.7892156839370728
16868,0.03186274692416191,2.5759804248809814
16869,0.08578431606292725,3.340686321258545
16870,0.15294118225574493,4.071078300476074
16871,0.10588235408067703,4.830882549285889
16872,0.0730392187833786,5.44362735748291
16873,0.06421568989753723,6.06862735748291
16874,0.03382353112101555,6.629901885986328
16875,0.030882352963089943,7.169117450714111
16876,0.04019607976078987,7.632352828979492
16877,0.03186274692416191,8.01225471496582
16878,0.04117647185921669,8.367647171020508
16879,0.02450980432331562,8.617647171020508
16880,0.03382353112101555,8.855392456054688
16881,0.013235294260084629,8.96813678741455
16882,0.009313725866377354,9.029411315917969
16883,0.0058823530562222,8.977941513061523
16884,0.0009803922148421407,8.813725471496582
16885,-0.009313725866377354,8.66911792755127
16886,0.00147058826405555,8.389705657958984
16887,-0.02500000037252903,8.022058486938477
16888,-0.02450980432331562,7.629901885986328
16889,-0.027450980618596077,7.235294342041016
16890,-0.030882352963089943,6.674019813537598
16891,-0.03186274692416191,6.139705657958984
16892,-0.0470588244497776,5.531862735748291
16893,-0.04901960864663124,4.924019813537598
16894,-0.0573529414832592,4.198529243469238
16895,-0.062745101749897,3.5857841968536377
16896,-0.05098039284348488,2.7916667461395264
16897,-0.061274509876966476,2.1151959896087646
16898,-0.06911765038967133,1.3382352590560913
16899,-0.05833333358168602,0.6299019455909729
16900,-0.06372549384832382,-0.07598039507865906
16901,-0.06372549384832382,-0.7916666865348816
16902,-0.06911765038967133,-1.4926470518112183
16903,-0.053921569138765335,-2.093137264251709
16904,-0.0936274528503418,-2.723039150238037
16905,-0.04264706000685692,-3.3259804248809814
16906,-0.08088235557079315,-3.870098114013672
16907,-0.05931372568011284,-4.367647171020508
16908,-0.061764705926179886,-4.850490093231201
16909,-0.3117647171020508,-5.291666507720947
16910,-0.7921568751335144,-5.700980186462402
16911,0.28333333134651184,-5.953431606292725
16912,-0.4955882430076599,-6.247549057006836
16913,0.08529412001371384,-6.48774528503418
16914,-0.16519607603549957,-6.617647171020508
16915,-0.10245098173618317,-6.764705657958984
16916,-0.027450980618596077,-6.813725471496582
16917,-0.04852941259741783,-6.850490093231201
16918,-0.05588235333561897,-6.784313678741455
16919,-0.02500000037252903,-6.742647171020508
16920,-0.030882352963089943,-6.634803771972656
16921,-0.011274510063230991,-6.473039150238037
16922,-0.02549019642174244,-6.227941036224365
16923,-0.028431372717022896,-5.985294342041016
16924,-0.007352941203862429,-5.688725471496582
16925,-0.013725490309298038,-5.382352828979492
16926,-0.0009803922148421407,-4.997549057006836
16927,-0.0034313725773245096,-4.632352828979492
16928,0.0034313725773245096,-4.225490093231201
16929,0.010784314014017582,-3.718137264251709
16930,0.01274509821087122,-3.2279412746429443
16931,0.018137255683541298,-2.7279412746429443
16932,0.021078431978821754,-2.161764621734619
16933,0.02500000037252903,-1.6666666269302368
16934,0.01568627543747425,-1.0759804248809814
16935,0.026470588520169258,-0.49754902720451355
16936,0.01666666753590107,0.13235294818878174
16937,0.029901960864663124,0.720588207244873
16938,0.023039216175675392,1.345588207244873
16939,0.037254903465509415,1.9289215803146362
16940,0.029411764815449715,2.5833332538604736
16941,0.02598039247095585,3.19362735748291
16942,0.036274511367082596,3.747549057006836
16943,0.04264706000685692,4.367647171020508
16944,0.03235294297337532,4.973039150238037
16945,0.037254903465509415,5.43137264251709
16946,0.03186274692416191,5.995098114013672
16947,0.03431372717022896,6.450980186462402
16948,0.04068627581000328,6.960784435272217
16949,0.03382353112101555,7.296568393707275
16950,0.018137255683541298,7.649509906768799
16951,0.029411764815449715,7.990196228027344
16952,0.021078431978821754,8.257352828979492
16953,0.0117647061124444,8.495098114013672
16954,0.010294117964804173,8.627450942993164
16955,0.010784314014017582,8.700980186462402
16956,0.0024509804788976908,8.723039627075195
16957,0.01617647148668766,8.708333015441895
16958,-0.00147058826405555,8.573529243469238
16959,-0.008333333767950535,8.409314155578613
16960,-0.009313725866377354,8.19362735748291
16961,-0.01715686358511448,7.909313678741455
16962,-0.02500000037252903,7.509803771972656
16963,-0.022549020126461983,7.159313678741455
16964,-0.036274511367082596,6.686274528503418
16965,-0.022549020126461983,6.186274528503418
16966,-0.0470588244497776,5.615196228027344
16967,-0.03235294297337532,4.995098114013672
16968,-0.05882352963089943,4.397058963775635
16969,-0.05980392172932625,3.686274528503418
16970,0.12647059559822083,3.0
16971,-0.7411764860153198,2.213235378265381
16972,-0.17009803652763367,1.531862735748291
16973,-0.06715686619281769,0.8578431606292725
16974,-0.7137255072593689,0.03921568766236305
16975,0.261274516582489,-0.5882353186607361
16976,-0.4112745225429535,-1.3872549533843994
16977,0.09754902124404907,-2.0196077823638916
16978,-0.14656862616539001,-2.6764705181121826
16979,-0.12401960790157318,-3.345588207244873
16980,0.0,-3.941176414489746
16981,-0.12696078419685364,-4.48774528503418
16982,-0.03970588371157646,-5.002450942993164
16983,-0.06862745434045792,-5.485294342041016
16984,-0.0730392187833786,-5.938725471496582
16985,-0.03284313902258873,-6.289215564727783
16986,-0.061764705926179886,-6.620098114013672
16987,-0.053431373089551926,-6.852941036224365
16988,-0.0470588244497776,-7.029411792755127
16989,-0.004411764908581972,-7.174019813537598
16990,-0.030882352963089943,-7.252450942993164
16991,-0.01617647148668766,-7.301470756530762
16992,-0.018137255683541298,-7.291666507720947
16993,-0.028431372717022896,-7.230391979217529
16994,-0.010784314014017582,-7.117647171020508
16995,-0.01764705963432789,-6.938725471496582
16996,-0.0029411765281111,-6.698529243469238
16997,0.00147058826405555,-6.450980186462402
16998,-0.0004901961074210703,-6.188725471496582
16999,0.0009803922148421407,-5.838235378265381
17000,0.007352941203862429,-5.529411792755127
17001,0.01225490216165781,-5.122549057006836
17002,0.01666666753590107,-4.745098114013672
17003,0.008823529817163944,-4.240196228027344
17004,0.0519607849419117,-3.813725471496582
17005,0.05588235333561897,-3.340686321258545
17006,0.062745101749897,-2.813725471496582
17007,0.05000000074505806,-2.311274528503418
17008,0.05588235333561897,-1.7990195751190186
17009,0.028921568766236305,-1.3039215803146362
17010,0.04362745210528374,-0.7720588445663452
17011,0.04019607976078987,-0.24754901230335236
17012,0.04313725605607033,0.30882352590560913
17013,0.03872549161314964,0.8284313678741455
17014,0.027941176667809486,1.3823529481887817
17015,0.04019607976078987,1.8995097875595093
17016,0.03970588371157646,2.4191176891326904
17017,0.03970588371157646,2.970588207244873
17018,0.04264706000685692,3.468137264251709
17019,0.03431372717022896,3.9558823108673096
17020,0.027941176667809486,4.446078300476074
17021,-0.006862745154649019,4.953431606292725
17022,0.07352941483259201,5.367647171020508
17023,-0.021568628028035164,5.821078300476074
17024,0.10980392247438431,6.208333492279053
17025,-0.0029411765281111,6.639705657958984
17026,0.04117647185921669,7.014705657958984
17027,0.029901960864663124,7.296568393707275
17028,0.01715686358511448,7.615196228027344
17029,0.028431372717022896,7.865196228027344
17030,0.01617647148668766,8.053921699523926
17031,0.009803921915590763,8.223039627075195
17032,0.01274509821087122,8.397058486938477
17033,0.0019607844296842813,8.438725471496582
17034,0.006862745154649019,8.453431129455566
17035,-0.0049019609577953815,8.490196228027344
17036,0.005392157007008791,8.421568870544434
17037,-0.008823529817163944,8.311274528503418
17038,-0.009803921915590763,8.161765098571777
17039,-0.011274510063230991,7.921568393707275
17040,-0.018137255683541298,7.642157077789307
17041,-0.018627451732754707,7.301470756530762
17042,-0.02549019642174244,6.897058963775635
17043,-0.030392156913876534,6.524509906768799
17044,-0.030392156913876534,6.034313678741455
17045,-0.04754902049899101,5.519608020782471
17046,-0.04264706000685692,4.94362735748291
17047,-0.046568628400564194,4.392157077789307
17048,-0.045098040252923965,3.7598040103912354
17049,-0.05980392172932625,3.093137264251709
17050,-0.06715686619281769,2.4607841968536377
17051,-0.05931372568011284,1.8382352590560913
17052,-0.07401961088180542,1.1127450466156006
17053,0.07156863063573837,0.4215686321258545
17054,0.533823549747467,-0.18872548639774323
17055,-0.5117647051811218,-0.8823529481887817
17056,0.44117647409439087,-1.5514706373214722
17057,-0.17058824002742767,-2.225490093231201
17058,0.0313725508749485,-2.8602941036224365
17059,0.008823529817163944,-3.409313678741455
17060,-0.07647059112787247,-4.022058963775635
17061,0.0058823530562222,-4.529411792755127
17062,-0.046568628400564194,-5.036764621734619
17063,-0.0887254923582077,-5.455882549285889
17064,0.005392157007008791,-5.867647171020508
17065,-0.08284313976764679,-6.218137264251709
17066,-0.02598039247095585,-6.495098114013672
17067,-0.046568628400564194,-6.801470756530762
17068,-0.04019607976078987,-7.017157077789307
17069,-0.029411764815449715,-7.149509906768799
17070,-0.046568628400564194,-7.252450942993164
17071,-0.020588235929608345,-7.31862735748291
17072,-0.03872549161314964,-7.338235378265381
17073,-0.018137255683541298,-7.311274528503418
17074,-0.022549020126461983,-7.218137264251709
17075,-0.0117647061124444,-7.088235378265381
17076,-0.01715686358511448,-6.958333492279053
17077,0.0058823530562222,-6.727941036224365
17078,-0.0058823530562222,-6.519608020782471
17079,-0.005392157007008791,-6.296568393707275
17080,0.0058823530562222,-5.946078300476074
17081,0.0004901961074210703,-5.676470756530762
17082,0.00637254910543561,-5.311274528503418
17083,0.011274510063230991,-4.94362735748291
17084,0.006862745154649019,-4.595588207244873
17085,0.01225490216165781,-4.215686321258545
17086,0.014705882407724857,-3.786764621734619
17087,0.007352941203862429,-3.370098114013672
17088,0.021078431978821754,-2.9240195751190186
17089,0.006862745154649019,-2.4485294818878174
17090,0.018137255683541298,-2.0416667461395264
17091,0.029411764815449715,-1.561274528503418
17092,0.0117647061124444,-1.0735293626785278
17093,0.02500000037252903,-0.6127451062202454
17094,0.028431372717022896,-0.1200980395078659
17095,0.01617647148668766,0.35049018263816833
17096,0.026470588520169258,0.843137264251709
17097,0.022549020126461983,1.3284313678741455
17098,0.03431372717022896,1.8259804248809814
17099,0.03186274692416191,2.316176414489746
17100,0.021078431978821754,2.877450942993164
17101,0.03529411926865578,3.3308823108673096
17102,0.02450980432331562,3.848039150238037
17103,0.027450980618596077,4.323529243469238
17104,0.026470588520169258,4.73774528503418
17105,0.027450980618596077,5.205882549285889
17106,0.02598039247095585,5.605391979217529
17107,0.030882352963089943,6.073529243469238
17108,0.022549020126461983,6.463235378265381
17109,0.02598039247095585,6.904411792755127
17110,0.023039216175675392,7.19362735748291
17111,0.01764705963432789,7.507352828979492
17112,0.009313725866377354,7.865196228027344
17113,0.018627451732754707,8.125
17114,0.01666666753590107,8.325980186462402
17115,0.013725490309298038,8.5
17116,0.01225490216165781,8.63725471496582
17117,0.010294117964804173,8.710783958435059
17118,0.011274510063230991,8.745098114013672
17119,0.009803921915590763,8.796568870544434
17120,-0.00637254910543561,8.688725471496582
17121,-0.008823529817163944,8.610294342041016
17122,-0.007843137718737125,8.448529243469238
17123,-0.013235294260084629,8.303921699523926
17124,-0.01617647148668766,7.941176414489746
17125,-0.013235294260084629,7.698529243469238
17126,-0.028431372717022896,7.340686321258545
17127,-0.029901960864663124,6.960784435272217
17128,-0.02500000037252903,6.504901885986328
17129,-0.04215686395764351,6.083333492279053
17130,-0.03382353112101555,5.56862735748291
17131,-0.04215686395764351,5.024509906768799
17132,-0.036274511367082596,4.475490093231201
17133,-0.045588236302137375,3.882352828979492
17134,-0.04901960864663124,3.2696077823638916
17135,-0.05882352963089943,2.7009804248809814
17136,-0.03529411926865578,2.1151959896087646
17137,-0.06715686619281769,1.465686321258545
17138,-0.035784315317869186,0.8553921580314636
17139,-0.05245098099112511,0.26225489377975464
17140,-0.045588236302137375,-0.3651960790157318
17141,-0.054901961237192154,-0.9215686321258545
17142,-0.045098040252923965,-1.5220588445663452
17143,-0.05882352963089943,-2.0514705181121826
17144,-0.04852941259741783,-2.566176414489746
17145,-0.05637254938483238,-3.06862735748291
17146,-0.04950980469584465,-3.524509906768799
17147,-0.04754902049899101,-3.938725471496582
17148,-0.05000000074505806,-4.355391979217529
17149,-0.045098040252923965,-4.76225471496582
17150,-0.04117647185921669,-5.051470756530762
17151,-0.01666666753590107,-5.394608020782471
17152,0.0049019609577953815,-5.654411792755127
17153,-0.03382353112101555,-5.901960849761963
17154,-0.0058823530562222,-6.115196228027344
17155,-0.037745099514722824,-6.284313678741455
17156,-0.02549019642174244,-6.465686321258545
17157,-0.018627451732754707,-6.566176414489746
17158,-0.029411764815449715,-6.666666507720947
17159,-0.029411764815449715,-6.727941036224365
17160,-0.01274509821087122,-6.745098114013672
17161,-0.019607843831181526,-6.781862735748291
17162,-0.0029411765281111,-6.754901885986328
17163,-0.013235294260084629,-6.732842922210693
17164,-0.0034313725773245096,-6.661764621734619
17165,-0.0117647061124444,-6.642157077789307
17166,-0.009313725866377354,-6.5
17167,-0.009313725866377354,-6.406862735748291
17168,-0.0049019609577953815,-6.281862735748291
17169,0.0034313725773245096,-6.105391979217529
17170,0.0,-5.916666507720947
17171,0.0,-5.723039150238037
17172,0.0019607844296842813,-5.51225471496582
17173,0.0024509804788976908,-5.272058963775635
17174,0.007352941203862429,-4.975490093231201
17175,0.006862745154649019,-4.659313678741455
17176,0.018627451732754707,-4.340686321258545
17177,0.014215686358511448,-4.002450942993164
17178,0.01764705963432789,-3.6740195751190186
17179,0.0117647061124444,-3.2279412746429443
17180,0.020588235929608345,-2.845588207244873
17181,0.02450980432331562,-2.406862735748291
17182,0.022549020126461983,-1.9142156839370728
17183,0.029411764815449715,-1.4191176891326904
17184,0.0313725508749485,-0.8921568393707275
17185,0.020588235929608345,-0.4019607901573181
17186,0.06715686619281769,0.1666666716337204
17187,-0.021568628028035164,0.6985294222831726
17188,0.036764707416296005,1.2254902124404907
17189,0.03284313902258873,1.7892156839370728
17190,0.04215686395764351,2.379901885986328
17191,0.046568628400564194,2.9509804248809814
17192,0.020098039880394936,3.473039150238037
17193,0.04362745210528374,4.083333492279053
17194,0.027450980618596077,4.585784435272217
17195,0.03333333507180214,5.090686321258545
17196,0.03480392321944237,5.585784435272217
17197,0.022549020126461983,6.049019813537598
17198,0.03529411926865578,6.531862735748291
17199,0.03186274692416191,6.899509906768799
17200,0.0313725508749485,7.325980186462402
17201,0.028921568766236305,7.654411792755127
17202,0.0235294122248888,7.936274528503418
17203,0.023039216175675392,8.232843399047852
17204,0.021568628028035164,8.397058486938477
17205,0.015196078456938267,8.56862735748291
17206,0.0117647061124444,8.698529243469238
17207,-0.0009803922148421407,8.79411792755127
17208,0.007843137718737125,8.855392456054688
17209,0.007843137718737125,8.825980186462402
17210,0.0029411765281111,8.811274528503418
17211,-0.007352941203862429,8.715685844421387
17212,-0.009313725866377354,8.575980186462402
17213,-0.01225490216165781,8.389705657958984
17214,-0.004411764908581972,8.20588207244873
17215,-0.01666666753590107,7.963235378265381
17216,-0.02598039247095585,7.696078300476074
17217,-0.020098039880394936,7.482842922210693
17218,-0.01568627543747425,7.098039150238037
17219,-0.0313725508749485,6.757352828979492
17220,-0.03333333507180214,6.433823585510254
17221,-0.03186274692416191,6.063725471496582
17222,-0.03235294297337532,5.698529243469238
17223,-0.02500000037252903,5.367647171020508
17224,-0.026960784569382668,4.973039150238037
17225,-0.03529411926865578,4.571078300476074
17226,-0.029411764815449715,4.213235378265381
17227,-0.04068627581000328,3.752450942993164
17228,-0.038235295563936234,3.3897058963775635
17229,-0.04215686395764351,2.975490093231201
17230,-0.030392156913876534,2.5392158031463623
17231,-0.037254903465509415,2.1789214611053467
17232,-0.035784315317869186,1.7990195751190186
17233,-0.04019607976078987,1.3872549533843994
17234,-0.03186274692416191,1.0122549533843994
17235,-0.04019607976078987,0.5563725233078003
17236,-0.04852941259741783,0.16421568393707275
17237,-0.037254903465509415,-0.20098039507865906
17238,-0.035784315317869186,-0.656862735748291
17239,-0.03970588371157646,-1.0367647409439087
17240,-0.04901960864663124,-1.4166666269302368
17241,-0.0235294122248888,-1.8063725233078003
17242,-0.05049019679427147,-2.1764705181121826
17243,-0.027941176667809486,-2.6102941036224365
17244,-0.05882352963089943,-3.007352828979492
17245,-0.037254903465509415,-3.3897058963775635
17246,-0.0470588244497776,-3.8333332538604736
17247,-0.037254903465509415,-4.171568393707275
17248,-0.03921568766236305,-4.571078300476074
17249,-0.04313725605607033,-4.933823585510254
17250,-0.04411764815449715,-5.291666507720947
17251,-0.04068627581000328,-5.664215564727783
17252,-0.036764707416296005,-5.960784435272217
17253,-0.0416666679084301,-6.303921699523926
17254,-0.03529411926865578,-6.617647171020508
17255,-0.035784315317869186,-6.894608020782471
17256,-0.04068627581000328,-7.142157077789307
17257,-0.036764707416296005,-7.30637264251709
17258,-0.029411764815449715,-7.504901885986328
17259,-0.03480392321944237,-7.654411792755127
17260,-0.028921568766236305,-7.723039150238037
17261,-0.02549019642174244,-7.808823585510254
17262,-0.018627451732754707,-7.870098114013672
17263,-0.02598039247095585,-7.821078300476074
17264,-0.008823529817163944,-7.767157077789307
17265,-0.01715686358511448,-7.666666507720947
17266,-0.0117647061124444,-7.531862735748291
17267,-0.009313725866377354,-7.348039150238037
17268,-0.009803921915590763,-7.13725471496582
17269,0.0029411765281111,-6.852941036224365
17270,0.007843137718737125,-6.593137264251709
17271,0.0117647061124444,-6.252450942993164
17272,0.00147058826405555,-5.921568393707275
17273,0.010784314014017582,-5.509803771972656
17274,0.01274509821087122,-5.120098114013672
17275,0.01666666753590107,-4.718137264251709
17276,0.01715686358511448,-4.272058963775635
17277,0.018627451732754707,-3.816176414489746
17278,0.015196078456938267,-3.370098114013672
17279,0.021078431978821754,-2.867647171020508
17280,0.01764705963432789,-2.3651959896087646
17281,0.023039216175675392,-1.906862735748291
17282,0.021568628028035164,-1.4436274766921997
17283,0.029411764815449715,-0.9558823704719543
17284,0.028431372717022896,-0.45098039507865906
17285,0.03382353112101555,-0.029411764815449715
17286,0.019607843831181526,0.4117647111415863
17287,0.029901960864663124,0.8995097875595093
17288,0.028921568766236305,1.2867647409439087
17289,0.021568628028035164,1.7034313678741455
17290,0.03284313902258873,2.1078431606292725
17291,0.030882352963089943,2.3970587253570557
17292,0.02598039247095585,2.808823585510254
17293,0.02450980432331562,3.161764621734619
17294,0.028431372717022896,3.5220587253570557
17295,0.007843137718737125,3.870098114013672
17296,0.03480392321944237,4.115196228027344
17297,0.007352941203862429,4.455882549285889
17298,0.0235294122248888,4.708333492279053
17299,0.01225490216165781,4.982842922210693
17300,0.01666666753590107,5.294117450714111
17301,0.018627451732754707,5.55637264251709
17302,0.022058824077248573,5.803921699523926
17303,0.005392157007008791,6.06862735748291
17304,0.01568627543747425,6.311274528503418
17305,0.013235294260084629,6.524509906768799
17306,0.01274509821087122,6.803921699523926
17307,0.02401960827410221,7.009803771972656
17308,0.014705882407724857,7.23774528503418
17309,0.01274509821087122,7.414215564727783
17310,0.0024509804788976908,7.622549057006836
17311,0.014215686358511448,7.838235378265381
17312,0.008823529817163944,7.992647171020508
17313,0.020098039880394936,8.13725471496582
17314,0.0029411765281111,8.267156600952148
17315,-0.035784315317869186,8.360294342041016
17316,0.019117647781968117,8.48774528503418
17317,-0.01274509821087122,8.495098114013672
17318,0.0019607844296842813,8.566176414489746
17319,0.008823529817163944,8.58088207244873
17320,-0.01225490216165781,8.58088207244873
17321,-0.013725490309298038,8.509803771972656
17322,-0.008823529817163944,8.384803771972656
17323,0.015196078456938267,8.284314155578613
17324,-0.030392156913876534,8.15686321258545
17325,0.0049019609577953815,7.950980186462402
17326,-0.01274509821087122,7.671568393707275
17327,0.6617646813392639,7.482842922210693
17328,1.5495097637176514,7.338235378265381
17329,-0.5014705657958984,6.784313678741455
17330,1.0656862258911133,6.531862735748291
17331,-0.1725490242242813,6.095588207244873
17332,0.2750000059604645,5.683823585510254
17333,0.04313725605607033,5.254901885986328
17334,0.03186274692416191,4.813725471496582
17335,0.03480392321944237,4.345588207244873
17336,0.00637254910543561,3.8333332538604736
17337,-0.0313725508749485,3.3651959896087646
17338,-0.0416666679084301,2.8872549533843994
17339,-0.0676470622420311,2.3627450466156006
17340,-0.028431372717022896,1.904411792755127
17341,-0.03529411926865578,1.4191176891326904
17342,-0.03529411926865578,0.906862735748291
17343,-0.026960784569382668,0.5
17344,-0.03872549161314964,0.02450980432331562
17345,-0.036764707416296005,-0.4166666567325592
17346,-0.04362745210528374,-0.8333333134651184
17347,-0.036274511367082596,-1.2132352590560913
17348,-0.08480392396450043,-1.6519607305526733
17349,-0.020588235929608345,-1.9926470518112183
17350,-0.03921568766236305,-2.3014705181121826
17351,-0.054901961237192154,-2.654411792755127
17352,-0.027941176667809486,-3.002450942993164
17353,-0.046078432351350784,-3.274509906768799
17354,-0.026470588520169258,-3.536764621734619
17355,-0.007352941203862429,-3.811274528503418
17356,-0.029901960864663124,-4.066176414489746
17357,-0.01274509821087122,-4.284313678741455
17358,-0.02549019642174244,-4.509803771972656
17359,-0.029901960864663124,-4.69362735748291
17360,-0.01764705963432789,-4.916666507720947
17361,-0.03382353112101555,-5.122549057006836
17362,-0.03480392321944237,-5.291666507720947
17363,-0.030392156913876534,-5.458333492279053
17364,-0.02598039247095585,-5.644608020782471
17365,-0.029901960864663124,-5.828431606292725
17366,-0.0313725508749485,-5.960784435272217
17367,-0.036764707416296005,-6.149509906768799
17368,-0.014705882407724857,-6.333333492279053
17369,-0.023039216175675392,-6.468137264251709
17370,-0.03382353112101555,-6.620098114013672
17371,-0.02598039247095585,-6.735294342041016
17372,-0.029901960864663124,-6.933823585510254
17373,-0.022549020126461983,-6.975490093231201
17374,-0.028431372717022896,-7.115196228027344
17375,-0.01764705963432789,-7.230391979217529
17376,-0.026470588520169258,-7.328431606292725
17377,-0.026470588520169258,-7.352941036224365
17378,-0.026960784569382668,-7.382352828979492
17379,-0.019117647781968117,-7.404411792755127
17380,-0.02549019642174244,-7.370098114013672
17381,-0.01225490216165781,-7.321078300476074
17382,-0.006862745154649019,-7.267157077789307
17383,-0.019117647781968117,-7.139705657958984
17384,-0.014705882407724857,-7.024509906768799
17385,-0.0058823530562222,-6.879901885986328
17386,-0.013235294260084629,-6.661764621734619
17387,-0.0029411765281111,-6.406862735748291
17388,-0.0019607844296842813,-6.164215564727783
17389,0.01225490216165781,-5.855391979217529
17390,-0.003921568859368563,-5.529411792755127
17391,0.00147058826405555,-5.19362735748291
17392,0.0117647061124444,-4.811274528503418
17393,0.0034313725773245096,-4.424019813537598
17394,0.006862745154649019,-4.014705657958984
17395,0.010294117964804173,-3.6053922176361084
17396,0.018137255683541298,-3.1421568393707275
17397,-0.020588235929608345,-2.742647171020508
17398,-0.4931372404098511,-2.2720587253570557
17399,-0.01666666753590107,-1.813725471496582
17400,-0.005392157007008791,-1.3676470518112183
17401,-0.1671568602323532,-0.9264705777168274
17402,0.11421568691730499,-0.44117647409439087
17403,-0.12696078419685364,-0.05882352963089943
17404,-0.01568627543747425,0.39950981736183167
17405,0.04901960864663124,0.8186274766921997
17406,-0.0416666679084301,1.2058823108673096
17407,0.04117647185921669,1.5833333730697632
17408,-0.014705882407724857,1.9583333730697632
17409,0.026470588520169258,2.2622549533843994
17410,0.009313725866377354,2.6053922176361084
17411,0.008333333767950535,2.9264705181121826
17412,0.008333333767950535,3.218137264251709
17413,0.01715686358511448,3.492647171020508
17414,0.020588235929608345,3.747549057006836
17415,0.01617647148668766,3.9779412746429443
17416,0.00637254910543561,4.232842922210693
17417,0.0058823530562222,4.392157077789307
17418,0.00147058826405555,4.664215564727783
17419,0.006862745154649019,4.872549057006836
17420,0.0034313725773245096,5.102941036224365
17421,0.014705882407724857,5.274509906768799
17422,0.011274510063230991,5.475490093231201
17423,0.0004901961074210703,5.708333492279053
17424,0.008823529817163944,5.901960849761963
17425,0.0058823530562222,6.085784435272217
17426,0.0,6.272058963775635
17427,-0.0009803922148421407,6.485294342041016
17428,0.0058823530562222,6.703431606292725
17429,0.006862745154649019,6.965686321258545
17430,0.010784314014017582,7.105391979217529
17431,0.00147058826405555,7.325980186462402
17432,0.00147058826405555,7.514705657958984
17433,0.0049019609577953815,7.698529243469238
17434,0.0058823530562222,7.924019813537598
17435,-0.0117647061124444,8.125
17436,0.008823529817163944,8.235294342041016
17437,-0.00637254910543561,8.41911792755127
17438,0.014215686358511448,8.495098114013672
17439,0.0049019609577953815,8.676470756530762
17440,0.009313725866377354,8.752450942993164
17441,0.007843137718737125,8.83088207244873
17442,-0.003921568859368563,8.86274528503418
17443,0.0049019609577953815,8.894607543945312
17444,-0.006862745154649019,8.877450942993164
17445,-0.0034313725773245096,8.811274528503418
17446,0.0004901961074210703,8.754901885986328
17447,-0.003921568859368563,8.617647171020508
17448,-0.009803921915590763,8.507352828979492
17449,-0.014215686358511448,8.352941513061523
17450,-0.008823529817163944,8.127450942993164
17451,-0.020588235929608345,7.882352828979492
17452,-0.014215686358511448,7.615196228027344
17453,-0.01666666753590107,7.36274528503418
17454,-0.020098039880394936,7.036764621734619
17455,-0.028431372717022896,6.703431606292725
17456,-0.028921568766236305,6.357842922210693
17457,-0.02401960827410221,6.007352828979492
17458,-0.026960784569382668,5.651960849761963
17459,-0.021568628028035164,5.308823585510254
17460,-0.036274511367082596,4.946078300476074
17461,-0.364705890417099,4.497549057006836
17462,-1.2622549533843994,4.046568393707275
17463,0.7470588088035583,3.808823585510254
17464,-1.378921627998352,3.3602941036224365
17465,0.6049019694328308,3.0710785388946533
17466,-0.5313725471496582,2.7303922176361084
17467,0.14705882966518402,2.3553922176361084
17468,-0.16470588743686676,2.0857841968536377
17469,-0.1200980395078659,1.747549057006836
17470,-0.007843137718737125,1.5073529481887817
17471,-0.06029411777853966,1.1740195751190186
17472,-0.05980392172932625,0.9411764740943909
17473,-0.01225490216165781,0.6813725233078003
17474,-0.06911765038967133,0.40931373834609985
17475,-0.01225490216165781,0.17892156541347504
17476,-0.07156863063573837,-0.03431372717022896
17477,-0.020588235929608345,-0.28431373834609985
17478,-0.03186274692416191,-0.4730392098426819
17479,-0.038235295563936234,-0.7303921580314636
17480,-0.009313725866377354,-0.936274528503418
17481,-0.037254903465509415,-1.1642156839370728
17482,-0.03431372717022896,-1.3480392694473267
17483,-0.03333333507180214,-1.6004902124404907
17484,-0.037745099514722824,-1.8700979948043823
17485,-0.027450980618596077,-2.1715686321258545
17486,-0.0235294122248888,-2.379901885986328
17487,-0.03480392321944237,-2.6740195751190186
17488,-0.02450980432331562,-3.0
17489,-0.03529411926865578,-3.30637264251709
17490,-0.01764705963432789,-3.588235378265381
17491,-0.0416666679084301,-3.879901885986328
17492,-0.0313725508749485,-4.23774528503418
17493,-0.037254903465509415,-4.539215564727783
17494,-0.0313725508749485,-4.813725471496582
17495,-0.030392156913876534,-5.161764621734619
17496,-0.04019607976078987,-5.492647171020508
17497,-0.03529411926865578,-5.80637264251709
17498,-0.04117647185921669,-6.115196228027344
17499,-0.028431372717022896,-6.43137264251709
17500,-0.0313725508749485,-6.708333492279053
17501,-0.030392156913876534,-6.941176414489746
17502,-0.029411764815449715,-7.127450942993164
17503,-0.03284313902258873,-7.316176414489746
17504,-0.02598039247095585,-7.541666507720947
17505,-0.026960784569382668,-7.696078300476074
17506,-0.029411764815449715,-7.801470756530762
17507,-0.020098039880394936,-7.901960849761963
17508,-0.01225490216165781,-7.936274528503418
17509,-0.019117647781968117,-7.990196228027344
17510,-0.02598039247095585,-7.973039150238037
17511,-0.02401960827410221,-7.953431606292725
17512,-0.04264706000685692,-7.970588207244873
17513,-0.007843137718737125,-7.825980186462402
17514,-0.027941176667809486,-7.759803771972656
17515,-0.0029411765281111,-7.634803771972656
17516,-0.03970588371157646,-7.448529243469238
17517,0.021568628028035164,-7.247549057006836
17518,-0.03186274692416191,-7.100490093231201
17519,0.0058823530562222,-6.914215564727783
17520,-0.008823529817163944,-6.715686321258545
17521,0.0004901961074210703,-6.529411792755127
17522,-0.0034313725773245096,-6.291666507720947
17523,0.0019607844296842813,-6.093137264251709
17524,-0.0029411765281111,-5.897058963775635
17525,0.007843137718737125,-5.76225471496582
17526,0.007352941203862429,-5.514705657958984
17527,0.008333333767950535,-5.328431606292725
17528,0.00637254910543561,-5.154411792755127
17529,0.0034313725773245096,-4.995098114013672
17530,-0.0024509804788976908,-4.86274528503418
17531,-0.1715686321258545,-4.720588207244873
17532,-0.4593137204647064,-4.595588207244873
17533,0.34019607305526733,-4.414215564727783
17534,-0.47549018263816833,-4.294117450714111
17535,0.261274516582489,-4.205882549285889
17536,-0.23333333432674408,-4.066176414489746
17537,0.007352941203862429,-3.9534313678741455
17538,0.0004901961074210703,-3.8039214611053467
17539,-0.046568628400564194,-3.654411792755127
17540,0.038235295563936234,-3.5441176891326904
17541,-0.02450980432331562,-3.367647171020508
17542,-0.005392157007008791,-3.215686321258545
17543,0.023039216175675392,-3.024509906768799
17544,-0.019117647781968117,-2.8014705181121826
17545,0.004411764908581972,-2.5833332538604736
17546,0.0,-2.3210785388946533
17547,-0.00147058826405555,-2.1348040103912354
17548,0.010294117964804173,-1.8259804248809814
17549,0.0,-1.5539215803146362
17550,0.018137255683541298,-1.2254902124404907
17551,0.008333333767950535,-0.8480392098426819
17552,0.014215686358511448,-0.5588235259056091
17553,0.020588235929608345,-0.15931372344493866
17554,0.026470588520169258,0.24754901230335236
17555,0.02549019642174244,0.6470588445663452
17556,0.023039216175675392,1.0098038911819458
17557,0.01568627543747425,1.4142156839370728
17558,0.01568627543747425,1.8333333730697632
17559,0.029901960864663124,2.279411792755127
17560,0.019117647781968117,2.649509906768799
17561,0.022058824077248573,3.05637264251709
17562,0.0117647061124444,3.4583332538604736
17563,0.02450980432331562,3.811274528503418
17564,0.020588235929608345,4.125
17565,0.022549020126461983,4.433823585510254
17566,0.03480392321944237,4.803921699523926
17567,0.010784314014017582,5.063725471496582
17568,0.03529411926865578,5.294117450714111
17569,0.009803921915590763,5.566176414489746
17570,0.018137255683541298,5.754901885986328
17571,0.005392157007008791,5.904411792755127
17572,0.02500000037252903,6.063725471496582
17573,0.007843137718737125,6.227941036224365
17574,0.008333333767950535,6.31862735748291
17575,0.007352941203862429,6.43137264251709
17576,0.0004901961074210703,6.522058963775635
17577,-0.010294117964804173,6.563725471496582
17578,0.0058823530562222,6.617647171020508
17579,0.011274510063230991,6.683823585510254
17580,-0.0019607844296842813,6.69362735748291
17581,-0.0019607844296842813,6.75
17582,0.0,6.776960849761963
17583,0.0,6.781862735748291
17584,0.003921568859368563,6.80637264251709
17585,0.0004901961074210703,6.86274528503418
17586,-0.005392157007008791,6.892157077789307
17587,-0.0019607844296842813,6.977941036224365
17588,0.005392157007008791,7.100490093231201
17589,0.0034313725773245096,7.147058963775635
17590,-0.003921568859368563,7.267157077789307
17591,0.008823529817163944,7.377450942993164
17592,0.0034313725773245096,7.514705657958984
17593,-0.00637254910543561,7.625
17594,0.0,7.774509906768799
17595,0.007352941203862429,7.955882549285889
17596,0.006862745154649019,8.063725471496582
17597,-0.0004901961074210703,8.164216041564941
17598,0.008333333767950535,8.35049057006836
17599,0.0034313725773245096,8.409314155578613
17600,0.0049019609577953815,8.602941513061523
17601,0.008823529817163944,8.676470756530762
17602,0.003921568859368563,8.779411315917969
17603,-0.00637254910543561,8.872549057006836
17604,0.00637254910543561,8.911765098571777
17605,-0.0024509804788976908,8.914216041564941
17606,0.0019607844296842813,8.897058486938477
17607,-0.004411764908581972,8.892156600952148
17608,-0.0034313725773245096,8.852941513061523
17609,-0.010784314014017582,8.764705657958984
17610,-0.01274509821087122,8.64950942993164
17611,-0.01617647148668766,8.522058486938477
17612,-0.010294117964804173,8.355392456054688
17613,-0.019607843831181526,8.166666984558105
17614,-0.014215686358511448,7.955882549285889
17615,-0.008333333767950535,7.659313678741455
17616,-0.021568628028035164,7.428921699523926
17617,-0.014705882407724857,7.144608020782471
17618,-0.0313725508749485,6.882352828979492
17619,-0.026960784569382668,6.580882549285889
17620,-0.0235294122248888,6.311274528503418
17621,-0.026960784569382668,6.022058963775635
17622,-0.02450980432331562,5.691176414489746
17623,-0.01715686358511448,5.394608020782471
17624,-0.03431372717022896,5.127450942993164
17625,-0.015196078456938267,4.828431606292725
17626,-0.0313725508749485,4.593137264251709
17627,-0.02500000037252903,4.338235378265381
17628,-0.0235294122248888,4.095588207244873
17629,-0.019117647781968117,3.8970587253570557
17630,-0.021568628028035164,3.7058823108673096
17631,-0.02450980432331562,3.497549057006836
17632,-0.02500000037252903,3.404411792755127
17633,-0.021568628028035164,3.2058823108673096
17634,-0.01568627543747425,3.1102941036224365
17635,-0.021078431978821754,3.024509906768799
17636,-0.019607843831181526,2.9240195751190186
17637,-0.01274509821087122,2.816176414489746
17638,-0.007352941203862429,2.7058823108673096
17639,-0.018137255683541298,2.625
17640,-0.020098039880394936,2.558823585510254
17641,0.013725490309298038,2.463235378265381
17642,0.027450980618596077,2.4215686321258545
17643,-0.021568628028035164,2.252450942993164
17644,-0.00147058826405555,2.159313678741455
17645,-0.02401960827410221,2.0122549533843994
17646,-0.010784314014017582,1.8553920984268188
17647,-0.0034313725773245096,1.6348038911819458
17648,-0.02500000037252903,1.4607843160629272
17649,-0.011274510063230991,1.2254902124404907
17650,-0.00637254910543561,1.0269607305526733
17651,-0.01568627543747425,0.7058823704719543
17652,-0.02500000037252903,0.4583333432674408
17653,-0.02401960827410221,0.15196079015731812
17654,-0.03970588371157646,-0.14950980246067047
17655,-0.029901960864663124,-0.5196078419685364
17656,-0.028431372717022896,-0.8504902124404907
17657,-0.03333333507180214,-1.215686321258545
17658,-0.035784315317869186,-1.561274528503418
17659,-0.04117647185921669,-1.9240195751190186
17660,-0.029901960864663124,-2.3259804248809814
17661,-0.035784315317869186,-2.6470587253570557
17662,-0.03333333507180214,-2.9828431606292725
17663,-0.03333333507180214,-3.3602941036224365
17664,-0.04313725605607033,-3.6666667461395264
17665,-0.03235294297337532,-3.9558823108673096
17666,-0.04264706000685692,-4.198529243469238
17667,-0.04068627581000328,-4.485294342041016
17668,-0.0416666679084301,-4.713235378265381
17669,-0.026960784569382668,-4.904411792755127
17670,-0.029901960864663124,-5.156862735748291
17671,-0.018137255683541298,-5.269608020782471
17672,-0.03186274692416191,-5.367647171020508
17673,-0.019117647781968117,-5.470588207244873
17674,0.004411764908581972,-5.549019813537598
17675,-0.0029411765281111,-5.585784435272217
17676,-0.010294117964804173,-5.583333492279053
17677,0.0024509804788976908,-5.627450942993164
17678,-0.03235294297337532,-5.598039150238037
17679,0.013235294260084629,-5.617647171020508
17680,-0.023039216175675392,-5.585784435272217
17681,-0.00637254910543561,-5.553921699523926
17682,-0.005392157007008791,-5.600490093231201
17683,0.0,-5.563725471496582
17684,0.0004901961074210703,-5.531862735748291
17685,-0.015196078456938267,-5.5
17686,-0.006862745154649019,-5.507352828979492
17687,-0.013725490309298038,-5.544117450714111
17688,-0.014215686358511448,-5.622549057006836
17689,-0.010294117964804173,-5.664215564727783
17690,-0.006862745154649019,-5.764705657958984
17691,-0.01568627543747425,-5.857842922210693
17692,-0.01617647148668766,-5.995098114013672
17693,-0.01715686358511448,-6.107842922210693
17694,-0.018627451732754707,-6.284313678741455
17695,-0.0235294122248888,-6.424019813537598
17696,-0.020098039880394936,-6.642157077789307
17697,-0.014215686358511448,-6.828431606292725
17698,-0.01666666753590107,-7.0
17699,-0.02401960827410221,-7.223039150238037
17700,-0.026470588520169258,-7.394608020782471
17701,-0.026470588520169258,-7.610294342041016
17702,-0.04362745210528374,-7.794117450714111
17703,-0.02401960827410221,-7.933823585510254
17704,-0.026960784569382668,-8.06862735748291
17705,-0.020588235929608345,-8.245098114013672
17706,-0.020098039880394936,-8.34313678741455
17707,-0.021568628028035164,-8.421568870544434
17708,-0.01764705963432789,-8.519607543945312
17709,-0.02401960827410221,-8.495098114013672
17710,-0.0049019609577953815,-8.519607543945312
17711,-0.01666666753590107,-8.45588207244873
17712,-0.01274509821087122,-8.379901885986328
17713,-0.021568628028035164,-8.29411792755127
17714,-0.007352941203862429,-8.208333015441895
17715,0.0,-8.036765098571777
17716,-0.009313725866377354,-7.882352828979492
17717,-0.007843137718737125,-7.691176414489746
17718,0.00147058826405555,-7.465686321258545
17719,-0.0024509804788976908,-7.303921699523926
17720,-0.0034313725773245096,-6.977941036224365
17721,0.0,-6.808823585510254
17722,0.0024509804788976908,-6.55637264251709
17723,0.0024509804788976908,-6.313725471496582
17724,0.0058823530562222,-6.085784435272217
17725,0.008823529817163944,-5.872549057006836
17726,0.01225490216165781,-5.678921699523926
17727,0.0049019609577953815,-5.517157077789307
17728,0.0,-5.294117450714111
17729,0.01274509821087122,-5.208333492279053
17730,0.013725490309298038,-5.088235378265381
17731,-0.005392157007008791,-5.022058963775635
17732,0.008823529817163944,-4.914215564727783
17733,-0.019117647781968117,-4.850490093231201
17734,0.007843137718737125,-4.830882549285889
17735,0.00147058826405555,-4.884803771972656
17736,-0.0019607844296842813,-4.919117450714111
17737,-0.014215686358511448,-4.921568393707275
17738,-0.010294117964804173,-4.997549057006836
17739,-0.011274510063230991,-5.024509906768799
17740,-0.007843137718737125,-5.105391979217529
17741,-0.011274510063230991,-5.154411792755127
17742,-0.01617647148668766,-5.200980186462402
17743,-0.009313725866377354,-5.218137264251709
17744,-0.01617647148668766,-5.294117450714111
17745,-0.018627451732754707,-5.279411792755127
17746,-0.013725490309298038,-5.267157077789307
17747,-0.013235294260084629,-5.223039150238037
17748,-0.006862745154649019,-5.215686321258545
17749,-0.015196078456938267,-5.088235378265381
17750,-0.009313725866377354,-4.997549057006836
17751,-0.009803921915590763,-4.833333492279053
17752,-0.00637254910543561,-4.686274528503418
17753,-0.0029411765281111,-4.497549057006836
17754,0.0004901961074210703,-4.279411792755127
17755,0.0058823530562222,-4.031862735748291
17756,0.009803921915590763,-3.7107841968536377
17757,0.003921568859368563,-3.4142158031463623
17758,0.01274509821087122,-3.05637264251709
17759,0.00147058826405555,-2.7720587253570557
17760,0.01274509821087122,-2.436274528503418
17761,0.01274509821087122,-2.090686321258545
17762,0.018137255683541298,-1.747549057006836
17763,0.01617647148668766,-1.3946079015731812
17764,-0.00637254910543561,-1.066176414489746
17765,0.01617647148668766,-0.7549019455909729
17766,0.019117647781968117,-0.4313725531101227
17767,0.009803921915590763,-0.1764705926179886
17768,0.01225490216165781,0.05882352963089943
17769,0.011274510063230991,0.2647058963775635
17770,0.011274510063230991,0.48774510622024536
17771,0.020588235929608345,0.656862735748291
17772,0.01617647148668766,0.7647058963775635
17773,0.0058823530562222,0.8602941036224365
17774,0.009313725866377354,0.9338235259056091
17775,0.0,0.9754902124404907
17776,0.0024509804788976908,0.9950980544090271
17777,-0.0049019609577953815,0.9460784196853638
17778,-0.0029411765281111,0.9656862616539001
17779,-0.00637254910543561,0.8823529481887817
17780,-0.0024509804788976908,0.8480392098426819
17781,-0.009313725866377354,0.8088235259056091
17782,0.0004901961074210703,0.75
17783,-0.018137255683541298,0.7598039507865906
17784,-0.005392157007008791,0.654411792755127
17785,-0.02401960827410221,0.6127451062202454
17786,-0.0004901961074210703,0.6446078419685364
17787,-0.018137255683541298,0.6004902124404907
17788,-0.009803921915590763,0.6274510025978088
17789,0.0,0.6617646813392639
17790,-0.014705882407724857,0.7745097875595093
17791,-0.0058823530562222,0.9166666865348816
17792,0.004411764908581972,1.034313678741455
17793,0.01225490216165781,1.2377450466156006
17794,0.007352941203862429,1.4558823108673096
17795,0.0117647061124444,1.6617647409439087
17796,0.0049019609577953815,1.968137264251709
17797,0.009803921915590763,2.2352941036224365
17798,0.008333333767950535,2.5441176891326904
17799,0.0117647061124444,2.8627450466156006
17800,0.020588235929608345,3.1960785388946533
17801,0.01715686358511448,3.531862735748291
17802,0.01666666753590107,3.867647171020508
17803,0.011274510063230991,4.232842922210693
17804,0.009803921915590763,4.519608020782471
17805,0.018627451732754707,4.843137264251709
17806,0.029411764815449715,5.132352828979492
17807,0.044607844203710556,5.384803771972656
17808,-0.01715686358511448,5.627450942993164
17809,0.020588235929608345,5.845588207244873
17810,0.020098039880394936,6.039215564727783
17811,0.01225490216165781,6.13725471496582
17812,0.018627451732754707,6.264705657958984
17813,0.007352941203862429,6.372549057006836
17814,0.011274510063230991,6.375
17815,0.004411764908581972,6.328431606292725
17816,0.01617647148668766,6.30637264251709
17817,-0.019607843831181526,6.235294342041016
17818,0.010294117964804173,6.166666507720947
17819,-0.020588235929608345,6.053921699523926
17820,0.24558822810649872,5.950980186462402
17821,0.16323529183864594,5.75
17822,-1.1230392456054688,5.522058963775635
17823,0.7058823704719543,5.497549057006836
17824,-0.8642156720161438,5.311274528503418
17825,0.18039216101169586,5.223039150238037
17826,-0.16470588743686676,5.075980186462402
17827,-0.04068627581000328,4.995098114013672
17828,-0.018137255683541298,4.955882549285889
17829,-0.054901961237192154,4.884803771972656
17830,-0.0024509804788976908,4.838235378265381
17831,-0.0034313725773245096,4.865196228027344
17832,-0.03480392321944237,4.941176414489746
17833,-0.015196078456938267,5.044117450714111
17834,-0.014705882407724857,5.171568393707275
17835,-0.03970588371157646,5.338235378265381
17836,0.014215686358511448,5.526960849761963
17837,-0.03333333507180214,5.735294342041016
17838,0.028921568766236305,5.973039150238037
17839,-0.10784313827753067,6.23774528503418
17840,0.0019607844296842813,6.566176414489746
17841,-0.018137255683541298,6.811274528503418
17842,0.06323529779911041,7.147058963775635
17843,-0.022058824077248573,7.426470756530762
17844,0.0313725508749485,7.691176414489746
17845,0.019607843831181526,8.002450942993164
17846,0.028921568766236305,8.26225471496582
17847,0.029411764815449715,8.495098114013672
17848,0.019117647781968117,8.676470756530762
17849,0.02500000037252903,8.865196228027344
17850,0.01617647148668766,8.990196228027344
17851,0.013235294260084629,9.102941513061523
17852,0.010294117964804173,9.161765098571777
17853,0.0049019609577953815,9.178921699523926
17854,0.0117647061124444,9.144607543945312
17855,0.0029411765281111,9.085783958435059
17856,0.005392157007008791,8.98774528503418
17857,0.0004901961074210703,8.877450942993164
17858,-0.008333333767950535,8.698529243469238
17859,-0.011274510063230991,8.46813678741455
17860,-0.00147058826405555,8.28186321258545
17861,-0.0024509804788976908,8.01225471496582
17862,-0.007843137718737125,7.786764621734619
17863,-0.013235294260084629,7.544117450714111
17864,-0.019607843831181526,7.254901885986328
17865,-0.01225490216165781,7.058823585510254
17866,-0.013725490309298038,6.803921699523926
17867,-0.014215686358511448,6.620098114013672
17868,-0.01666666753590107,6.450980186462402
17869,-0.02500000037252903,6.294117450714111
17870,-0.019607843831181526,6.149509906768799
17871,-0.01568627543747425,6.063725471496582
17872,-0.01666666753590107,6.041666507720947
17873,-0.014705882407724857,6.044117450714111
17874,-0.01225490216165781,6.053921699523926
17875,-0.01274509821087122,6.151960849761963
17876,0.003921568859368563,6.284313678741455
17877,-0.007352941203862429,6.404411792755127
17878,-0.008333333767950535,6.651960849761963
17879,0.2137254923582077,6.879901885986328
17880,-0.1764705926179886,7.036764621734619
17881,-0.17450980842113495,7.338235378265381
17882,0.2563725411891937,7.659313678741455
17883,-0.20049019157886505,7.838235378265381
17884,0.11813725531101227,8.213234901428223
17885,-0.00637254910543561,8.448529243469238
17886,-0.01666666753590107,8.715685844421387
17887,0.06323529779911041,8.936274528503418
17888,-0.03872549161314964,9.16911792755127
17889,0.01568627543747425,9.335783958435059
17890,0.029411764815449715,9.47549057006836
17891,0.006862745154649019,9.571078300476074
17892,0.015196078456938267,9.639705657958984
17893,0.004411764908581972,9.674019813537598
17894,0.00147058826405555,9.61274528503418
17895,0.005392157007008791,9.529411315917969
17896,-0.01715686358511448,9.360294342041016
17897,-0.008333333767950535,9.188725471496582
17898,-0.003921568859368563,9.007352828979492
17899,-0.01617647148668766,8.715685844421387
17900,-0.014215686358511448,8.46813678741455
17901,-0.022549020126461983,8.176470756530762
17902,-0.020098039880394936,7.811274528503418
17903,-0.021078431978821754,7.502450942993164
17904,-0.03431372717022896,7.156862735748291
17905,-0.02500000037252903,6.830882549285889
17906,-0.030392156913876534,6.504901885986328
17907,-0.02598039247095585,6.174019813537598
17908,-0.030392156913876534,5.914215564727783
17909,-0.030882352963089943,5.629901885986328
17910,-0.01666666753590107,5.428921699523926
17911,-0.028431372717022896,5.245098114013672
17912,-0.01764705963432789,5.132352828979492
17913,-0.023039216175675392,5.071078300476074
17914,-0.013725490309298038,5.051470756530762
17915,-0.01666666753590107,5.036764621734619
17916,-0.0049019609577953815,5.154411792755127
17917,-0.005392157007008791,5.19362735748291
17918,0.0,5.365196228027344
17919,0.003921568859368563,5.578431606292725
17920,0.0004901961074210703,5.843137264251709
17921,0.009803921915590763,6.078431606292725
17922,0.0029411765281111,6.379901885986328
17923,0.013725490309298038,6.669117450714111
17924,0.004411764908581972,6.938725471496582
17925,0.013725490309298038,7.284313678741455
17926,0.015196078456938267,7.546568393707275
17927,0.026470588520169258,7.852941036224365
17928,0.019117647781968117,8.132352828979492
17929,0.018627451732754707,8.340685844421387
17930,0.01764705963432789,8.561274528503418
17931,0.014215686358511448,8.66911792755127
17932,0.008823529817163944,8.740196228027344
17933,0.0009803922148421407,8.784314155578613
17934,0.009313725866377354,8.80637264251709
17935,0.003921568859368563,8.77450942993164
17936,0.0009803922148421407,8.620098114013672
17937,-0.00147058826405555,8.477941513061523
17938,-0.0029411765281111,8.215685844421387
17939,-0.0117647061124444,7.960784435272217
17940,-0.008823529817163944,7.647058963775635
17941,-0.019117647781968117,7.30637264251709
17942,-0.021568628028035164,6.914215564727783
17943,-0.020098039880394936,6.534313678741455
17944,-0.021078431978821754,6.178921699523926
17945,-0.027450980618596077,5.683823585510254
17946,-0.030392156913876534,5.301470756530762
17947,-0.018137255683541298,4.93137264251709
17948,-0.03921568766236305,4.561274528503418
17949,-0.05049019679427147,4.223039150238037
17950,-0.03431372717022896,3.8897058963775635
17951,-0.0235294122248888,3.6151959896087646
17952,-0.036764707416296005,3.4166667461395264
17953,-0.01666666753590107,3.242647171020508
17954,-0.010784314014017582,3.1397058963775635
17955,-0.19705882668495178,3.0808823108673096
17956,1.4504902362823486,3.279411792755127
17957,-0.9019607901573181,3.1642158031463623
17958,1.2421568632125854,3.3897058963775635
17959,-0.5259804129600525,3.529411792755127
17960,0.4490196108818054,3.7696077823638916
17961,-0.09705882519483566,4.051470756530762
17962,0.062254901975393295,4.323529243469238
17963,0.08676470816135406,4.705882549285889
17964,0.006862745154649019,5.061274528503418
17965,0.04117647185921669,5.421568393707275
17966,0.06568627804517746,5.776960849761963
17967,-0.008333333767950535,6.134803771972656
17968,0.06323529779911041,6.441176414489746
17969,0.01764705963432789,6.772058963775635
17970,0.028921568766236305,7.073529243469238
17971,0.02549019642174244,7.299019813537598
17972,0.0004901961074210703,7.485294342041016
17973,-0.030392156913876534,7.610294342041016
17974,0.019607843831181526,7.69362735748291
17975,-0.00637254910543561,7.732842922210693
17976,-0.0029411765281111,7.68137264251709
17977,-0.009313725866377354,7.536764621734619
17978,-0.007352941203862429,7.370098114013672
17979,-0.0004901961074210703,7.085784435272217
17980,-0.02549019642174244,6.816176414489746
17981,-0.005392157007008791,6.504901885986328
17982,-0.022058824077248573,6.090686321258545
17983,-0.022058824077248573,5.610294342041016
17984,-0.018627451732754707,5.176470756530762
17985,-0.026470588520169258,4.703431606292725
17986,-0.0416666679084301,4.227941036224365
17987,-0.03382353112101555,3.715686321258545
17988,-0.023039216175675392,3.274509906768799
17989,-0.04215686395764351,2.8039214611053467
17990,-0.035784315317869186,2.4240195751190186
17991,-0.03872549161314964,2.002450942993164
17992,-0.045098040252923965,1.7083333730697632
17993,-0.037254903465509415,1.438725471496582
17994,-0.022058824077248573,1.218137264251709
17995,-0.019117647781968117,1.0833333730697632
17996,-0.021078431978821754,1.034313678741455
17997,-0.019607843831181526,1.0539215803146362
17998,-0.0049019609577953815,1.1519607305526733
17999,-0.008333333767950535,1.2892156839370728
18000,-0.008823529817163944,1.5196079015731812
18001,0.019607843831181526,1.8014706373214722
18002,0.0019607844296842813,2.0833332538604736
18003,0.020098039880394936,2.468137264251709
18004,0.013235294260084629,2.867647171020508
18005,0.00637254910543561,3.340686321258545
18006,0.06323529779911041,3.7941176891326904
18007,-0.0058823530562222,4.311274528503418
18008,0.07696078717708588,4.718137264251709
18009,0.02450980432331562,5.176470756530762
18010,0.03872549161314964,5.620098114013672
18011,0.04313725605607033,5.941176414489746
18012,0.02450980432331562,6.325980186462402
18013,0.03284313902258873,6.561274528503418
18014,0.02598039247095585,6.735294342041016
18015,0.010784314014017582,6.897058963775635
18016,0.018627451732754707,6.958333492279053
18017,0.008823529817163944,6.968137264251709
18018,0.01225490216165781,6.833333492279053
18019,-0.004411764908581972,6.678921699523926
18020,-0.004411764908581972,6.44362735748291
18021,-0.013235294260084629,6.120098114013672
18022,-0.014215686358511448,5.732842922210693
18023,-0.018137255683541298,5.294117450714111
18024,-0.019117647781968117,4.791666507720947
18025,-0.03235294297337532,4.269608020782471
18026,-0.04215686395764351,3.686274528503418
18027,-0.07941176742315292,3.1421568393707275
18028,-0.46127450466156006,2.5220587253570557
18029,0.3137255012989044,2.007352828979492
18030,-0.4799019694328308,1.4313725233078003
18031,0.10735294222831726,0.8799019455909729
18032,-0.12401960790157318,0.5122548937797546
18033,-0.1455882340669632,0.04901960864663124
18034,-0.00147058826405555,-0.27450981736183167
18035,-0.08088235557079315,-0.5759803652763367
18036,-0.01715686358511448,-0.7475489974021912
18037,-0.00637254910543561,-0.8578431606292725
18038,-0.08284313976764679,-0.8651960492134094
18039,0.01617647148668766,-0.8259803652763367
18040,-0.03333333507180214,-0.6960784196853638
18041,-0.0058823530562222,-0.4387255012989044
18042,-0.004411764908581972,-0.1299019604921341
18043,0.0009803922148421407,0.27941176295280457
18044,0.01568627543747425,0.7132353186607361
18045,0.010294117964804173,1.2450979948043823
18046,0.023039216175675392,1.7549020051956177
18047,0.022549020126461983,2.3235294818878174
18048,0.030882352963089943,2.8897058963775635
18049,0.0313725508749485,3.4803922176361084
18050,0.036274511367082596,4.017157077789307
18051,0.019117647781968117,4.551470756530762
18052,0.06666667014360428,5.046568393707275
18053,0.019117647781968117,5.549019813537598
18054,0.03333333507180214,5.941176414489746
18055,0.08627451211214066,6.252450942993164
18056,0.013235294260084629,6.458333492279053
18057,0.014705882407724857,6.647058963775635
18058,0.01666666753590107,6.718137264251709
18059,-0.008823529817163944,6.708333492279053
18060,0.008333333767950535,6.571078300476074
18061,-0.011274510063230991,6.350490093231201
18062,-0.008823529817163944,6.0
18063,-0.018627451732754707,5.627450942993164
18064,-0.03382353112101555,5.176470756530762
18065,-0.02549019642174244,4.620098114013672
18066,-0.03921568766236305,4.022058963775635
18067,-0.04068627581000328,3.3848040103912354
18068,-0.04264706000685692,2.6764705181121826
18069,-0.04901960864663124,2.026960849761963
18070,-0.05686274543404579,1.372549057006836
18071,-0.05147058889269829,0.6985294222831726
18072,-0.061764705926179886,0.0416666679084301
18073,-0.0573529414832592,-0.595588207244873
18074,-0.05539215728640556,-1.1397058963775635
18075,-0.052941177040338516,-1.6323529481887817
18076,-0.052941177040338516,-1.9901961088180542
18077,-0.03872549161314964,-2.274509906768799
18078,-0.04313725605607033,-2.4779412746429443
18079,-0.03284313902258873,-2.598039150238037
18080,-0.026470588520169258,-2.620098114013672
18081,-0.01764705963432789,-2.5122549533843994
18082,-0.00637254910543561,-2.3235294818878174
18083,-0.0024509804788976908,-2.0122549533843994
18084,-0.010294117964804173,-1.625
18085,0.006862745154649019,-1.1176470518112183
18086,0.01715686358511448,-0.5833333134651184
18087,0.021078431978821754,0.046568628400564194
18088,0.0313725508749485,0.7328431606292725
18089,0.03186274692416191,1.4240195751190186
18090,0.03529411926865578,2.18137264251709
18091,0.036274511367082596,2.877450942993164
18092,0.035784315317869186,3.558823585510254
18093,0.04362745210528374,4.272058963775635
18094,0.04803921654820442,4.901960849761963
18095,0.04019607976078987,5.463235378265381
18096,0.037745099514722824,5.955882549285889
18097,0.04068627581000328,6.404411792755127
18098,0.03921568766236305,6.683823585510254
18099,0.0313725508749485,6.904411792755127
18100,0.020588235929608345,6.963235378265381
18101,0.010784314014017582,6.973039150238037
18102,0.0058823530562222,6.828431606292725
18103,0.003921568859368563,6.607842922210693
18104,-0.006862745154649019,6.232842922210693
18105,-0.009803921915590763,5.735294342041016
18106,-0.029901960864663124,5.188725471496582
18107,-0.028431372717022896,4.573529243469238
18108,-0.03431372717022896,3.882352828979492
18109,-0.045588236302137375,3.063725471496582
18110,-0.038235295563936234,2.311274528503418
18111,-0.07009804248809814,1.4901961088180542
18112,-0.046568628400564194,0.6642156839370728
18113,-0.06323529779911041,-0.15441176295280457
18114,-0.05588235333561897,-0.9264705777168274
18115,-0.06617647409439087,-1.6397058963775635
18116,-0.05980392172932625,-2.308823585510254
18117,-0.05980392172932625,-2.9264705181121826
18118,-0.054411765187978745,-3.4142158031463623
18119,-0.05882352963089943,-3.776960849761963
18120,-0.04019607976078987,-4.11274528503418
18121,-0.037745099514722824,-4.186274528503418
18122,-0.023039216175675392,-4.215686321258545
18123,0.003921568859368563,-4.13725471496582
18124,0.0,-3.879901885986328
18125,0.0235294122248888,-3.5539214611053467
18126,0.01764705963432789,-3.122549057006836
18127,0.0235294122248888,-2.524509906768799
18128,0.026470588520169258,-1.8799020051956177
18129,0.023039216175675392,-1.1715686321258545
18130,0.02549019642174244,-0.29411765933036804
18131,0.04362745210528374,0.5024510025978088
18132,0.04411764815449715,1.3995097875595093
18133,0.045098040252923965,2.2647058963775635
18134,0.053921569138765335,3.1470587253570557
18135,0.053921569138765335,3.970588207244873
18136,0.10098039358854294,4.794117450714111
18137,0.046568628400564194,5.495098114013672
18138,0.07107843458652496,6.176470756530762
18139,0.05147058889269829,6.698529243469238
18140,0.0519607849419117,7.139705657958984
18141,0.03970588371157646,7.421568393707275
18142,0.021078431978821754,7.671568393707275
18143,0.026960784569382668,7.654411792755127
18144,0.01568627543747425,7.571078300476074
18145,0.0004901961074210703,7.333333492279053
18146,0.0,6.98774528503418
18147,-0.020098039880394936,6.544117450714111
18148,-0.026470588520169258,5.936274528503418
18149,-0.027941176667809486,5.218137264251709
18150,-0.03872549161314964,4.419117450714111
18151,-0.04313725605607033,3.529411792755127
18152,-0.062254901975393295,2.588235378265381
18153,-0.07058823853731155,1.6495097875595093
18154,-0.062254901975393295,0.6642156839370728
18155,-0.07254902273416519,-0.3014705777168274
18156,-0.07549019902944565,-1.2573529481887817
18157,-0.07941176742315292,-2.156862735748291
18158,-0.07598039507865906,-3.029411792755127
18159,-0.06911765038967133,-3.7377450466156006
18160,-0.07205882668495178,-4.416666507720947
18161,-0.06960784643888474,-4.950980186462402
18162,-0.04215686395764351,-5.365196228027344
18163,-0.06519608199596405,-5.602941036224365
18164,-0.029901960864663124,-5.745098114013672
18165,-0.04264706000685692,-5.725490093231201
18166,-0.022549020126461983,-5.600490093231201
18167,-0.009313725866377354,-5.267157077789307
18168,-0.0049019609577953815,-4.828431606292725
18169,0.010784314014017582,-4.286764621734619
18170,0.07647059112787247,-3.4779412746429443
18171,-0.020588235929608345,-2.745098114013672
18172,0.053431373089551926,-1.8039215803146362
18173,0.04068627581000328,-0.813725471496582
18174,0.046568628400564194,0.10049019753932953
18175,0.05833333358168602,1.2058823108673096
18176,0.0519607849419117,2.2377450466156006
18177,0.053431373089551926,3.2892158031463623
18178,0.062254901975393295,4.289215564727783
18179,0.061764705926179886,5.203431606292725
18180,0.06911765038967133,6.073529243469238
18181,0.0519607849419117,6.811274528503418
18182,0.05686274543404579,7.463235378265381
18183,0.04264706000685692,7.941176414489746
18184,0.044607844203710556,8.31862735748291
18185,0.04215686395764351,8.522058486938477
18186,0.03284313902258873,8.602941513061523
18187,0.022549020126461983,8.5
18188,0.0,8.220588684082031
18189,0.0,7.784313678741455
18190,-0.009803921915590763,7.213235378265381
18191,-0.03529411926865578,6.507352828979492
18192,-0.03333333507180214,5.713235378265381
18193,-0.04901960864663124,4.786764621734619
18194,-0.054411765187978745,3.808823585510254
18195,-0.06715686619281769,2.6985294818878174
18196,-0.0681372582912445,1.6151961088180542
18197,-0.08725490421056747,0.42892158031463623
18198,-0.09019608050584793,-0.7254902124404907
18199,-0.08921568840742111,-1.7916666269302368
18200,-0.0882352963089943,-2.8308823108673096
18201,-0.08676470816135406,-3.781862735748291
18202,-0.0887254923582077,-4.710784435272217
18203,-0.08431372791528702,-5.450980186462402
18204,-0.07205882668495178,-6.095588207244873
18205,-0.07352941483259201,-6.566176414489746
18206,-0.07401961088180542,-6.921568393707275
18207,-0.046078432351350784,-7.11274528503418
18208,-0.0519607849419117,-7.105391979217529
18209,-0.03480392321944237,-6.990196228027344
18210,-0.01568627543747425,-6.664215564727783
18211,-0.01764705963432789,-6.18137264251709
18212,0.004411764908581972,-5.536764621734619
18213,0.022549020126461983,-4.791666507720947
18214,0.020098039880394936,-3.867647171020508
18215,0.026470588520169258,-2.8627450466156006
18216,0.03921568766236305,-1.7916666269302368
18217,0.054901961237192154,-0.654411792755127
18218,0.04852941259741783,0.5367646813392639
18219,0.06862745434045792,1.6960784196853638
18220,0.07549019902944565,2.9215686321258545
18221,0.07647059112787247,4.05637264251709
18222,0.06911765038967133,5.129901885986328
18223,0.07941176742315292,6.166666507720947
18224,0.061764705926179886,7.073529243469238
18225,0.07107843458652496,7.872549057006836
18226,0.061764705926179886,8.502450942993164
18227,0.053921569138765335,9.004901885986328
18228,0.04411764815449715,9.311274528503418
18229,0.035784315317869186,9.453431129455566
18230,0.02500000037252903,9.453431129455566
18231,0.019117647781968117,9.23774528503418
18232,0.019607843831181526,8.884803771972656
18233,-0.01764705963432789,8.279411315917969
18234,-0.030882352963089943,7.629901885986328
18235,-0.03284313902258873,6.779411792755127
18236,-0.053921569138765335,5.813725471496582
18237,-0.05147058889269829,4.740196228027344
18238,-0.07892157137393951,3.651960849761963
18239,-0.08039215952157974,2.3921568393707275
18240,-0.08970588445663452,1.1985293626785278
18241,-0.08137255162000656,-0.07107843458652496
18242,-0.0936274528503418,-1.3235293626785278
18243,-0.09313725680112839,-2.5392158031463623
18244,-0.10539215803146362,-3.651960849761963
18245,-0.09754902124404907,-4.732842922210693
18246,-0.09558823704719543,-5.607842922210693
18247,-0.0833333358168602,-6.441176414489746
18248,-0.07696078717708588,-7.13725471496582
18249,-0.0779411792755127,-7.595588207244873
18250,-0.06862745434045792,-7.955882549285889
18251,-0.05980392172932625,-8.13725471496582
18252,-0.037745099514722824,-8.110294342041016
18253,-0.03921568766236305,-7.93137264251709
18254,-0.029901960864663124,-7.563725471496582
18255,-0.0117647061124444,-6.977941036224365
18256,-0.0019607844296842813,-6.31862735748291
18257,0.014215686358511448,-5.460784435272217
18258,0.03970588371157646,-4.495098114013672
18259,0.035784315317869186,-3.436274528503418
18260,0.05784313753247261,-2.2720587253570557
18261,0.05882352963089943,-1.0049020051956177
18262,0.062745101749897,0.24264705181121826
18263,0.07107843458652496,1.5392156839370728
18264,0.08676470816135406,2.7941176891326904
18265,0.08088235557079315,4.088235378265381
18266,0.08676470816135406,5.225490093231201
18267,0.07598039507865906,6.281862735748291
18268,0.08235294371843338,7.274509906768799
18269,0.0779411792755127,8.075980186462402
18270,0.07254902273416519,8.816176414489746
18271,0.06470588594675064,9.360294342041016
18272,0.045588236302137375,9.720588684082031
18273,0.05686274543404579,9.901960372924805
18274,0.022549020126461983,9.953431129455566
18275,0.03382353112101555,9.803921699523926
18276,0.007843137718737125,9.45588207244873
18277,-0.00637254910543561,8.909314155578613
18278,-0.022549020126461983,8.286765098571777
18279,-0.02598039247095585,7.414215564727783
18280,-0.03970588371157646,6.5
18281,-0.04754902049899101,5.421568393707275
18282,-0.06029411777853966,4.294117450714111
18283,-0.062745101749897,3.06862735748291
18284,-0.08235294371843338,1.7352941036224365
18285,-0.09019608050584793,0.4828431308269501
18286,-0.09705882519483566,-0.7867646813392639
18287,-0.0941176488995552,-2.0784313678741455
18288,-0.08970588445663452,-3.252450942993164
18289,-0.0941176488995552,-4.355391979217529
18290,-0.09754902124404907,-5.392157077789307
18291,-0.09558823704719543,-6.264705657958984
18292,-0.08284313976764679,-7.051470756530762
18293,-0.07892157137393951,-7.639705657958984
18294,-0.0681372582912445,-8.09313678741455
18295,-0.06568627804517746,-8.38725471496582
18296,-0.0470588244497776,-8.460783958435059
18297,-0.0117647061124444,-8.414216041564941
18298,-0.05784313753247261,-8.174019813537598
18299,-0.006862745154649019,-7.691176414489746
18300,-0.011274510063230991,-7.13725471496582
18301,0.00637254910543561,-6.43137264251709
18302,0.023039216175675392,-5.561274528503418
18303,0.030392156913876534,-4.553921699523926
18304,0.045098040252923965,-3.4779412746429443
18305,0.05833333358168602,-2.2916667461395264
18306,0.062745101749897,-1.063725471496582
18307,0.06617647409439087,0.12745098769664764
18308,0.0941176488995552,1.372549057006836
18309,0.053431373089551926,2.617647171020508
18310,0.09558823704719543,3.813725471496582
18311,0.07549019902944565,4.953431606292725
18312,0.07941176742315292,6.002450942993164
18313,0.23578430712223053,6.965686321258545
18314,-1.8877451419830322,7.632352828979492
18315,0.33529412746429443,8.384803771972656
18316,-0.6357843279838562,8.985294342041016
18317,-0.3137255012989044,9.286765098571777
18318,-0.03480392321944237,9.595588684082031
18319,-0.10147058963775635,9.654411315917969
18320,-0.11715686321258545,9.549019813537598
18321,0.0034313725773245096,9.252450942993164
18322,-0.11274509876966476,8.84313678741455
18323,0.029411764815449715,8.296568870544434
18324,-0.09509804099798203,7.55637264251709
18325,-0.06078431382775307,6.688725471496582
18326,-0.062745101749897,5.718137264251709
18327,-0.08235294371843338,4.691176414489746
18328,-0.06715686619281769,3.598039150238037
18329,-0.09019608050584793,2.465686321258545
18330,-0.09509804099798203,1.2941176891326904
18331,-0.11911764740943909,0.05882352963089943
18332,-0.061274509876966476,-1.0857843160629272
18333,-0.0779411792755127,-2.191176414489746
18334,-0.09705882519483566,-3.3014705181121826
18335,-0.06666667014360428,-4.269608020782471
18336,-0.2088235318660736,-5.164215564727783
18337,-0.1308823525905609,-5.950980186462402
18338,-0.15931372344493866,-6.629901885986328
18339,-0.08970588445663452,-7.127450942993164
18340,-0.07892157137393951,-7.502450942993164
18341,-0.05539215728640556,-7.76225471496582
18342,-0.044607844203710556,-7.852941036224365
18343,-0.0235294122248888,-7.75
18344,-0.022058824077248573,-7.502450942993164
18345,-0.020588235929608345,-7.19362735748291
18346,0.0,-6.666666507720947
18347,0.014215686358511448,-5.997549057006836
18348,0.02500000037252903,-5.291666507720947
18349,0.03186274692416191,-4.414215564727783
18350,0.04117647185921669,-3.5122549533843994
18351,0.03921568766236305,-2.524509906768799
18352,0.07107843458652496,-1.4730392694473267
18353,0.05000000074505806,-0.4313725531101227
18354,0.06911765038967133,0.6397058963775635
18355,0.0730392187833786,1.6936274766921997
18356,0.0681372582912445,2.7941176891326904
18357,0.07107843458652496,3.7647058963775635
18358,0.07107843458652496,4.730391979217529
18359,0.06862745434045792,5.583333492279053
18360,0.06617647409439087,6.345588207244873
18361,0.06960784643888474,6.992647171020508
18362,0.0681372582912445,7.563725471496582
18363,0.05833333358168602,8.004901885986328
18364,0.04264706000685692,8.26225471496582
18365,0.03186274692416191,8.46813678741455
18366,0.02450980432331562,8.473039627075195
18367,0.0235294122248888,8.335783958435059
18368,0.007352941203862429,8.183823585510254
18369,-0.0029411765281111,7.811274528503418
18370,-0.014705882407724857,7.340686321258545
18371,-0.018137255683541298,6.779411792755127
18372,-0.028921568766236305,6.110294342041016
18373,-0.029411764815449715,5.348039150238037
18374,-0.04313725605607033,4.566176414489746
18375,-0.05000000074505806,3.6740195751190186
18376,-0.05539215728640556,2.7009804248809814
18377,-0.054411765187978745,1.7622549533843994
18378,-0.030882352963089943,0.8357843160629272
18379,-0.10294117778539658,-0.1299019604921341
18380,-0.05098039284348488,-1.061274528503418
18381,-0.08676470816135406,-1.9534313678741455
18382,-0.07401961088180542,-2.808823585510254
18383,-0.07156863063573837,-3.6127450466156006
18384,-0.07107843458652496,-4.311274528503418
18385,-0.07696078717708588,-4.941176414489746
18386,-0.05147058889269829,-5.475490093231201
18387,-0.04901960864663124,-5.911764621734619
18388,-0.11813725531101227,-6.240196228027344
18389,-0.845588207244873,-6.549019813537598
18390,0.2598039209842682,-6.563725471496582
18391,-0.374019593000412,-6.573529243469238
18392,0.014215686358511448,-6.448529243469238
18393,-0.07156863063573837,-6.200980186462402
18394,-0.08186274766921997,-5.855391979217529
18395,-0.007352941203862429,-5.409313678741455
18396,0.03235294297337532,-4.882352828979492
18397,-0.036274511367082596,-4.325980186462402
18398,0.04068627581000328,-3.590686321258545
18399,0.01617647148668766,-2.8872549533843994
18400,0.03970588371157646,-2.125
18401,0.021568628028035164,-1.284313678741455
18402,0.05000000074505806,-0.4019607901573181
18403,0.05931372568011284,0.4387255012989044
18404,0.06715686619281769,1.2647058963775635
18405,0.05882352963089943,2.151960849761963
18406,0.05637254938483238,2.970588207244873
18407,0.05539215728640556,3.752450942993164
18408,0.0573529414832592,4.448529243469238
18409,0.05637254938483238,5.13725471496582
18410,0.04264706000685692,5.708333492279053
18411,0.05882352963089943,6.230391979217529
18412,0.04852941259741783,6.674019813537598
18413,0.04803921654820442,7.053921699523926
18414,0.037254903465509415,7.272058963775635
18415,0.0313725508749485,7.450980186462402
18416,0.008823529817163944,7.502450942993164
18417,0.021078431978821754,7.441176414489746
18418,0.010294117964804173,7.289215564727783
18419,-0.0034313725773245096,7.05637264251709
18420,0.0,6.705882549285889
18421,-0.008823529817163944,6.289215564727783
18422,-0.061764705926179886,5.801470756530762
18423,0.0034313725773245096,5.186274528503418
18424,-0.038235295563936234,4.55637264251709
18425,-0.02401960827410221,3.781862735748291
18426,-0.026960784569382668,3.06862735748291
18427,-0.046568628400564194,2.213235378265381
18428,-0.05147058889269829,1.409313678741455
18429,-0.045098040252923965,0.561274528503418
18430,-0.05833333358168602,-0.2549019753932953
18431,-0.061764705926179886,-1.0833333730697632
18432,-0.0681372582912445,-1.8921568393707275
18433,-0.05686274543404579,-2.654411792755127
18434,-0.06519608199596405,-3.3602941036224365
18435,-0.06029411777853966,-4.083333492279053
18436,-0.07009804248809814,-4.708333492279053
18437,-0.04803921654820442,-5.225490093231201
18438,-0.06029411777853966,-5.683823585510254
18439,-0.037745099514722824,-6.029411792755127
18440,-0.053921569138765335,-6.299019813537598
18441,-0.029411764815449715,-6.48774528503418
18442,-0.04068627581000328,-6.546568393707275
18443,-0.0024509804788976908,-6.524509906768799
18444,-0.036274511367082596,-6.399509906768799
18445,-0.0034313725773245096,-6.110294342041016
18446,-0.013725490309298038,-5.776960849761963
18447,0.04215686395764351,-5.30637264251709
18448,1.1421568393707275,-4.647058963775635
18449,-0.010294117964804173,-4.110294342041016
18450,0.5578431487083435,-3.4558823108673096
18451,0.3186274468898773,-2.625
18452,-0.09852941334247589,-1.906862735748291
18453,0.37696078419685364,-1.0196079015731812
18454,-0.09558823704719543,-0.12254901975393295
18455,0.16225489974021912,0.781862735748291
18456,0.07647059112787247,1.6617647409439087
18457,0.00147058826405555,2.6078431606292725
18458,0.1147058829665184,3.4460785388946533
18459,0.008823529817163944,4.338235378265381
18460,0.08137255162000656,5.127450942993164
18461,0.03186274692416191,5.879901885986328
18462,0.05098039284348488,6.490196228027344
18463,0.04950980469584465,7.122549057006836
18464,0.05980392172932625,7.593137264251709
18465,0.04411764815449715,7.98774528503418
18466,0.030392156913876534,8.257352828979492
18467,0.019117647781968117,8.465685844421387
18468,0.02401960827410221,8.450980186462402
18469,0.00637254910543561,8.416666984558105
18470,0.009313725866377354,8.23774528503418
18471,-0.013235294260084629,7.946078300476074
18472,-0.011274510063230991,7.553921699523926
18473,-0.011274510063230991,6.960784435272217
18474,-0.02549019642174244,6.352941036224365
18475,-0.03186274692416191,5.647058963775635
18476,-0.04313725605607033,4.835784435272217
18477,-0.04950980469584465,3.9534313678741455
18478,-0.05539215728640556,3.0490195751190186
18479,-0.07598039507865906,2.05637264251709
18480,-0.06029411777853966,1.0735293626785278
18481,-0.08186274766921997,0.022058824077248573
18482,-0.07647059112787247,-0.9926470518112183
18483,-0.08529412001371384,-1.9730392694473267
18484,-0.07990196347236633,-2.933823585510254
18485,-0.07598039507865906,-3.8210785388946533
18486,-0.05637254938483238,-4.671568393707275
18487,-0.10539215803146362,-5.441176414489746
18488,-0.05686274543404579,-6.105391979217529
18489,-0.05833333358168602,-6.75
18490,-0.05980392172932625,-7.183823585510254
18491,-0.05245098099112511,-7.590686321258545
18492,-0.053921569138765335,-7.799019813537598
18493,-0.03480392321944237,-7.921568393707275
18494,-0.04411764815449715,-7.88725471496582
18495,0.03186274692416191,-7.752450942993164
18496,-0.03382353112101555,-7.482842922210693
18497,0.015196078456938267,-7.085784435272217
18498,-0.0004901961074210703,-6.531862735748291
18499,0.014215686358511448,-5.914215564727783
18500,0.03382353112101555,-5.23774528503418
18501,0.029411764815449715,-4.355391979217529
18502,0.04754902049899101,-3.473039150238037
18503,0.04313725605607033,-2.4607841968536377
18504,0.0519607849419117,-1.5122549533843994
18505,0.05833333358168602,-0.4583333432674408
18506,0.0573529414832592,0.593137264251709
18507,0.06666667014360428,1.625
18508,0.06568627804517746,2.713235378265381
18509,0.07352941483259201,3.7009804248809814
18510,0.07205882668495178,4.683823585510254
18511,0.0681372582912445,5.585784435272217
18512,0.06323529779911041,6.36274528503418
18513,0.05588235333561897,7.11274528503418
18514,0.06666667014360428,7.791666507720947
18515,0.15196079015731812,8.311274528503418
18516,0.6210784316062927,8.796568870544434
18517,-0.3387254774570465,9.009803771972656
18518,0.4107843041419983,9.183823585510254
18519,0.026470588520169258,9.235294342041016
18520,0.008333333767950535,9.142156600952148
18521,0.12647059559822083,8.97549057006836
18522,-0.03235294297337532,8.598039627075195
18523,0.036274511367082596,8.107843399047852
18524,0.0034313725773245096,7.585784435272217
18525,-0.0833333358168602,6.889705657958984
18526,0.008823529817163944,6.149509906768799
18527,-0.07058823853731155,5.296568393707275
18528,-0.029901960864663124,4.421568393707275
18529,-0.061764705926179886,3.4779412746429443
18530,-0.07352941483259201,2.5220587253570557
18531,-0.04950980469584465,1.4436274766921997
18532,-0.0779411792755127,0.4852941036224365
18533,-0.07892157137393951,-0.5220588445663452
18534,-0.07647059112787247,-1.566176414489746
18535,-0.09950980544090271,-2.4607841968536377
18536,-0.062745101749897,-3.3602941036224365
18537,-0.09754902124404907,-4.205882549285889
18538,-0.0784313753247261,-4.980391979217529
18539,-0.09117647260427475,-5.607842922210693
18540,-0.07450980693101883,-6.218137264251709
18541,-0.07401961088180542,-6.727941036224365
18542,-0.0519607849419117,-7.071078300476074
18543,-0.0573529414832592,-7.365196228027344
18544,-0.045588236302137375,-7.507352828979492
18545,-0.03921568766236305,-7.595588207244873
18546,-0.038235295563936234,-7.468137264251709
18547,-0.021078431978821754,-7.281862735748291
18548,-0.01715686358511448,-7.002450942993164
18549,-0.007843137718737125,-6.566176414489746
18550,-0.008333333767950535,-6.174019813537598
18551,0.01274509821087122,-5.56862735748291
18552,0.01764705963432789,-4.916666507720947
18553,0.023039216175675392,-4.205882549285889
18554,0.027941176667809486,-3.436274528503418
18555,0.036274511367082596,-2.649509906768799
18556,0.02598039247095585,-1.8259804248809814
18557,0.045098040252923965,-0.8872548937797546
18558,0.04852941259741783,-0.0416666679084301
18559,0.05588235333561897,0.8676470518112183
18560,0.05833333358168602,1.7401961088180542
18561,0.05588235333561897,2.620098114013672
18562,0.05539215728640556,3.3921568393707275
18563,0.06470588594675064,4.203431606292725
18564,0.052941177040338516,4.860294342041016
18565,0.05049019679427147,5.522058963775635
18566,0.045098040252923965,6.147058963775635
18567,0.04068627581000328,6.678921699523926
18568,0.04754902049899101,7.071078300476074
18569,0.04215686395764351,7.426470756530762
18570,0.02500000037252903,7.664215564727783
18571,0.0235294122248888,7.857842922210693
18572,0.01715686358511448,7.960784435272217
18573,0.013235294260084629,7.933823585510254
18574,0.003921568859368563,7.789215564727783
18575,0.0058823530562222,7.642157077789307
18576,-0.0024509804788976908,7.357842922210693
18577,-0.01666666753590107,6.955882549285889
18578,-0.008333333767950535,6.625
18579,-0.021078431978821754,6.102941036224365
18580,-0.03186274692416191,5.553921699523926
18581,-0.03921568766236305,4.924019813537598
18582,-0.036764707416296005,4.25
18583,-0.053431373089551926,3.5220587253570557
18584,-0.044607844203710556,2.81862735748291
18585,-0.05931372568011284,2.095588207244873
18586,-0.06029411777853966,1.279411792755127
18587,-0.062254901975393295,0.5245097875595093
18588,-0.05686274543404579,-0.19607843458652496
18589,-0.06470588594675064,-0.9803921580314636
18590,-0.05784313753247261,-1.75
18591,-0.05980392172932625,-2.465686321258545
18592,-0.05931372568011284,-3.1102941036224365
18593,-0.05784313753247261,-3.781862735748291
18594,-0.05686274543404579,-4.323529243469238
18595,-0.054411765187978745,-4.875
18596,-0.05980392172932625,-5.350490093231201
18597,-0.04803921654820442,-5.727941036224365
18598,-0.028431372717022896,-6.075980186462402
18599,-0.04803921654820442,-6.345588207244873
18600,-0.036274511367082596,-6.51225471496582
18601,-0.03284313902258873,-6.639705657958984
18602,-0.02500000037252903,-6.622549057006836
18603,-0.026470588520169258,-6.563725471496582
18604,-0.01666666753590107,-6.424019813537598
18605,-0.01225490216165781,-6.198529243469238
18606,-0.0019607844296842813,-5.892157077789307
18607,0.0034313725773245096,-5.526960849761963
18608,0.007352941203862429,-5.053921699523926
18609,0.011274510063230991,-4.504901885986328
18610,0.01617647148668766,-3.9191176891326904
18611,0.02598039247095585,-3.279411792755127
18612,0.036274511367082596,-2.5735294818878174
18613,0.0416666679084301,-1.8333333730697632
18614,0.05098039284348488,-1.0441176891326904
18615,0.04264706000685692,-0.24754901230335236
18616,0.037745099514722824,0.5539215803146362
18617,0.04313725605607033,1.4191176891326904
18618,0.04852941259741783,2.2328431606292725
18619,0.04852941259741783,3.029411792755127
18620,0.05098039284348488,3.8308823108673096
18621,0.05245098099112511,4.571078300476074
18622,0.04411764815449715,5.299019813537598
18623,0.053431373089551926,5.953431606292725
18624,0.04068627581000328,6.544117450714111
18625,0.044607844203710556,7.095588207244873
18626,0.044607844203710556,7.602941036224365
18627,0.03970588371157646,7.948529243469238
18628,0.06568627804517746,8.28186321258545
18629,0.06519608199596405,8.480392456054688
18630,0.02500000037252903,8.566176414489746
18631,0.045098040252923965,8.620098114013672
18632,0.011274510063230991,8.492647171020508
18633,0.01274509821087122,8.284314155578613
18634,-0.00147058826405555,8.041666984558105
18635,-0.014215686358511448,7.661764621734619
18636,-0.019607843831181526,7.218137264251709
18637,-0.02549019642174244,6.651960849761963
18638,-0.014705882407724857,6.009803771972656
18639,-0.03921568766236305,5.299019813537598
18640,-0.045098040252923965,4.526960849761963
18641,-0.05784313753247261,3.7352941036224365
18642,-0.06470588594675064,2.81862735748291
18643,-0.06029411777853966,1.8970588445663452
18644,-0.062745101749897,1.0122549533843994
18645,-0.07058823853731155,0.09068627655506134
18646,-0.07450980693101883,-0.8480392098426819
18647,-0.0681372582912445,-1.7303920984268188
18648,-0.07254902273416519,-2.6691176891326904
18649,-0.07990196347236633,-3.507352828979492
18650,-0.053921569138765335,-4.313725471496582
18651,-0.07990196347236633,-5.066176414489746
18652,-0.06078431382775307,-5.752450942993164
18653,-0.07205882668495178,-6.321078300476074
18654,-0.04803921654820442,-6.88725471496582
18655,-0.05588235333561897,-7.26225471496582
18656,-0.04901960864663124,-7.578431606292725
18657,-0.04215686395764351,-7.828431606292725
18658,-0.037745099514722824,-7.936274528503418
18659,-0.030882352963089943,-7.926470756530762
18660,-0.029901960864663124,-7.833333492279053
18661,-0.0024509804788976908,-7.622549057006836
18662,-0.009803921915590763,-7.377450942993164
18663,0.05049019679427147,-6.977941036224365
18664,-0.037745099514722824,-6.433823585510254
18665,0.03431372717022896,-5.872549057006836
18666,0.022058824077248573,-5.235294342041016
18667,0.028921568766236305,-4.531862735748291
18668,0.04068627581000328,-3.7083332538604736
18669,0.03431372717022896,-2.8970587253570557
18670,0.0416666679084301,-1.9950979948043823
18671,0.04754902049899101,-1.1127450466156006
18672,0.044607844203710556,-0.23039215803146362
18673,0.0573529414832592,0.6985294222831726
18674,0.06666667014360428,1.6323529481887817
18675,0.062254901975393295,2.5196077823638916
18676,0.04117647185921669,3.3333332538604736
18677,0.061274509876966476,4.191176414489746
18678,0.05833333358168602,4.985294342041016
18679,0.05049019679427147,5.705882549285889
18680,0.06323529779911041,6.323529243469238
18681,0.045588236302137375,6.901960849761963
18682,0.04803921654820442,7.38725471496582
18683,0.04215686395764351,7.828431606292725
18684,0.03480392321944237,8.120098114013672
18685,0.03529411926865578,8.365196228027344
18686,0.02450980432331562,8.553921699523926
18687,0.01666666753590107,8.546568870544434
18688,0.015196078456938267,8.58088207244873
18689,0.0058823530562222,8.446078300476074
18690,0.0,8.213234901428223
18691,-0.0029411765281111,7.875
18692,-0.01568627543747425,7.529411792755127
18693,-0.022058824077248573,7.093137264251709
18694,-0.035784315317869186,6.607842922210693
18695,-0.030882352963089943,6.014705657958984
18696,-0.037745099514722824,5.424019813537598
18697,-0.036764707416296005,4.732842922210693
18698,-0.046568628400564194,4.029411792755127
18699,-0.05245098099112511,3.2671568393707275
18700,-0.06666667014360428,2.56862735748291
18701,-0.05539215728640556,1.7450979948043823
18702,-0.06519608199596405,1.0220588445663452
18703,-0.06421568989753723,0.2647058963775635
18704,-0.054411765187978745,-0.4779411852359772
18705,-0.0676470622420311,-1.2279411554336548
18706,-0.05980392172932625,-1.9166666269302368
18707,-0.0833333358168602,-2.6151959896087646
18708,-0.052941177040338516,-3.2328431606292725
18709,-0.06617647409439087,-3.811274528503418
18710,-0.053431373089551926,-4.428921699523926
18711,-0.06519608199596405,-4.889705657958984
18712,-0.05049019679427147,-5.316176414489746
18713,-0.05539215728640556,-5.718137264251709
18714,-0.045588236302137375,-6.051470756530762
18715,-0.038235295563936234,-6.286764621734619
18716,-0.045098040252923965,-6.446078300476074
18717,-0.04117647185921669,-6.578431606292725
18718,-0.03333333507180214,-6.639705657958984
18719,-0.036274511367082596,-6.656862735748291
18720,-0.022549020126461983,-6.583333492279053
18721,-0.013235294260084629,-6.441176414489746
18722,-0.008823529817163944,-6.230391979217529
18723,-0.005392157007008791,-5.975490093231201
18724,0.0049019609577953815,-5.644608020782471
18725,-0.007843137718737125,-5.269608020782471
18726,0.00147058826405555,-4.759803771972656
18727,0.009803921915590763,-4.303921699523926
18728,0.007352941203862429,-3.754901885986328
18729,0.022058824077248573,-3.1691176891326904
18730,0.02401960827410221,-2.5784313678741455
18731,0.029901960864663124,-1.9019607305526733
18732,0.03284313902258873,-1.2573529481887817
18733,0.030392156913876534,-0.5539215803146362
18734,0.052941177040338516,0.15196079015731812
18735,0.0470588244497776,0.936274528503418
18736,0.04803921654820442,1.6004902124404907
18737,0.05588235333561897,2.3308823108673096
18738,0.04313725605607033,3.0808823108673096
18739,0.05539215728640556,3.8014705181121826
18740,0.04852941259741783,4.453431606292725
18741,0.053921569138765335,5.090686321258545
18742,0.04264706000685692,5.700980186462402
18743,0.05147058889269829,6.215686321258545
18744,0.04019607976078987,6.740196228027344
18745,0.044607844203710556,7.227941036224365
18746,0.03921568766236305,7.578431606292725
18747,0.036764707416296005,7.936274528503418
18748,0.0313725508749485,8.166666984558105
18749,0.019117647781968117,8.360294342041016
18750,0.02450980432331562,8.458333015441895
18751,0.019117647781968117,8.497549057006836
18752,0.011274510063230991,8.394607543945312
18753,0.0009803922148421407,8.29411792755127
18754,0.0009803922148421407,8.073529243469238
18755,0.005392157007008791,7.784313678741455
18756,-0.020098039880394936,7.414215564727783
18757,-0.020588235929608345,6.953431606292725
18758,-0.02500000037252903,6.384803771972656
18759,-0.04019607976078987,5.811274528503418
18760,-0.037254903465509415,5.19362735748291
18761,-0.05245098099112511,4.502450942993164
18762,-0.046568628400564194,3.754901885986328
18763,-0.04117647185921669,2.909313678741455
18764,-0.05000000074505806,2.1397058963775635
18765,-0.053921569138765335,1.2769607305526733
18766,-0.06078431382775307,0.4485294222831726
18767,-0.06078431382775307,-0.375
18768,-0.06372549384832382,-1.2377450466156006
18769,-0.06960784643888474,-2.098039150238037
18770,-0.07205882668495178,-2.8848040103912354
18771,-0.0779411792755127,-3.627450942993164
18772,-0.06519608199596405,-4.392157077789307
18773,-0.07500000298023224,-5.058823585510254
18774,-0.06862745434045792,-5.661764621734619
18775,-0.06666667014360428,-6.213235378265381
18776,-0.05882352963089943,-6.708333492279053
18777,-0.061764705926179886,-7.110294342041016
18778,-0.0519607849419117,-7.455882549285889
18779,-0.03872549161314964,-7.683823585510254
18780,-0.03872549161314964,-7.828431606292725
18781,-0.045098040252923965,-7.884803771972656
18782,-0.02401960827410221,-7.867647171020508
18783,-0.013235294260084629,-7.735294342041016
18784,-0.009313725866377354,-7.544117450714111
18785,-0.011274510063230991,-7.242647171020508
18786,0.0034313725773245096,-6.88725471496582
18787,0.0034313725773245096,-6.465686321258545
18788,0.019117647781968117,-5.941176414489746
18789,0.019607843831181526,-5.370098114013672
18790,0.022549020126461983,-4.754901885986328
18791,0.019607843831181526,-4.024509906768799
18792,0.036274511367082596,-3.345588207244873
18793,0.04362745210528374,-2.5539214611053467
18794,0.03186274692416191,-1.8039215803146362
18795,0.037745099514722824,-0.9779411554336548
18796,0.06078431382775307,-0.19117647409439087
18797,0.04901960864663124,0.6127451062202454
18798,0.054901961237192154,1.441176414489746
18799,0.0470588244497776,2.1764705181121826
18800,0.052941177040338516,2.9240195751190186
18801,0.037745099514722824,3.6642158031463623
18802,0.08284313976764679,4.294117450714111
18803,-0.013725490309298038,4.968137264251709
18804,0.07254902273416519,5.544117450714111
18805,0.03333333507180214,6.122549057006836
18806,0.12892156839370728,6.632352828979492
18807,1.6656862497329712,7.178921699523926
18808,-1.106372594833374,7.252450942993164
18809,1.093137264251709,7.639705657958984
18810,-0.3892156779766083,7.919117450714111
18811,0.18333333730697632,7.958333492279053
18812,0.038235295563936234,8.15686321258545
18813,0.09264706075191498,8.132352828979492
18814,-0.01666666753590107,8.102941513061523
18815,0.06470588594675064,8.017156600952148
18816,-0.02401960827410221,7.838235378265381
18817,0.062254901975393295,7.634803771972656
18818,-0.04215686395764351,7.296568393707275
18819,0.021568628028035164,7.029411792755127
18820,-0.01274509821087122,6.61274528503418
18821,-0.014705882407724857,6.188725471496582
18822,-0.02500000037252903,5.718137264251709
18823,-0.023039216175675392,5.232842922210693
18824,-0.02450980432331562,4.700980186462402
18825,-0.046078432351350784,4.169117450714111
18826,-0.04362745210528374,3.5710785388946533
18827,-0.035784315317869186,3.0
18828,-0.21568627655506134,2.257352828979492
18829,-0.125,1.7083333730697632
18830,-0.13774509727954865,1.0980392694473267
18831,-0.07107843458652496,0.3897058963775635
18832,-0.07254902273416519,-0.20588235557079315
18833,-0.07892157137393951,-0.843137264251709
18834,-0.054411765187978745,-1.4852941036224365
18835,-0.08921568840742111,-2.120098114013672
18836,-0.07401961088180542,-2.6985294818878174
18837,-0.05833333358168602,-3.2892158031463623
18838,-0.08431372791528702,-3.8308823108673096
18839,-0.04803921654820442,-4.343137264251709
18840,-0.05931372568011284,-4.784313678741455
18841,-0.06323529779911041,-5.252450942993164
18842,-0.030882352963089943,-5.669117450714111
18843,-0.054901961237192154,-6.05637264251709
18844,-0.01715686358511448,-6.343137264251709
18845,-0.03970588371157646,-6.644608020782471
18846,-0.037254903465509415,-6.833333492279053
18847,-0.045098040252923965,-6.968137264251709
18848,-0.023039216175675392,-7.066176414489746
18849,-0.009803921915590763,-7.117647171020508
18850,-0.020588235929608345,-7.100490093231201
18851,-0.01568627543747425,-6.950980186462402
18852,0.0034313725773245096,-6.776960849761963
18853,0.0034313725773245096,-6.580882549285889
18854,-0.0029411765281111,-6.299019813537598
18855,-0.0009803922148421407,-5.909313678741455
18856,0.010784314014017582,-5.536764621734619
18857,0.011274510063230991,-5.075980186462402
18858,0.01764705963432789,-4.524509906768799
18859,0.021568628028035164,-3.9803922176361084
18860,0.030882352963089943,-3.3553922176361084
18861,0.03431372717022896,-2.7303922176361084
18862,0.03970588371157646,-2.0
18863,0.037745099514722824,-1.2598038911819458
18864,0.04117647185921669,-0.5661764740943909
18865,0.054411765187978745,0.23039215803146362
18866,0.05147058889269829,0.9975489974021912
18867,0.046568628400564194,1.8308823108673096
18868,0.062745101749897,2.5784313678741455
18869,0.044607844203710556,3.316176414489746
18870,0.061764705926179886,4.058823585510254
18871,0.04901960864663124,4.776960849761963
18872,0.05588235333561897,5.475490093231201
18873,0.0470588244497776,6.051470756530762
18874,0.05245098099112511,6.656862735748291
18875,0.045588236302137375,7.174019813537598
18876,0.0416666679084301,7.615196228027344
18877,0.04264706000685692,8.061274528503418
18878,0.045098040252923965,8.409314155578613
18879,0.030392156913876534,8.617647171020508
18880,0.022058824077248573,8.828431129455566
18881,0.027941176667809486,8.950980186462402
18882,0.022058824077248573,8.980392456054688
18883,0.01274509821087122,8.980392456054688
18884,-0.0009803922148421407,8.857843399047852
18885,0.00147058826405555,8.65686321258545
18886,0.00147058826405555,8.41911792755127
18887,-0.044607844203710556,8.026960372924805
18888,-0.4372549057006836,7.61274528503418
18889,-0.49754902720451355,7.164215564727783
18890,0.2083333283662796,6.745098114013672
18891,-0.43970587849617004,6.090686321258545
18892,0.12401960790157318,5.534313678741455
18893,-0.19019608199596405,4.877450942993164
18894,-0.10637255012989044,4.186274528503418
18895,-0.01715686358511448,3.536764621734619
18896,-0.0936274528503418,2.8235294818878174
18897,-0.04852941259741783,2.1078431606292725
18898,-0.07500000298023224,1.3921568393707275
18899,-0.06421568989753723,0.6323529481887817
18900,-0.054901961237192154,-0.05882352963089943
18901,-0.06960784643888474,-0.7990196347236633
18902,-0.07156863063573837,-1.4754902124404907
18903,-0.06323529779911041,-2.1078431606292725
18904,-0.06421568989753723,-2.713235378265381
18905,-0.05588235333561897,-3.3210785388946533
18906,-0.061274509876966476,-3.8921568393707275
18907,-0.052941177040338516,-4.409313678741455
18908,-0.04803921654820442,-4.877450942993164
18909,-0.05049019679427147,-5.279411792755127
18910,-0.04362745210528374,-5.664215564727783
18911,-0.04754902049899101,-5.968137264251709
18912,-0.046078432351350784,-6.291666507720947
18913,-0.03284313902258873,-6.465686321258545
18914,-0.036274511367082596,-6.639705657958984
18915,-0.04313725605607033,-6.774509906768799
18916,-0.014705882407724857,-6.843137264251709
18917,-0.03235294297337532,-6.875
18918,-0.007352941203862429,-6.794117450714111
18919,-0.019607843831181526,-6.752450942993164
18920,-0.007843137718737125,-6.602941036224365
18921,-0.01568627543747425,-6.448529243469238
18922,-0.005392157007008791,-6.210784435272217
18923,-0.0029411765281111,-5.992647171020508
18924,0.011274510063230991,-5.69362735748291
18925,0.018137255683541298,-5.325980186462402
18926,0.01617647148668766,-4.953431606292725
18927,0.01568627543747425,-4.634803771972656
18928,0.01764705963432789,-4.200980186462402
18929,0.020098039880394936,-3.725490093231201
18930,0.020588235929608345,-3.2279412746429443
18931,0.02598039247095585,-2.69362735748291
18932,0.02450980432331562,-2.1985294818878174
18933,0.029411764815449715,-1.6127450466156006
18934,0.04068627581000328,-1.066176414489746
18935,0.0313725508749485,-0.5147058963775635
18936,0.0235294122248888,0.11519607901573181
18937,0.05686274543404579,0.7475489974021912
18938,0.014215686358511448,1.3578431606292725
18939,0.05833333358168602,1.9730392694473267
18940,0.03921568766236305,2.56862735748291
18941,-0.6480392217636108,3.1372549533843994
18942,1.284803867340088,3.875
18943,-0.8406862616539001,4.348039150238037
18944,0.8965686559677124,4.94362735748291
18945,-0.16078431904315948,5.549019813537598
18946,0.18529412150382996,5.955882549285889
18947,0.09950980544090271,6.526960849761963
18948,-0.04754902049899101,6.906862735748291
18949,0.09558823704719543,7.350490093231201
18950,0.06470588594675064,7.664215564727783
18951,-0.02598039247095585,8.004901885986328
18952,0.10049019753932953,8.247549057006836
18953,-0.045588236302137375,8.448529243469238
18954,0.053431373089551926,8.595588684082031
18955,0.0009803922148421407,8.671568870544434
18956,-0.0029411765281111,8.698529243469238
18957,0.021078431978821754,8.696078300476074
18958,-0.004411764908581972,8.632352828979492
18959,-0.0009803922148421407,8.377450942993164
18960,-0.0009803922148421407,8.196078300476074
18961,-0.013235294260084629,7.899509906768799
18962,-0.015196078456938267,7.575980186462402
18963,-0.020098039880394936,7.151960849761963
18964,-0.045098040252923965,6.686274528503418
18965,-0.0416666679084301,6.178921699523926
18966,-0.05882352963089943,5.620098114013672
18967,-0.044607844203710556,5.002450942993164
18968,-0.05931372568011284,4.36274528503418
18969,-0.05049019679427147,3.715686321258545
18970,-0.05882352963089943,2.9803922176361084
18971,-0.05539215728640556,2.3333332538604736
18972,-0.07941176742315292,1.566176414489746
18973,-0.03382353112101555,0.843137264251709
18974,-0.08970588445663452,0.09313725680112839
18975,-0.038235295563936234,-0.6151960492134094
18976,-0.07009804248809814,-1.3235293626785278
18977,-0.05147058889269829,-2.0220587253570557
18978,-0.05980392172932625,-2.688725471496582
18979,-0.054411765187978745,-3.274509906768799
18980,-0.05588235333561897,-3.93137264251709
18981,-0.06078431382775307,-4.502450942993164
18982,-0.04264706000685692,-5.031862735748291
18983,-0.0019607844296842813,-5.470588207244873
18984,-0.05637254938483238,-5.948529243469238
18985,-0.026960784569382668,-6.264705657958984
18986,-0.036764707416296005,-6.575980186462402
18987,-0.030392156913876534,-6.867647171020508
18988,-0.02598039247095585,-7.024509906768799
18989,-0.020588235929608345,-7.210784435272217
18990,-0.030392156913876534,-7.294117450714111
18991,-0.01715686358511448,-7.31862735748291
18992,-0.018137255683541298,-7.284313678741455
18993,-0.015196078456938267,-7.223039150238037
18994,-0.010784314014017582,-7.095588207244873
18995,-0.0034313725773245096,-6.960784435272217
18996,0.0004901961074210703,-6.752450942993164
18997,-0.0117647061124444,-6.482842922210693
18998,0.01617647148668766,-6.191176414489746
18999,0.009313725866377354,-5.848039150238037
19000,0.0117647061124444,-5.546568393707275
19001,0.01666666753590107,-5.098039150238037
19002,0.02500000037252903,-4.705882549285889
19003,0.02450980432331562,-4.296568393707275
19004,0.027450980618596077,-3.8308823108673096
19005,0.028921568766236305,-3.2892158031463623
19006,0.018627451732754707,-2.843137264251709
19007,0.02450980432331562,-2.3578431606292725
19008,0.020588235929608345,-1.8382352590560913
19009,0.029901960864663124,-1.316176414489746
19010,0.02401960827410221,-0.7990196347236633
19011,0.0313725508749485,-0.2647058963775635
19012,0.013235294260084629,0.2769607901573181
19013,0.029901960864663124,0.8382353186607361
19014,0.037745099514722824,1.3529411554336548
19015,0.33039215207099915,1.968137264251709
19016,-0.41323530673980713,2.404411792755127
19017,0.43088236451148987,2.9852941036224365
19018,-0.25294119119644165,3.4779412746429443
19019,0.1406862735748291,3.9779412746429443
19020,0.03284313902258873,4.492647171020508
19021,-0.0004901961074210703,4.936274528503418
19022,0.09754902124404907,5.394608020782471
19023,-0.03431372717022896,5.840686321258545
19024,0.0470588244497776,6.267157077789307
19025,0.035784315317869186,6.620098114013672
19026,0.0235294122248888,6.973039150238037
19027,0.037254903465509415,7.311274528503418
19028,0.022058824077248573,7.55637264251709
19029,0.010784314014017582,7.855391979217529
19030,0.020098039880394936,8.075980186462402
19031,0.004411764908581972,8.254901885986328
19032,0.021078431978821754,8.377450942993164
19033,0.0117647061124444,8.460783958435059
19034,0.014215686358511448,8.460783958435059
19035,0.005392157007008791,8.480392456054688
19036,0.0009803922148421407,8.43137264251709
19037,-0.0004901961074210703,8.303921699523926
19038,-0.008333333767950535,8.13725471496582
19039,-0.014215686358511448,7.88725471496582
19040,-0.01715686358511448,7.620098114013672
19041,-0.008823529817163944,7.284313678741455
19042,-0.01764705963432789,6.911764621734619
19043,-0.035784315317869186,6.470588207244873
19044,-0.03284313902258873,5.997549057006836
19045,-0.02401960827410221,5.549019813537598
19046,-0.038235295563936234,4.975490093231201
19047,-0.04803921654820442,4.375
19048,-0.046078432351350784,3.7941176891326904
19049,-0.05931372568011284,3.127450942993164
19050,-0.061764705926179886,2.4828431606292725
19051,-0.05686274543404579,1.8014706373214722
19052,-0.05931372568011284,1.1715686321258545
19053,-0.06617647409439087,0.4387255012989044
19054,-0.06421568989753723,-0.27450981736183167
19055,-0.06617647409439087,-0.936274528503418
19056,-0.05588235333561897,-1.627450942993164
19057,-0.06470588594675064,-2.284313678741455
19058,-0.05539215728640556,-2.8333332538604736
19059,-0.06862745434045792,-3.4142158031463623
19060,-0.061274509876966476,-4.031862735748291
19061,-0.05784313753247261,-4.546568393707275
19062,-0.06078431382775307,-5.041666507720947
19063,-0.05686274543404579,-5.465686321258545
19064,-0.0519607849419117,-5.875
19065,-0.05049019679427147,-6.23774528503418
19066,-0.04264706000685692,-6.541666507720947
19067,-0.03431372717022896,-6.808823585510254
19068,-0.03186274692416191,-7.004901885986328
19069,-0.036764707416296005,-7.151960849761963
19070,-0.02450980432331562,-7.205882549285889
19071,-0.029901960864663124,-7.355391979217529
19072,-0.027450980618596077,-7.316176414489746
19073,-0.02450980432331562,-7.313725471496582
19074,-0.014215686358511448,-7.252450942993164
19075,-0.010784314014017582,-7.115196228027344
19076,-0.018137255683541298,-6.955882549285889
19077,-0.01225490216165781,-6.740196228027344
19078,0.0004901961074210703,-6.495098114013672
19079,0.0029411765281111,-6.242647171020508
19080,-0.003921568859368563,-5.975490093231201
19081,0.0009803922148421407,-5.666666507720947
19082,0.010784314014017582,-5.323529243469238
19083,0.018137255683541298,-4.968137264251709
19084,0.007352941203862429,-4.583333492279053
19085,0.014705882407724857,-4.215686321258545
19086,0.015196078456938267,-3.7671568393707275
19087,0.013725490309298038,-3.3651959896087646
19088,0.008823529817163944,-2.93137264251709
19089,0.037745099514722824,-2.470588207244873
19090,0.01715686358511448,-1.9754902124404907
19091,0.04264706000685692,-1.5490195751190186
19092,0.0313725508749485,-1.095588207244873
19093,0.036764707416296005,-0.6127451062202454
19094,0.02401960827410221,-0.17401960492134094
19095,0.04068627581000328,0.34558823704719543
19096,0.03235294297337532,0.8848039507865906
19097,0.027450980618596077,1.3676470518112183
19098,0.027450980618596077,1.8529411554336548
19099,0.037254903465509415,2.3946077823638916
19100,0.03382353112101555,2.838235378265381
19101,0.0313725508749485,3.3210785388946533
19102,0.0235294122248888,3.838235378265381
19103,0.035784315317869186,4.325980186462402
19104,0.04313725605607033,4.75
19105,0.021078431978821754,5.23774528503418
19106,0.019117647781968117,5.708333492279053
19107,0.029411764815449715,6.095588207244873
19108,0.03235294297337532,6.460784435272217
19109,0.027450980618596077,6.875
19110,0.03333333507180214,7.230391979217529
19111,0.03235294297337532,7.546568393707275
19112,0.02500000037252903,7.86274528503418
19113,0.022549020126461983,8.105392456054688
19114,0.027941176667809486,8.34313678741455
19115,0.020098039880394936,8.509803771972656
19116,0.01617647148668766,8.642156600952148
19117,0.008823529817163944,8.700980186462402
19118,0.011274510063230991,8.76225471496582
19119,0.01274509821087122,8.752450942993164
19120,0.010784314014017582,8.703431129455566
19121,-0.0024509804788976908,8.60049057006836
19122,0.00147058826405555,8.453431129455566
19123,-0.004411764908581972,8.247549057006836
19124,-0.011274510063230991,7.973039150238037
19125,-0.01764705963432789,7.683823585510254
19126,-0.01225490216165781,7.343137264251709
19127,-0.01617647148668766,6.933823585510254
19128,-0.022058824077248573,6.544117450714111
19129,-0.021078431978821754,6.071078300476074
19130,-0.027941176667809486,5.55637264251709
19131,-0.036274511367082596,5.039215564727783
19132,-0.030882352963089943,4.475490093231201
19133,-0.04313725605607033,3.9191176891326904
19134,-0.04215686395764351,3.2892158031463623
19135,-0.04215686395764351,2.747549057006836
19136,-0.04803921654820442,2.0710785388946533
19137,-0.045098040252923965,1.4754902124404907
19138,-0.05147058889269829,0.8676470518112183
19139,-0.07696078717708588,0.2647058963775635
19140,-0.05147058889269829,-0.3897058963775635
19141,-0.054411765187978745,-0.9411764740943909
19142,-0.046078432351350784,-1.497549057006836
19143,-0.044607844203710556,-2.0710785388946533
19144,-0.0470588244497776,-2.561274528503418
19145,-0.045588236302137375,-3.031862735748291
19146,-0.05049019679427147,-3.536764621734619
19147,-0.046078432351350784,-3.9240195751190186
19148,-0.04068627581000328,-4.355391979217529
19149,-0.046078432351350784,-4.715686321258545
19150,-0.037254903465509415,-5.053921699523926
19151,-0.04362745210528374,-5.384803771972656
19152,-0.03872549161314964,-5.659313678741455
19153,-0.026470588520169258,-5.894608020782471
19154,-0.028431372717022896,-6.110294342041016
19155,-0.03382353112101555,-6.284313678741455
19156,-0.030882352963089943,-6.409313678741455
19157,-0.02500000037252903,-6.590686321258545
19158,-0.020098039880394936,-6.710784435272217
19159,-0.015196078456938267,-6.720588207244873
19160,-0.013235294260084629,-6.723039150238037
19161,-0.014215686358511448,-6.75
19162,-0.01274509821087122,-6.781862735748291
19163,-0.014705882407724857,-6.723039150238037
19164,-0.01764705963432789,-6.745098114013672
19165,-0.01666666753590107,-6.625
19166,-0.019607843831181526,-6.526960849761963
19167,-0.03431372717022896,-6.448529243469238
19168,0.010784314014017582,-6.272058963775635
19169,-0.021568628028035164,-6.129901885986328
19170,-0.010294117964804173,-5.928921699523926
19171,0.0049019609577953815,-5.740196228027344
19172,-0.0009803922148421407,-5.5
19173,0.0117647061124444,-5.30637264251709
19174,0.0019607844296842813,-4.990196228027344
19175,0.007352941203862429,-4.686274528503418
19176,0.011274510063230991,-4.338235378265381
19177,0.010294117964804173,-4.029411792755127
19178,0.020098039880394936,-3.6102941036224365
19179,0.01715686358511448,-3.247549057006836
19180,0.023039216175675392,-2.843137264251709
19181,0.027941176667809486,-2.3529412746429443
19182,0.023039216175675392,-1.906862735748291
19183,0.015196078456938267,-1.4534313678741455
19184,0.028921568766236305,-0.8921568393707275
19185,0.02598039247095585,-0.3799019753932953
19186,0.03480392321944237,0.11029411852359772
19187,0.02500000037252903,0.7083333134651184
19188,0.03284313902258873,1.2303920984268188
19189,0.03431372717022896,1.7941176891326904
19190,0.027450980618596077,2.4240195751190186
19191,0.035784315317869186,2.936274528503418
19192,0.038235295563936234,3.5171568393707275
19193,0.035784315317869186,4.071078300476074
19194,0.05784313753247261,4.583333492279053
19195,0.0470588244497776,5.075980186462402
19196,0.018137255683541298,5.600490093231201
19197,0.044607844203710556,6.046568393707275
19198,0.026960784569382668,6.580882549285889
19199,0.046568628400564194,6.889705657958984
19200,-0.022058824077248573,7.303921699523926
19201,0.06617647409439087,7.654411792755127
19202,0.0117647061124444,7.958333492279053
19203,0.028921568766236305,8.19362735748291
19204,0.028431372717022896,8.411765098571777
19205,0.006862745154649019,8.588234901428223
19206,0.022058824077248573,8.715685844421387
19207,0.011274510063230991,8.799019813537598
19208,0.0049019609577953815,8.833333015441895
19209,0.006862745154649019,8.838234901428223
19210,0.0058823530562222,8.76225471496582
19211,0.008333333767950535,8.700980186462402
19212,-0.007352941203862429,8.541666984558105
19213,0.0034313725773245096,8.41911792755127
19214,0.00147058826405555,8.186274528503418
19215,-0.019607843831181526,7.953431606292725
19216,-0.022549020126461983,7.718137264251709
19217,-0.01568627543747425,7.424019813537598
19218,-0.026960784569382668,7.142157077789307
19219,-0.023039216175675392,6.828431606292725
19220,-0.0235294122248888,6.446078300476074
19221,-0.027941176667809486,6.11274528503418
19222,-0.03284313902258873,5.730391979217529
19223,-0.03284313902258873,5.345588207244873
19224,-0.0313725508749485,4.941176414489746
19225,-0.03284313902258873,4.588235378265381
19226,-0.03284313902258873,4.171568393707275
19227,-0.03970588371157646,3.7671568393707275
19228,-0.03480392321944237,3.379901885986328
19229,-0.04068627581000328,3.0
19230,-0.04215686395764351,2.593137264251709
19231,-0.036764707416296005,2.161764621734619
19232,-0.028921568766236305,1.7720588445663452
19233,-0.044607844203710556,1.377450942993164
19234,-0.035784315317869186,0.9852941036224365
19235,-0.029901960864663124,0.5906862616539001
19236,-0.03529411926865578,0.21568627655506134
19237,-0.03431372717022896,-0.18382352590560913
19238,-0.03480392321944237,-0.6176470518112183
19239,-0.037745099514722824,-0.9656862616539001
19240,-0.046078432351350784,-1.4019607305526733
19241,-0.036764707416296005,-1.7696079015731812
19242,-0.037745099514722824,-2.2009804248809814
19243,-0.04264706000685692,-2.6102941036224365
19244,-0.04019607976078987,-2.9852941036224365
19245,-0.04754902049899101,-3.4240195751190186
19246,-0.04117647185921669,-3.7892158031463623
19247,-0.045588236302137375,-4.200980186462402
19248,-0.035784315317869186,-4.536764621734619
19249,-0.03186274692416191,-4.919117450714111
19250,-0.023039216175675392,-5.321078300476074
19251,-0.053431373089551926,-5.68137264251709
19252,-0.03284313902258873,-5.973039150238037
19253,-0.04362745210528374,-6.367647171020508
19254,-0.02549019642174244,-6.588235378265381
19255,-0.03382353112101555,-6.88725471496582
19256,-0.03480392321944237,-7.093137264251709
19257,-0.037745099514722824,-7.350490093231201
19258,-0.03382353112101555,-7.519608020782471
19259,-0.037745099514722824,-7.63725471496582
19260,-0.027450980618596077,-7.688725471496582
19261,-0.014215686358511448,-7.830882549285889
19262,-0.028921568766236305,-7.867647171020508
19263,-0.01568627543747425,-7.803921699523926
19264,-0.01274509821087122,-7.784313678741455
19265,-0.01568627543747425,-7.651960849761963
19266,-0.00147058826405555,-7.51225471496582
19267,-0.009803921915590763,-7.382352828979492
19268,-0.00147058826405555,-7.134803771972656
19269,0.013235294260084629,-6.882352828979492
19270,0.0029411765281111,-6.615196228027344
19271,0.011274510063230991,-6.286764621734619
19272,0.008333333767950535,-5.884803771972656
19273,0.014215686358511448,-5.526960849761963
19274,0.009803921915590763,-5.139705657958984
19275,0.030392156913876534,-4.700980186462402
19276,0.01715686358511448,-4.26225471496582
19277,0.03480392321944237,-3.781862735748291
19278,0.027450980618596077,-3.2916667461395264
19279,0.02598039247095585,-2.8284313678741455
19280,0.03333333507180214,-2.375
19281,0.02549019642174244,-1.909313678741455
19282,0.026960784569382668,-1.3995097875595093
19283,0.026470588520169258,-0.9534313678741455
19284,0.037254903465509415,-0.46078431606292725
19285,0.027450980618596077,-0.01225490216165781
19286,0.03186274692416191,0.4534313678741455
19287,0.028431372717022896,0.8406862616539001
19288,0.02549019642174244,1.279411792755127
19289,0.0235294122248888,1.691176414489746
19290,0.029901960864663124,2.090686321258545
19291,0.029901960864663124,2.436274528503418
19292,0.029901960864663124,2.8357841968536377
19293,0.01617647148668766,3.2107841968536377
19294,0.030882352963089943,3.4877450466156006
19295,0.02450980432331562,3.8235294818878174
19296,0.0235294122248888,4.164215564727783
19297,0.04852941259741783,4.419117450714111
19298,0.0,4.691176414489746
19299,0.038235295563936234,5.046568393707275
19300,0.018627451732754707,5.311274528503418
19301,0.018627451732754707,5.519608020782471
19302,0.15245097875595093,5.786764621734619
19303,-1.9024510383605957,5.855391979217529
19304,0.23725490272045135,6.242647171020508
19305,-0.6436274647712708,6.514705657958984
19306,-0.36176469922065735,6.678921699523926
19307,-0.06323529779911041,7.01225471496582
19308,-0.12352941185235977,7.232842922210693
19309,-0.1200980395078659,7.416666507720947
19310,-0.005392157007008791,7.642157077789307
19311,-0.08088235557079315,7.811274528503418
19312,0.05686274543404579,7.990196228027344
19313,-0.07009804248809814,8.166666984558105
19314,0.019607843831181526,8.301470756530762
19315,-0.01764705963432789,8.397058486938477
19316,-0.0009803922148421407,8.48774528503418
19317,0.0,8.549019813537598
19318,-0.007352941203862429,8.598039627075195
19319,-0.007843137718737125,8.615196228027344
19320,-0.0029411765281111,8.598039627075195
19321,0.018137255683541298,8.47549057006836
19322,0.07500000298023224,8.43137264251709
19323,0.045098040252923965,8.316176414489746
19324,0.01274509821087122,8.139705657958984
19325,0.009803921915590763,7.911764621734619
19326,-0.014705882407724857,7.723039150238037
19327,-0.022058824077248573,7.428921699523926
19328,-0.00637254910543561,7.149509906768799
19329,-0.021568628028035164,6.850490093231201
19330,-0.014215686358511448,6.468137264251709
19331,-0.022549020126461983,6.083333492279053
19332,-0.022549020126461983,5.674019813537598
19333,-0.021568628028035164,5.230391979217529
19334,-0.03235294297337532,4.80637264251709
19335,-0.03186274692416191,4.323529243469238
19336,-0.026470588520169258,3.8602941036224365
19337,-0.0313725508749485,3.3651959896087646
19338,-0.04313725605607033,2.875
19339,-0.03431372717022896,2.3602941036224365
19340,-0.035784315317869186,1.9019607305526733
19341,-0.03235294297337532,1.433823585510254
19342,-0.046568628400564194,0.9166666865348816
19343,-0.045588236302137375,0.44607841968536377
19344,-0.03970588371157646,-0.0024509804788976908
19345,-0.030882352963089943,-0.4387255012989044
19346,-0.03921568766236305,-0.8480392098426819
19347,-0.04068627581000328,-1.2377450466156006
19348,-0.026470588520169258,-1.6348038911819458
19349,-0.036274511367082596,-2.0147058963775635
19350,-0.038235295563936234,-2.311274528503418
19351,-0.018627451732754707,-2.651960849761963
19352,-0.03235294297337532,-2.9485294818878174
19353,0.007352941203862429,-3.2401959896087646
19354,0.005392157007008791,-3.534313678741455
19355,-0.021078431978821754,-3.7965686321258545
19356,-0.0029411765281111,-4.061274528503418
19357,0.0009803922148421407,-4.232842922210693
19358,-0.038235295563936234,-4.495098114013672
19359,0.0049019609577953815,-4.661764621734619
19360,-0.035784315317869186,-4.933823585510254
19361,-0.009803921915590763,-5.122549057006836
19362,-0.022058824077248573,-5.279411792755127
19363,-0.014705882407724857,-5.48774528503418
19364,-0.03382353112101555,-5.656862735748291
19365,-0.005392157007008791,-5.786764621734619
19366,-0.00147058826405555,-5.975490093231201
19367,-0.014215686358511448,-6.191176414489746
19368,-0.02450980432331562,-6.330882549285889
19369,-0.018627451732754707,-6.48774528503418
19370,-0.053431373089551926,-6.651960849761963
19371,-0.7990196347236633,-6.811274528503418
19372,0.27941176295280457,-6.936274528503418
19373,-0.32156863808631897,-7.019608020782471
19374,0.014215686358511448,-7.147058963775635
19375,-0.0676470622420311,-7.223039150238037
19376,-0.0779411792755127,-7.348039150238037
19377,-0.03431372717022896,-7.367647171020508
19378,0.0,-7.446078300476074
19379,-0.06323529779911041,-7.394608020782471
19380,0.014215686358511448,-7.367647171020508
19381,-0.038235295563936234,-7.31862735748291
19382,0.005392157007008791,-7.291666507720947
19383,-0.018627451732754707,-7.132352828979492
19384,-0.0029411765281111,-7.026960849761963
19385,0.003921568859368563,-6.889705657958984
19386,-0.05098039284348488,-6.703431606292725
19387,0.03921568766236305,-6.397058963775635
19388,-0.019117647781968117,-6.205882549285889
19389,0.00637254910543561,-5.879901885986328
19390,0.004411764908581972,-5.531862735748291
19391,0.0034313725773245096,-5.210784435272217
19392,0.014705882407724857,-4.772058963775635
19393,0.013725490309298038,-4.419117450714111
19394,0.022549020126461983,-4.041666507720947
19395,0.01715686358511448,-3.563725471496582
19396,0.013235294260084629,-3.1985294818878174
19397,0.021078431978821754,-2.715686321258545
19398,0.03333333507180214,-2.252450942993164
19399,0.021568628028035164,-1.7745097875595093
19400,0.027450980618596077,-1.340686321258545
19401,0.02549019642174244,-0.8897058963775635
19402,0.029901960864663124,-0.49754902720451355
19403,0.028921568766236305,-0.026960784569382668
19404,0.03382353112101555,0.375
19405,0.02500000037252903,0.8308823704719543
19406,0.02500000037252903,1.2401961088180542
19407,0.03480392321944237,1.5833333730697632
19408,0.01225490216165781,1.9583333730697632
19409,0.04264706000685692,2.311274528503418
19410,0.011274510063230991,2.6053922176361084
19411,0.030882352963089943,2.899509906768799
19412,0.01764705963432789,3.223039150238037
19413,0.02401960827410221,3.5196077823638916
19414,0.022058824077248573,3.7696077823638916
19415,0.026960784569382668,4.0
19416,0.021078431978821754,4.225490093231201
19417,0.015196078456938267,4.441176414489746
19418,0.0235294122248888,4.674019813537598
19419,0.01568627543747425,4.882352828979492
19420,0.01274509821087122,5.071078300476074
19421,0.008823529817163944,5.274509906768799
19422,-0.0004901961074210703,5.492647171020508
19423,0.01617647148668766,5.703431606292725
19424,0.01715686358511448,5.894608020782471
19425,0.020588235929608345,6.105391979217529
19426,0.023039216175675392,6.333333492279053
19427,0.013725490309298038,6.475490093231201
19428,0.0117647061124444,6.705882549285889
19429,0.01225490216165781,6.901960849761963
19430,0.021078431978821754,7.115196228027344
19431,-0.00147058826405555,7.308823585510254
19432,0.026470588520169258,7.497549057006836
19433,-0.01225490216165781,7.747549057006836
19434,0.02450980432331562,7.924019813537598
19435,-0.0004901961074210703,8.071078300476074
19436,0.054901961237192154,8.26225471496582
19437,1.253921627998352,8.519607543945312
19438,-0.18333333730697632,8.56862735748291
19439,0.6637254953384399,8.683823585510254
19440,0.18088234961032867,8.833333015441895
19441,-0.05980392172932625,8.76225471496582
19442,0.3019607961177826,8.884803771972656
19443,-0.10245098173618317,8.83088207244873
19444,0.12843137979507446,8.904411315917969
19445,0.06862745434045792,8.83088207244873
19446,-0.005392157007008791,8.73774528503418
19447,0.1200980395078659,8.654411315917969
19448,-0.035784315317869186,8.507352828979492
19449,0.05245098099112511,8.301470756530762
19450,0.019117647781968117,8.125
19451,-0.006862745154649019,7.901960849761963
19452,0.0034313725773245096,7.622549057006836
19453,-0.020098039880394936,7.360294342041016
19454,-0.018627451732754707,6.992647171020508
19455,-0.009313725866377354,6.696078300476074
19456,-0.008333333767950535,6.426470756530762
19457,0.008333333767950535,5.975490093231201
19458,0.0235294122248888,5.654411792755127
19459,0.010784314014017582,5.301470756530762
19460,0.0235294122248888,4.946078300476074
19461,-0.0573529414832592,4.541666507720947
19462,0.028431372717022896,4.186274528503418
19463,-0.061274509876966476,3.8039214611053467
19464,0.008333333767950535,3.43137264251709
19465,-0.04950980469584465,3.0833332538604736
19466,-0.027941176667809486,2.7352941036224365
19467,-0.029901960864663124,2.3970587253570557
19468,-0.028431372717022896,2.1151959896087646
19469,-0.027941176667809486,1.784313678741455
19470,-0.0117647061124444,1.497549057006836
19471,-0.027941176667809486,1.2107843160629272
19472,-0.022549020126461983,0.9558823704719543
19473,-0.022058824077248573,0.6764705777168274
19474,-0.03235294297337532,0.4387255012989044
19475,-0.02598039247095585,0.17401960492134094
19476,-0.027941176667809486,-0.026960784569382668
19477,-0.020098039880394936,-0.2769607901573181
19478,-0.023039216175675392,-0.49264705181121826
19479,-0.022549020126461983,-0.7524510025978088
19480,-0.018137255683541298,-0.9166666865348816
19481,-0.01568627543747425,-1.1691176891326904
19482,-0.01764705963432789,-1.3700979948043823
19483,-0.028431372717022896,-1.6127450466156006
19484,-0.019607843831181526,-1.9019607305526733
19485,-0.0235294122248888,-2.151960849761963
19486,-0.019117647781968117,-2.399509906768799
19487,-0.02598039247095585,-2.688725471496582
19488,-0.02598039247095585,-2.965686321258545
19489,-0.020098039880394936,-3.2892158031463623
19490,-0.02598039247095585,-3.595588207244873
19491,-0.030392156913876534,-3.879901885986328
19492,-0.038235295563936234,-4.23774528503418
19493,-0.02500000037252903,-4.566176414489746
19494,-0.03529411926865578,-4.857842922210693
19495,-0.0416666679084301,-5.183823585510254
19496,-0.04411764815449715,-5.458333492279053
19497,-0.03186274692416191,-5.801470756530762
19498,-0.02500000037252903,-6.078431606292725
19499,-0.04215686395764351,-6.43137264251709
19500,-0.04117647185921669,-6.674019813537598
19501,-0.0313725508749485,-6.933823585510254
19502,-0.0313725508749485,-7.125
19503,-0.026960784569382668,-7.345588207244873
19504,-0.027941176667809486,-7.563725471496582
19505,-0.0313725508749485,-7.696078300476074
19506,-0.02549019642174244,-7.799019813537598
19507,0.15784314274787903,-7.906862735748291
19508,0.3225490152835846,-7.892157077789307
19509,-0.37794119119644165,-7.98774528503418
19510,0.5470588207244873,-7.985294342041016
19511,-0.2955882251262665,-7.965686321258545
19512,0.25343137979507446,-7.904411792755127
19513,-0.061764705926179886,-7.850490093231201
19514,0.027450980618596077,-7.735294342041016
19515,0.052941177040338516,-7.588235378265381
19516,-0.04901960864663124,-7.446078300476074
19517,0.009313725866377354,-7.301470756530762
19518,0.022549020126461983,-7.107842922210693
19519,-0.007352941203862429,-6.933823585510254
19520,0.015196078456938267,-6.718137264251709
19521,-0.008823529817163944,-6.5
19522,0.00637254910543561,-6.316176414489746
19523,0.008333333767950535,-6.053921699523926
19524,0.003921568859368563,-5.926470756530762
19525,0.009313725866377354,-5.725490093231201
19526,0.008823529817163944,-5.529411792755127
19527,0.007843137718737125,-5.352941036224365
19528,0.01764705963432789,-5.174019813537598
19529,-0.0019607844296842813,-4.968137264251709
19530,0.004411764908581972,-4.852941036224365
19531,0.0049019609577953815,-4.745098114013672
19532,0.004411764908581972,-4.571078300476074
19533,0.013725490309298038,-4.475490093231201
19534,0.006862745154649019,-4.303921699523926
19535,-0.0004901961074210703,-4.159313678741455
19536,0.010294117964804173,-4.024509906768799
19537,0.04852941259741783,-3.933823585510254
19538,0.02598039247095585,-3.808823585510254
19539,0.003921568859368563,-3.6764705181121826
19540,0.022549020126461983,-3.5098040103912354
19541,-0.00147058826405555,-3.3553922176361084
19542,0.013235294260084629,-3.213235378265381
19543,0.00147058826405555,-3.0220587253570557
19544,0.005392157007008791,-2.843137264251709
19545,0.008333333767950535,-2.5784313678741455
19546,-0.0029411765281111,-2.3651959896087646
19547,0.018627451732754707,-2.1078431606292725
19548,0.011274510063230991,-1.8259804248809814
19549,0.009803921915590763,-1.5392156839370728
19550,0.021078431978821754,-1.1813725233078003
19551,0.0117647061124444,-0.8946078419685364
19552,0.018627451732754707,-0.5465686321258545
19553,0.019607843831181526,-0.1764705926179886
19554,0.01568627543747425,0.2647058963775635
19555,0.02500000037252903,0.6495097875595093
19556,0.022058824077248573,1.0269607305526733
19557,0.028431372717022896,1.4313725233078003
19558,0.02549019642174244,1.845588207244873
19559,0.028431372717022896,2.257352828979492
19560,0.021078431978821754,2.6715686321258545
19561,0.02450980432331562,3.0416667461395264
19562,0.022549020126461983,3.4485294818878174
19563,0.030392156913876534,3.7622549533843994
19564,0.03480392321944237,4.144608020782471
19565,0.01666666753590107,4.514705657958984
19566,0.021568628028035164,4.75
19567,0.026960784569382668,5.066176414489746
19568,0.01715686358511448,5.325980186462402
19569,0.014215686358511448,5.534313678741455
19570,0.013725490309298038,5.75
19571,0.030882352963089943,5.941176414489746
19572,0.027941176667809486,6.073529243469238
19573,-0.003921568859368563,6.242647171020508
19574,0.0313725508749485,6.311274528503418
19575,0.010294117964804173,6.421568393707275
19576,-0.006862745154649019,6.526960849761963
19577,0.009313725866377354,6.575980186462402
19578,-0.0019607844296842813,6.610294342041016
19579,-0.0029411765281111,6.703431606292725
19580,-0.008333333767950535,6.720588207244873
19581,-0.003921568859368563,6.745098114013672
19582,-0.0034313725773245096,6.769608020782471
19583,-0.004411764908581972,6.803921699523926
19584,0.0,6.813725471496582
19585,-0.0049019609577953815,6.892157077789307
19586,-0.0034313725773245096,6.938725471496582
19587,-0.0019607844296842813,7.041666507720947
19588,0.005392157007008791,7.071078300476074
19589,0.003921568859368563,7.183823585510254
19590,-0.00147058826405555,7.291666507720947
19591,0.0058823530562222,7.404411792755127
19592,0.0117647061124444,7.531862735748291
19593,0.00637254910543561,7.629901885986328
19594,0.009803921915590763,7.786764621734619
19595,0.010294117964804173,7.933823585510254
19596,0.010294117964804173,8.034314155578613
19597,0.0034313725773245096,8.213234901428223
19598,0.0019607844296842813,8.34313678741455
19599,0.003921568859368563,8.48774528503418
19600,-0.0004901961074210703,8.566176414489746
19601,0.004411764908581972,8.664216041564941
19602,0.0,8.757352828979492
19603,0.0019607844296842813,8.852941513061523
19604,-0.0034313725773245096,8.845588684082031
19605,0.00637254910543561,8.901960372924805
19606,0.0034313725773245096,8.909314155578613
19607,-0.0034313725773245096,8.89950942993164
19608,-0.003921568859368563,8.811274528503418
19609,-0.0058823530562222,8.754901885986328
19610,-0.01274509821087122,8.659314155578613
19611,-0.00637254910543561,8.485294342041016
19612,-0.01568627543747425,8.328431129455566
19613,-0.011274510063230991,8.11274528503418
19614,-0.018137255683541298,7.919117450714111
19615,-0.015196078456938267,7.674019813537598
19616,-0.008823529817163944,7.421568393707275
19617,-0.021568628028035164,7.161764621734619
19618,-0.02450980432331562,6.855391979217529
19619,-0.02549019642174244,6.610294342041016
19620,-0.03235294297337532,6.281862735748291
19621,-0.0313725508749485,5.992647171020508
19622,-0.029411764815449715,5.705882549285889
19623,-0.027941176667809486,5.382352828979492
19624,-0.036274511367082596,5.132352828979492
19625,-0.03382353112101555,4.843137264251709
19626,-0.02450980432331562,4.605391979217529
19627,-0.027450980618596077,4.335784435272217
19628,-0.022549020126461983,4.161764621734619
19629,-0.0313725508749485,3.9240195751190186
19630,-0.02500000037252903,3.720588207244873
19631,-0.01568627543747425,3.5465686321258545
19632,-0.01666666753590107,3.404411792755127
19633,-0.037254903465509415,3.2720587253570557
19634,-0.010294117964804173,3.1446077823638916
19635,-0.026960784569382668,2.963235378265381
19636,-0.013235294260084629,2.9240195751190186
19637,-0.018627451732754707,2.8357841968536377
19638,-0.018137255683541298,2.7720587253570557
19639,-0.01715686358511448,2.656862735748291
19640,-0.018627451732754707,2.5490195751190186
19641,-0.00637254910543561,2.473039150238037
19642,-0.013235294260084629,2.367647171020508
19643,-0.019607843831181526,2.2352941036224365
19644,-0.013725490309298038,2.129901885986328
19645,-0.008823529817163944,1.9926470518112183
19646,-0.013235294260084629,1.8504902124404907
19647,-0.014705882407724857,1.6446079015731812
19648,-0.026960784569382668,1.470588207244873
19649,-0.015196078456938267,1.220588207244873
19650,-0.019607843831181526,1.0245097875595093
19651,-0.018137255683541298,0.720588207244873
19652,-0.0235294122248888,0.4362744987010956
19653,-0.015196078456938267,0.14705882966518402
19654,-0.0235294122248888,-0.15931372344493866
19655,-0.027450980618596077,-0.46078431606292725
19656,-0.03431372717022896,-0.8186274766921997
19657,-0.03235294297337532,-1.1715686321258545
19658,-0.03333333507180214,-1.5514706373214722
19659,-0.037254903465509415,-1.8995097875595093
19660,-0.029411764815449715,-2.3333332538604736
19661,-0.0313725508749485,-2.6470587253570557
19662,-0.03235294297337532,-3.0
19663,-0.04019607976078987,-3.313725471496582
19664,-0.04068627581000328,-3.6397058963775635
19665,-0.03872549161314964,-3.963235378265381
19666,-0.03382353112101555,-4.210784435272217
19667,-0.038235295563936234,-4.504901885986328
19668,-0.03333333507180214,-4.698529243469238
19669,-0.02401960827410221,-4.914215564727783
19670,-0.030392156913876534,-5.11274528503418
19671,-0.01764705963432789,-5.286764621734619
19672,-0.026470588520169258,-5.357842922210693
19673,-0.018627451732754707,-5.48774528503418
19674,-0.01764705963432789,-5.522058963775635
19675,-0.018627451732754707,-5.610294342041016
19676,-0.018137255683541298,-5.600490093231201
19677,-0.007843137718737125,-5.647058963775635
19678,-0.008333333767950535,-5.644608020782471
19679,-0.01666666753590107,-5.661764621734619
19680,-0.0049019609577953815,-5.585784435272217
19681,-0.010294117964804173,-5.55637264251709
19682,-0.014705882407724857,-5.529411792755127
19683,0.01617647148668766,-5.497549057006836
19684,0.0034313725773245096,-5.480391979217529
19685,-0.008333333767950535,-5.526960849761963
19686,0.003921568859368563,-5.517157077789307
19687,-0.009803921915590763,-5.526960849761963
19688,-0.010784314014017582,-5.607842922210693
19689,-0.008823529817163944,-5.669117450714111
19690,-0.015196078456938267,-5.725490093231201
19691,-0.010294117964804173,-5.86274528503418
19692,-0.009803921915590763,-5.970588207244873
19693,-0.0034313725773245096,-6.102941036224365
19694,-0.0117647061124444,-6.259803771972656
19695,-0.009803921915590763,-6.441176414489746
19696,-0.014705882407724857,-6.642157077789307
19697,-0.01764705963432789,-6.816176414489746
19698,-0.021568628028035164,-6.98774528503418
19699,-0.022549020126461983,-7.200980186462402
19700,-0.026960784569382668,-7.389705657958984
19701,-0.019117647781968117,-7.620098114013672
19702,-0.027450980618596077,-7.813725471496582
19703,-0.019117647781968117,-7.946078300476074
19704,-0.013725490309298038,-8.102941513061523
19705,-0.02549019642174244,-8.235294342041016
19706,-0.02450980432331562,-8.35049057006836
19707,-0.01764705963432789,-8.436274528503418
19708,-0.011274510063230991,-8.51225471496582
19709,-0.019117647781968117,-8.51225471496582
19710,-0.022058824077248573,-8.517156600952148
19711,0.0,-8.492647171020508
19712,-0.005392157007008791,-8.436274528503418
19713,-0.0029411765281111,-8.340685844421387
19714,-0.00637254910543561,-8.16911792755127
19715,0.0004901961074210703,-8.053921699523926
19716,-0.008333333767950535,-7.899509906768799
19717,-0.0117647061124444,-7.664215564727783
19718,0.03970588371157646,-7.463235378265381
19719,0.004411764908581972,-7.23774528503418
19720,0.015196078456938267,-7.017157077789307
19721,0.013235294260084629,-6.742647171020508
19722,0.0049019609577953815,-6.546568393707275
19723,0.01764705963432789,-6.303921699523926
19724,0.0034313725773245096,-6.11274528503418
19725,0.008333333767950535,-5.892157077789307
19726,0.008823529817163944,-5.656862735748291
19727,0.007352941203862429,-5.502450942993164
19728,0.01274509821087122,-5.328431606292725
19729,0.008823529817163944,-5.218137264251709
19730,0.01274509821087122,-5.105391979217529
19731,0.007352941203862429,-4.982842922210693
19732,0.0,-4.88725471496582
19733,0.0029411765281111,-4.936274528503418
19734,-0.0034313725773245096,-4.879901885986328
19735,-0.007843137718737125,-4.889705657958984
19736,0.019607843831181526,-4.911764621734619
19737,-0.014215686358511448,-4.960784435272217
19738,0.0034313725773245096,-4.955882549285889
19739,-0.023039216175675392,-5.066176414489746
19740,0.0,-5.073529243469238
19741,-0.018137255683541298,-5.142157077789307
19742,-0.0009803922148421407,-5.164215564727783
19743,-0.0117647061124444,-5.223039150238037
19744,-0.013725490309298038,-5.26225471496582
19745,-0.008823529817163944,-5.31862735748291
19746,-0.005392157007008791,-5.279411792755127
19747,-0.003921568859368563,-5.286764621734619
19748,-0.020098039880394936,-5.196078300476074
19749,-0.0058823530562222,-5.139705657958984
19750,-0.0009803922148421407,-5.0
19751,-0.007352941203862429,-4.86274528503418
19752,-0.010294117964804173,-4.708333492279053
19753,0.029901960864663124,-4.455882549285889
19754,-0.019117647781968117,-4.240196228027344
19755,0.007843137718737125,-3.997549057006836
19756,-0.0029411765281111,-3.7352941036224365
19757,0.0049019609577953815,-3.4191176891326904
19758,0.008823529817163944,-3.0857841968536377
19759,0.0058823530562222,-2.757352828979492
19760,0.0058823530562222,-2.3970587253570557
19761,0.011274510063230991,-2.0441176891326904
19762,0.007352941203862429,-1.7450979948043823
19763,0.021568628028035164,-1.377450942993164
19764,0.0235294122248888,-1.0759804248809814
19765,0.009803921915590763,-0.7279411554336548
19766,0.02450980432331562,-0.4779411852359772
19767,0.010784314014017582,-0.19607843458652496
19768,0.01666666753590107,0.029411764815449715
19769,0.0117647061124444,0.29901960492134094
19770,0.014215686358511448,0.4828431308269501
19771,0.019117647781968117,0.6078431606292725
19772,0.0117647061124444,0.7524510025978088
19773,0.0019607844296842813,0.8553921580314636
19774,-0.004411764908581972,0.9509803652763367
19775,0.0029411765281111,1.0122549533843994
19776,-0.0004901961074210703,0.968137264251709
19777,0.0034313725773245096,0.9730392098426819
19778,-0.0004901961074210703,0.938725471496582
19779,-0.0009803922148421407,0.9460784196853638
19780,-0.008333333767950535,0.8725489974021912
19781,-0.008333333767950535,0.8333333134651184
19782,-0.0049019609577953815,0.7426470518112183
19783,-0.013725490309298038,0.686274528503418
19784,-0.018627451732754707,0.6274510025978088
19785,-0.008333333767950535,0.6004902124404907
19786,-0.00637254910543561,0.5735294222831726
19787,-0.013235294260084629,0.6004902124404907
19788,-0.009313725866377354,0.6470588445663452
19789,-0.026470588520169258,0.7058823704719543
19790,0.0029411765281111,0.7867646813392639
19791,-0.0009803922148421407,0.8578431606292725
19792,-0.0024509804788976908,1.0514706373214722
19793,0.00637254910543561,1.2769607305526733
19794,0.008823529817163944,1.4803920984268188
19795,1.1524510383605957,1.8553920984268188
19796,0.9862744808197021,2.1151959896087646
19797,-0.09558823704719543,2.19362735748291
19798,0.876960813999176,2.656862735748291
19799,-0.09166666865348816,2.9142158031463623
19800,0.2921568751335144,3.2279412746429443
19801,0.09950980544090271,3.593137264251709
19802,0.054411765187978745,3.909313678741455
19803,0.1093137264251709,4.232842922210693
19804,0.038235295563936234,4.578431606292725
19805,0.08431372791528702,4.855391979217529
19806,0.028921568766236305,5.132352828979492
19807,0.045098040252923965,5.428921699523926
19808,0.04264706000685692,5.654411792755127
19809,0.03235294297337532,5.855391979217529
19810,0.027941176667809486,6.034313678741455
19811,0.020098039880394936,6.11274528503418
19812,0.007352941203862429,6.252450942993164
19813,0.03235294297337532,6.316176414489746
19814,0.007843137718737125,6.377450942993164
19815,0.01225490216165781,6.340686321258545
19816,-0.00147058826405555,6.31862735748291
19817,0.0049019609577953815,6.247549057006836
19818,-0.11862745136022568,6.142157077789307
19819,-0.06421568989753723,6.026960849761963
19820,-0.03235294297337532,5.889705657958984
19821,-0.0049019609577953815,5.720588207244873
19822,-0.008823529817163944,5.634803771972656
19823,-0.007352941203862429,5.480391979217529
19824,-0.0058823530562222,5.343137264251709
19825,-0.010294117964804173,5.200980186462402
19826,-0.007843137718737125,5.051470756530762
19827,-0.00637254910543561,4.980391979217529
19828,-0.007352941203862429,4.941176414489746
19829,-0.0019607844296842813,4.867647171020508
19830,0.004411764908581972,4.86274528503418
19831,0.0049019609577953815,4.916666507720947
19832,-0.003921568859368563,4.980391979217529
19833,0.0,5.080882549285889
19834,0.007843137718737125,5.186274528503418
19835,0.0029411765281111,5.348039150238037
19836,0.009313725866377354,5.526960849761963
19837,0.019117647781968117,5.723039150238037
19838,0.009313725866377354,5.975490093231201
19839,0.01225490216165781,6.269608020782471
19840,0.021078431978821754,6.519608020782471
19841,0.027450980618596077,6.860294342041016
19842,0.0235294122248888,7.093137264251709
19843,0.020098039880394936,7.43137264251709
19844,0.014215686358511448,7.713235378265381
19845,0.0313725508749485,7.982842922210693
19846,0.0034313725773245096,8.267156600952148
19847,0.028431372717022896,8.463234901428223
19848,0.01666666753590107,8.715685844421387
19849,0.020098039880394936,8.85049057006836
19850,0.02500000037252903,9.046568870544434
19851,0.01715686358511448,9.09313678741455
19852,0.0235294122248888,9.18137264251709
19853,0.0117647061124444,9.19362735748291
19854,0.007843137718737125,9.159314155578613
19855,0.008333333767950535,9.088234901428223
19856,-0.0009803922148421407,8.977941513061523
19857,-0.003921568859368563,8.875
19858,-0.004411764908581972,8.708333015441895
19859,-0.0049019609577953815,8.458333015441895
19860,-0.0019607844296842813,8.276960372924805
19861,-0.009803921915590763,8.017156600952148
19862,-0.019607843831181526,7.80637264251709
19863,-0.009803921915590763,7.563725471496582
19864,-0.10539215803146362,7.289215564727783
19865,-0.8200980424880981,6.950980186462402
19866,0.3014705777168274,6.799019813537598
19867,-0.3710784316062927,6.600490093231201
19868,0.04117647185921669,6.399509906768799
19869,-0.08235294371843338,6.279411792755127
19870,-0.09019608050584793,6.11274528503418
19871,-0.01617647148668766,6.080882549285889
19872,0.00147058826405555,6.029411792755127
19873,-0.05931372568011284,6.004901885986328
19874,0.01764705963432789,6.05637264251709
19875,-0.028431372717022896,6.18137264251709
19876,0.011274510063230991,6.274509906768799
19877,0.0024509804788976908,6.414215564727783
19878,0.005392157007008791,6.671568393707275
19879,0.01617647148668766,6.835784435272217
19880,0.004411764908581972,7.078431606292725
19881,0.014705882407724857,7.375
19882,0.01274509821087122,7.664215564727783
19883,0.018137255683541298,7.953431606292725
19884,0.03284313902258873,8.208333015441895
19885,0.0235294122248888,8.492647171020508
19886,0.018627451732754707,8.713234901428223
19887,0.020588235929608345,8.963234901428223
19888,0.022549020126461983,9.198529243469238
19889,0.010294117964804173,9.348039627075195
19890,0.006862745154649019,9.458333015441895
19891,0.010294117964804173,9.590685844421387
19892,0.009803921915590763,9.605392456054688
19893,-0.05000000074505806,9.647058486938477
19894,0.015196078456938267,9.583333015441895
19895,-0.015196078456938267,9.514705657958984
19896,0.0,9.360294342041016
19897,-0.008823529817163944,9.203431129455566
19898,-0.021078431978821754,8.980392456054688
19899,-0.01568627543747425,8.75
19900,-0.01617647148668766,8.460783958435059
19901,-0.020588235929608345,8.14950942993164
19902,-0.02598039247095585,7.816176414489746
19903,-0.0235294122248888,7.519608020782471
19904,-0.019117647781968117,7.13725471496582
19905,-0.027450980618596077,6.848039150238037
19906,-0.03382353112101555,6.470588207244873
19907,-0.030882352963089943,6.183823585510254
19908,-0.023039216175675392,5.906862735748291
19909,-0.02549019642174244,5.654411792755127
19910,-0.02450980432331562,5.438725471496582
19911,-0.020588235929608345,5.25
19912,-0.008823529817163944,5.132352828979492
19913,-0.014705882407724857,5.039215564727783
19914,-0.018137255683541298,5.034313678741455
19915,-0.013725490309298038,5.039215564727783
19916,-0.003921568859368563,5.117647171020508
19917,-0.0029411765281111,5.242647171020508
19918,0.00637254910543561,5.335784435272217
19919,-0.0009803922148421407,5.571078300476074
19920,0.004411764908581972,5.81862735748291
19921,0.0117647061124444,6.095588207244873
19922,0.014705882407724857,6.350490093231201
19923,0.014705882407724857,6.651960849761963
19924,0.0019607844296842813,6.995098114013672
19925,0.03333333507180214,7.276960849761963
19926,0.01568627543747425,7.553921699523926
19927,0.07156863063573837,7.845588207244873
19928,-0.0019607844296842813,8.107843399047852
19929,-0.4387255012989044,8.264705657958984
19930,-0.623039186000824,8.458333015441895
19931,0.45588234066963196,8.732843399047852
19932,-0.9676470756530762,8.686274528503418
19933,0.6539215445518494,8.81862735748291
19934,-0.48627451062202454,8.813725471496582
19935,0.250980406999588,8.720588684082031
19936,-0.18578431010246277,8.651960372924805
19937,-0.03431372717022896,8.404411315917969
19938,-0.0034313725773245096,8.26225471496582
19939,-0.10343137383460999,7.94362735748291
19940,-0.04068627581000328,7.629901885986328
19941,-0.03480392321944237,7.301470756530762
19942,-0.062254901975393295,6.946078300476074
19943,-0.014215686358511448,6.529411792755127
19944,-0.053921569138765335,6.120098114013672
19945,-0.02500000037252903,5.69362735748291
19946,-0.06911765038967133,5.303921699523926
19947,-0.01225490216165781,4.88725471496582
19948,-0.0681372582912445,4.51225471496582
19949,-0.029901960864663124,4.218137264251709
19950,-0.04901960864663124,3.911764621734619
19951,-0.036764707416296005,3.6053922176361084
19952,-0.030882352963089943,3.441176414489746
19953,-0.08039215952157974,3.25
19954,-0.07598039507865906,3.132352828979492
19955,-0.04215686395764351,3.0710785388946533
19956,-0.06323529779911041,3.1446077823638916
19957,-0.037745099514722824,3.1642158031463623
19958,-0.02450980432331562,3.367647171020508
19959,-0.018137255683541298,3.526960849761963
19960,-0.005392157007008791,3.7598040103912354
19961,-0.004411764908581972,4.007352828979492
19962,0.0,4.311274528503418
19963,0.010784314014017582,4.669117450714111
19964,0.021568628028035164,5.026960849761963
19965,0.029901960864663124,5.397058963775635
19966,0.015196078456938267,5.779411792755127
19967,0.019607843831181526,6.120098114013672
19968,0.026960784569382668,6.524509906768799
19969,0.021078431978821754,6.789215564727783
19970,0.014705882407724857,7.044117450714111
19971,0.01225490216165781,7.343137264251709
19972,0.014705882407724857,7.507352828979492
19973,0.01666666753590107,7.649509906768799
19974,-0.0004901961074210703,7.713235378265381
19975,0.0034313725773245096,7.718137264251709
19976,-0.0004901961074210703,7.656862735748291
19977,-0.006862745154649019,7.553921699523926
19978,-0.006862745154649019,7.38725471496582
19979,-0.01274509821087122,7.161764621734619
19980,-0.013725490309298038,6.769608020782471
19981,-0.023039216175675392,6.51225471496582
19982,-0.0117647061124444,6.080882549285889
19983,-0.03284313902258873,5.676470756530762
19984,-0.04019607976078987,5.149509906768799
19985,-0.02500000037252903,4.688725471496582
19986,-0.037745099514722824,4.203431606292725
19987,-0.05000000074505806,3.7598040103912354
19988,-0.04117647185921669,3.213235378265381
19989,-0.04852941259741783,2.8259804248809814
19990,-0.04950980469584465,2.406862735748291
19991,-0.046078432351350784,2.0220587253570557
19992,-0.04803921654820442,1.6936274766921997
19993,-0.04411764815449715,1.409313678741455
19994,-0.03186274692416191,1.2426470518112183
19995,-0.030882352963089943,1.1053920984268188
19996,-0.061764705926179886,1.0686274766921997
19997,-0.2700980305671692,1.0196079015731812
19998,0.4323529303073883,1.1421568393707275
19999,-0.5387254953384399,1.2696079015731812
20000,0.352450966835022,1.468137264251709
20001,-0.2181372493505478,1.7696079015731812
20002,-0.00147058826405555,0.686274528503418
20003,0.005392157007008791,0.0
