Sample,Ch1,Ch2
0,0.027450980618596077,-0.014705882407724857
1,0.02401960827410221,0.019607843831181526
2,0.026470588520169258,0.654411792755127
3,0.1093137264251709,2.1764705181121826
4,0.027450980618596077,2.718137264251709
5,0.0730392187833786,3.1348040103912354
6,0.061764705926179886,3.622549057006836
7,0.05539215728640556,4.095588207244873
8,0.06666667014360428,4.546568393707275
9,0.061274509876966476,4.926470756530762
10,0.07009804248809814,5.428921699523926
11,0.053921569138765335,5.774509906768799
12,0.05833333358168602,6.139705657958984
13,0.026960784569382668,6.453431606292725
14,0.06666667014360428,6.664215564727783
15,0.06078431382775307,6.860294342041016
16,0.03921568766236305,6.921568393707275
17,0.04950980469584465,6.973039150238037
18,0.037745099514722824,6.865196228027344
19,0.04264706000685692,6.718137264251709
20,0.029901960864663124,6.517157077789307
21,0.029901960864663124,6.215686321258545
22,0.030392156913876534,5.86274528503418
23,0.01568627543747425,5.485294342041016
24,0.011274510063230991,5.009803771972656
25,0.010294117964804173,4.475490093231201
26,0.01666666753590107,3.911764621734619
27,0.014215686358511448,3.3308823108673096
28,0.007352941203862429,2.784313678741455
29,0.0,2.1740195751190186
30,0.003921568859368563,1.6421568393707275
31,-0.0024509804788976908,1.1470588445663452
32,0.0019607844296842813,0.6176470518112183
33,-0.0024509804788976908,0.21078431606292725
34,0.003921568859368563,-0.11274509876966476
35,0.011274510063230991,-0.44117647409439087
36,0.004411764908581972,-0.6446078419685364
37,0.11911764740943909,-0.7892156839370728
38,0.8936274647712708,-0.8259803652763367
39,-1.0259803533554077,-0.9411764740943909
40,1.1539216041564941,-0.7083333134651184
41,-0.9289215803146362,-0.5563725233078003
42,0.49705880880355835,-0.29411765933036804
43,-0.16813725233078003,0.11764705926179886
44,0.13725490868091583,0.4632352888584137
45,0.028431372717022896,1.0269607305526733
46,0.04754902049899101,1.5416666269302368
47,0.04264706000685692,2.0857841968536377
48,0.11813725531101227,2.6348040103912354
49,0.005392157007008791,3.220588207244873
50,0.10245098173618317,3.7916667461395264
51,0.037745099514722824,4.357842922210693
52,0.07009804248809814,4.894608020782471
53,0.062745101749897,5.357842922210693
54,0.052941177040338516,5.772058963775635
55,0.06323529779911041,6.176470756530762
56,0.05245098099112511,6.438725471496582
57,0.05000000074505806,6.610294342041016
58,0.044607844203710556,6.700980186462402
59,0.03921568766236305,6.705882549285889
60,0.04117647185921669,6.627450942993164
61,0.02450980432331562,6.421568393707275
62,0.01764705963432789,6.186274528503418
63,0.022058824077248573,5.776960849761963
64,0.01764705963432789,5.384803771972656
65,0.013725490309298038,4.833333492279053
66,0.007843137718737125,4.30637264251709
67,-0.003921568859368563,3.6446077823638916
68,-0.013235294260084629,3.004901885986328
69,-0.0034313725773245096,2.2965686321258545
70,-0.010784314014017582,1.622549057006836
71,0.0019607844296842813,0.9142156839370728
72,-0.021078431978821754,0.3235294222831726
73,-0.007843137718737125,-0.33578431606292725
74,-0.006862745154649019,-0.8774510025978088
75,-0.0034313725773245096,-1.409313678741455
76,0.0,-1.8284313678741455
77,0.0029411765281111,-2.183823585510254
78,0.009803921915590763,-2.372549057006836
79,0.007843137718737125,-2.598039150238037
80,0.015196078456938267,-2.6102941036224365
81,0.018627451732754707,-2.5416667461395264
82,0.028921568766236305,-2.3651959896087646
83,0.03529411926865578,-2.1421568393707275
84,0.038235295563936234,-1.7598038911819458
85,0.036274511367082596,-1.3259804248809814
86,0.052941177040338516,-0.781862735748291
87,0.05833333358168602,-0.19117647409439087
88,0.06323529779911041,0.4436274468898773
89,0.06911765038967133,1.1642156839370728
90,0.06519608199596405,1.8676470518112183
91,0.06862745434045792,2.593137264251709
92,0.062745101749897,3.3259804248809814
93,0.07254902273416519,4.022058963775635
94,0.07352941483259201,4.686274528503418
95,0.06470588594675064,5.227941036224365
96,0.07254902273416519,5.764705657958984
97,0.03186274692416191,6.213235378265381
98,0.10098039358854294,6.607842922210693
99,-0.01225490216165781,6.899509906768799
100,-0.010784314014017582,6.973039150238037
101,0.014705882407724857,7.0
102,-0.014215686358511448,6.865196228027344
103,0.01568627543747425,6.691176414489746
104,0.01764705963432789,6.384803771972656
105,0.01715686358511448,5.968137264251709
106,0.019607843831181526,5.416666507720947
107,0.0049019609577953815,4.86274528503418
108,-0.008333333767950535,4.169117450714111
109,0.1764705926179886,3.409313678741455
110,0.4269607961177826,2.691176414489746
111,-0.4485294222831726,1.8504902124404907
112,0.5647059082984924,1.0122549533843994
113,-0.27156862616539,0.2034313678741455
114,0.21127450466156006,-0.6029411554336548
115,-0.009803921915590763,-1.375
116,-0.022549020126461983,-2.0710785388946533
117,0.05686274543404579,-2.69362735748291
118,-0.036274511367082596,-3.2303922176361084
119,0.0058823530562222,-3.651960849761963
120,0.03480392321944237,-3.9460785388946533
121,-0.009803921915590763,-4.166666507720947
122,0.03235294297337532,-4.225490093231201
123,0.007352941203862429,-4.159313678741455
124,0.020098039880394936,-4.024509906768799
125,0.04019607976078987,-3.686274528503418
126,0.04313725605607033,-3.2720587253570557
127,0.037745099514722824,-2.745098114013672
128,0.0519607849419117,-2.1151959896087646
129,0.061274509876966476,-1.4191176891326904
130,0.07352941483259201,-0.688725471496582
131,0.07254902273416519,0.15931372344493866
132,0.07647059112787247,1.0367647409439087
133,0.07549019902944565,1.9166666269302368
134,0.07549019902944565,2.784313678741455
135,0.07598039507865906,3.654411792755127
136,0.07941176742315292,4.455882549285889
137,0.08039215952157974,5.208333492279053
138,0.08039215952157974,5.93137264251709
139,0.07156863063573837,6.490196228027344
140,0.07156863063573837,6.963235378265381
141,0.0730392187833786,7.333333492279053
142,0.04313725605607033,7.573529243469238
143,0.07009804248809814,7.703431606292725
144,0.03333333507180214,7.590686321258545
145,0.0416666679084301,7.468137264251709
146,0.023039216175675392,7.174019813537598
147,0.019607843831181526,6.705882549285889
148,0.014215686358511448,6.188725471496582
149,0.01274509821087122,5.502450942993164
150,0.0,4.720588207244873
151,-0.008333333767950535,3.933823585510254
152,-0.009803921915590763,2.9901959896087646
153,-0.009313725866377354,2.034313678741455
154,-0.019607843831181526,1.0563725233078003
155,-0.027941176667809486,0.08088235557079315
156,-0.030882352963089943,-0.8774510025978088
157,-0.026960784569382668,-1.7916666269302368
158,-0.02450980432331562,-2.7009804248809814
159,-0.020098039880394936,-3.4558823108673096
160,-0.027450980618596077,-4.147058963775635
161,-0.014215686358511448,-4.710784435272217
162,-0.018627451732754707,-5.18137264251709
163,-0.005392157007008791,-5.522058963775635
164,0.01764705963432789,-5.73774528503418
165,-0.02598039247095585,-5.789215564727783
166,0.04068627581000328,-5.654411792755127
167,0.027450980618596077,-5.397058963775635
168,0.03970588371157646,-4.997549057006836
169,0.052941177040338516,-4.44362735748291
170,0.04362745210528374,-3.8235294818878174
171,0.0573529414832592,-3.036764621734619
172,0.054901961237192154,-2.161764621734619
173,0.06715686619281769,-1.2450979948043823
174,0.06911765038967133,-0.25735294818878174
175,0.0887254923582077,0.7916666865348816
176,0.07696078717708588,1.8578431606292725
177,0.08480392396450043,2.867647171020508
178,0.08137255162000656,3.906862735748291
179,0.07352941483259201,4.879901885986328
180,0.08431372791528702,5.740196228027344
181,0.09558823704719543,6.544117450714111
182,0.07205882668495178,7.213235378265381
183,0.06666667014360428,7.772058963775635
184,0.05588235333561897,8.203431129455566
185,0.054411765187978745,8.473039627075195
186,0.037254903465509415,8.549019813537598
187,0.03186274692416191,8.539216041564941
188,0.022549020126461983,8.301470756530762
189,0.02450980432331562,7.982842922210693
190,0.00637254910543561,7.433823585510254
191,-0.018627451732754707,6.860294342041016
192,-0.010784314014017582,6.01225471496582
193,-0.019607843831181526,5.156862735748291
194,-0.02450980432331562,4.205882549285889
195,-0.027941176667809486,3.1715686321258545
196,-0.0313725508749485,2.0539214611053467
197,-0.04901960864663124,0.9485294222831726
198,-0.030392156913876534,-0.21078431606292725
199,-0.05539215728640556,-1.340686321258545
200,-0.03921568766236305,-2.43137264251709
201,-0.044607844203710556,-3.411764621734619
202,-0.04117647185921669,-4.325980186462402
203,-0.036274511367082596,-5.151960849761963
204,-0.03235294297337532,-5.877450942993164
205,-0.02500000037252903,-6.419117450714111
206,-0.014705882407724857,-6.816176414489746
207,-0.008823529817163944,-7.073529243469238
208,-0.0029411765281111,-7.156862735748291
209,0.0049019609577953815,-7.061274528503418
210,0.028431372717022896,-6.789215564727783
211,0.027450980618596077,-6.399509906768799
212,0.030882352963089943,-5.779411792755127
213,0.04019607976078987,-5.06862735748291
214,0.04852941259741783,-4.232842922210693
215,0.061764705926179886,-3.284313678741455
216,0.06519608199596405,-2.2303922176361084
217,0.0730392187833786,-1.0980392694473267
218,0.0730392187833786,0.06617647409439087
219,0.08284313976764679,1.284313678741455
220,0.08431372791528702,2.4215686321258545
221,0.09215686470270157,3.617647171020508
222,0.09460784494876862,4.727941036224365
223,0.07450980693101883,5.776960849761963
224,0.08382353186607361,6.73774528503418
225,0.07352941483259201,7.551470756530762
226,0.06421568989753723,8.220588684082031
227,0.06470588594675064,8.83088207244873
228,0.05637254938483238,9.161765098571777
229,0.045098040252923965,9.43137264251709
230,-0.037254903465509415,9.392156600952148
231,0.008823529817163944,9.35049057006836
232,-0.029411764815449715,9.019607543945312
233,0.0313725508749485,8.514705657958984
234,-0.019117647781968117,7.919117450714111
235,-0.007843137718737125,7.161764621734619
236,-0.019607843831181526,6.257352828979492
237,-0.02549019642174244,5.205882549285889
238,-0.036764707416296005,4.098039150238037
239,-0.037745099514722824,2.93137264251709
240,-0.03333333507180214,1.718137264251709
241,-0.03921568766236305,0.40931373834609985
242,-0.04313725605607033,-0.8210784196853638
243,-0.04901960864663124,-2.0490195751190186
244,-0.05588235333561897,-3.215686321258545
245,-0.04950980469584465,-4.26225471496582
246,-0.04852941259741783,-5.294117450714111
247,-0.03431372717022896,-6.149509906768799
248,-0.022549020126461983,-6.884803771972656
249,-0.029411764815449715,-7.43137264251709
250,0.0004901961074210703,-7.872549057006836
251,-0.019117647781968117,-8.110294342041016
252,0.013725490309298038,-8.120098114013672
253,-0.0009803922148421407,-8.049019813537598
254,0.02450980432331562,-7.75
255,0.0313725508749485,-7.247549057006836
256,0.046078432351350784,-6.578431606292725
257,0.05147058889269829,-5.850490093231201
258,0.06715686619281769,-4.914215564727783
259,0.06078431382775307,-3.8627450466156006
260,0.06862745434045792,-2.742647171020508
261,0.0833333358168602,-1.5196079015731812
262,0.08431372791528702,-0.28921568393707275
263,0.09019608050584793,1.0171568393707275
264,0.0941176488995552,2.31862735748291
265,0.09166666865348816,3.5465686321258545
266,0.09656862914562225,4.735294342041016
267,0.0936274528503418,5.840686321258545
268,0.09264706075191498,6.872549057006836
269,0.08284313976764679,7.811274528503418
270,0.0784313753247261,8.566176414489746
271,0.07696078717708588,9.129901885986328
272,0.06666667014360428,9.610294342041016
273,0.04754902049899101,9.889705657958984
274,0.045588236302137375,9.970588684082031
275,0.04215686395764351,9.875
276,0.03235294297337532,9.59313678741455
277,0.01764705963432789,9.107843399047852
278,0.009803921915590763,8.55637264251709
279,-0.0019607844296842813,7.808823585510254
280,-0.009803921915590763,6.872549057006836
281,-0.0117647061124444,5.872549057006836
282,-0.03235294297337532,4.757352828979492
283,-0.026960784569382668,3.5539214611053467
284,-0.029901960864663124,2.279411792755127
285,-0.05686274543404579,1.0171568393707275
286,-0.0470588244497776,-0.2867647111415863
287,-0.053431373089551926,-1.5147058963775635
288,-0.05000000074505806,-2.786764621734619
289,-0.05049019679427147,-3.9215686321258545
290,-0.04264706000685692,-4.977941036224365
291,-0.04411764815449715,-5.946078300476074
292,-0.04117647185921669,-6.75
293,-0.03235294297337532,-7.436274528503418
294,-0.02598039247095585,-7.933823585510254
295,-0.015196078456938267,-8.267156600952148
296,-0.0117647061124444,-8.490196228027344
297,0.0,-8.458333015441895
298,0.005392157007008791,-8.242647171020508
299,0.01666666753590107,-7.926470756530762
300,0.02598039247095585,-7.379901885986328
301,0.053921569138765335,-6.754901885986328
302,0.03284313902258873,-5.865196228027344
303,0.0779411792755127,-4.938725471496582
304,0.038235295563936234,-3.906862735748291
305,0.07892157137393951,-2.776960849761963
306,0.07500000298023224,-1.6102941036224365
307,0.08529412001371384,-0.3333333432674408
308,0.09460784494876862,0.8627451062202454
309,0.09117647260427475,2.1691176891326904
310,0.08382353186607361,3.3210785388946533
311,0.08921568840742111,4.477941036224365
312,0.08284313976764679,5.595588207244873
313,0.0936274528503418,6.585784435272217
314,0.0779411792755127,7.441176414489746
315,0.07401961088180542,8.186274528503418
316,0.06421568989753723,8.816176414489746
317,0.05147058889269829,9.247549057006836
318,0.0470588244497776,9.519607543945312
319,0.0470588244497776,9.620098114013672
320,0.036274511367082596,9.622549057006836
321,0.03235294297337532,9.392156600952148
322,0.01764705963432789,9.02450942993164
323,0.010294117964804173,8.53186321258545
324,-0.0004901961074210703,7.838235378265381
325,-0.009313725866377354,7.066176414489746
326,-0.018137255683541298,6.125
327,-0.027450980618596077,5.093137264251709
328,-0.03431372717022896,4.05637264251709
329,-0.038235295563936234,2.906862735748291
330,-0.045588236302137375,1.7573529481887817
331,-0.04068627581000328,0.5122548937797546
332,-0.0049019609577953815,-0.6151960492134094
333,-0.030882352963089943,-1.7696079015731812
334,-0.04803921654820442,-2.882352828979492
335,-0.038235295563936234,-3.9166667461395264
336,-0.05245098099112511,-4.845588207244873
337,-0.0730392187833786,-5.627450942993164
338,-0.04117647185921669,-6.36274528503418
339,-0.030882352963089943,-6.936274528503418
340,-0.036274511367082596,-7.382352828979492
341,-0.010784314014017582,-7.639705657958984
342,-0.005392157007008791,-7.811274528503418
343,0.0,-7.796568393707275
344,0.007843137718737125,-7.683823585510254
345,0.008823529817163944,-7.328431606292725
346,0.02450980432331562,-6.840686321258545
347,0.03921568766236305,-6.289215564727783
348,0.038235295563936234,-5.602941036224365
349,0.04117647185921669,-4.772058963775635
350,0.053431373089551926,-3.879901885986328
351,0.05882352963089943,-2.9264705181121826
352,0.052941177040338516,-1.8921568393707275
353,0.053431373089551926,-0.811274528503418
354,0.07156863063573837,0.25
355,0.0681372582912445,1.313725471496582
356,0.08235294371843338,2.372549057006836
357,0.07009804248809814,3.404411792755127
358,0.07647059112787247,4.357842922210693
359,0.07450980693101883,5.225490093231201
360,0.07549019902944565,6.026960849761963
361,0.03970588371157646,6.75
362,0.04411764815449715,7.31862735748291
363,0.053431373089551926,7.823529243469238
364,0.037254903465509415,8.198529243469238
365,0.0416666679084301,8.379901885986328
366,0.03431372717022896,8.460783958435059
367,0.019117647781968117,8.458333015441895
368,0.018137255683541298,8.296568870544434
369,0.0009803922148421407,7.970588207244873
370,0.0049019609577953815,7.541666507720947
371,0.0029411765281111,7.039215564727783
372,-0.008333333767950535,6.436274528503418
373,-0.0034313725773245096,5.674019813537598
374,-0.022549020126461983,4.894608020782471
375,-0.02549019642174244,4.009803771972656
376,-0.03333333507180214,3.0857841968536377
377,-0.028921568766236305,2.117647171020508
378,-0.03284313902258873,1.2254902124404907
379,-0.04068627581000328,0.20588235557079315
380,-0.046078432351350784,-0.6789215803146362
381,-0.04852941259741783,-1.6372549533843994
382,-0.0573529414832592,-2.4607841968536377
383,-0.04754902049899101,-3.3014705181121826
384,-0.04313725605607033,-4.031862735748291
385,-0.04117647185921669,-4.68137264251709
386,-0.027941176667809486,-5.242647171020508
387,-0.027450980618596077,-5.686274528503418
388,-0.01274509821087122,-6.093137264251709
389,0.008333333767950535,-6.360294342041016
390,-0.0313725508749485,-6.51225471496582
391,0.003921568859368563,-6.549019813537598
392,0.008333333767950535,-6.48774528503418
393,0.010294117964804173,-6.272058963775635
394,0.2666666805744171,-5.894608020782471
395,-1.5960783958435059,-5.759803771972656
396,-0.08186274766921997,-5.203431606292725
397,-0.2813725471496582,-4.504901885986328
398,-0.5514705777168274,-3.9803922176361084
399,0.030882352963089943,-3.1642158031463623
400,-0.08627451211214066,-2.4264705181121826
401,-0.0941176488995552,-1.6004902124404907
402,0.03529411926865578,-0.7598039507865906
403,-0.04950980469584465,0.13970588147640228
404,0.10098039358854294,0.9411764740943909
405,-0.003921568859368563,1.7990195751190186
406,0.05686274543404579,2.632352828979492
407,0.04901960864663124,3.4166667461395264
408,0.0058823530562222,4.166666507720947
409,0.08088235557079315,4.884803771972656
410,0.0235294122248888,5.5
411,0.04901960864663124,6.063725471496582
412,0.037254903465509415,6.509803771972656
413,0.046568628400564194,6.899509906768799
414,0.03186274692416191,7.191176414489746
415,0.029901960864663124,7.357842922210693
416,0.03186274692416191,7.490196228027344
417,0.009803921915590763,7.470588207244873
418,0.004411764908581972,7.377450942993164
419,0.0004901961074210703,7.196078300476074
420,0.005392157007008791,6.843137264251709
421,0.0004901961074210703,6.455882549285889
422,0.0004901961074210703,6.039215564727783
423,-0.005392157007008791,5.404411792755127
424,-0.01764705963432789,4.742647171020508
425,-0.026470588520169258,4.088235378265381
426,-0.021078431978821754,3.3602941036224365
427,-0.021568628028035164,2.55637264251709
428,-0.04019607976078987,1.7352941036224365
429,-0.029901960864663124,0.9338235259056091
430,-0.018627451732754707,0.046568628400564194
431,-0.03431372717022896,-0.7328431606292725
432,-0.0313725508749485,-1.563725471496582
433,-0.035784315317869186,-2.382352828979492
434,-0.03970588371157646,-3.088235378265381
435,-0.036764707416296005,-3.813725471496582
436,-0.026470588520169258,-4.436274528503418
437,-0.03333333507180214,-5.058823585510254
438,-0.02401960827410221,-5.517157077789307
439,-0.03284313902258873,-5.921568393707275
440,-0.019117647781968117,-6.183823585510254
441,-0.0049019609577953815,-6.460784435272217
442,-0.008333333767950535,-6.539215564727783
443,-0.00637254910543561,-6.522058963775635
444,0.005392157007008791,-6.421568393707275
445,0.0235294122248888,-6.257352828979492
446,0.0235294122248888,-5.899509906768799
447,0.0235294122248888,-5.492647171020508
448,0.029901960864663124,-5.014705657958984
449,0.029411764815449715,-4.424019813537598
450,0.04215686395764351,-3.7720587253570557
451,0.05686274543404579,-3.0220587253570557
452,0.052941177040338516,-2.242647171020508
453,0.044607844203710556,-1.3970588445663452
454,0.05637254938483238,-0.48774510622024536
455,0.05539215728640556,0.3921568691730499
456,0.062254901975393295,1.313725471496582
457,0.05882352963089943,2.220588207244873
458,0.06470588594675064,3.125
459,0.06519608199596405,3.9901959896087646
460,0.06421568989753723,4.794117450714111
461,0.028431372717022896,5.580882549285889
462,0.06372549384832382,6.259803771972656
463,0.037254903465509415,6.875
464,0.05049019679427147,7.438725471496582
465,0.2808823585510254,7.857842922210693
466,0.4053921699523926,8.18137264251709
467,-0.4004901945590973,8.333333015441895
468,0.4789215624332428,8.477941513061523
469,-0.16813725233078003,8.43137264251709
470,0.12647059559822083,8.316176414489746
471,0.04068627581000328,8.088234901428223
472,-0.014705882407724857,7.629901885986328
473,0.037254903465509415,7.183823585510254
474,-0.007843137718737125,6.580882549285889
475,-0.026960784569382668,5.904411792755127
476,0.00147058826405555,5.105391979217529
477,-0.03480392321944237,4.325980186462402
478,-0.022058824077248573,3.411764621734619
479,-0.037745099514722824,2.495098114013672
480,-0.04901960864663124,1.4926470518112183
481,-0.03333333507180214,0.4313725531101227
482,-0.04215686395764351,-0.5465686321258545
483,-0.04362745210528374,-1.5490195751190186
484,-0.045588236302137375,-2.56862735748291
485,-0.04215686395764351,-3.4828431606292725
486,-0.03284313902258873,-4.372549057006836
487,-0.04754902049899101,-5.147058963775635
488,-0.035784315317869186,-5.877450942993164
489,-0.03480392321944237,-6.507352828979492
490,-0.02549019642174244,-7.029411792755127
491,-0.03284313902258873,-7.414215564727783
492,-0.029411764815449715,-7.723039150238037
493,-0.009803921915590763,-7.86274528503418
494,0.0004901961074210703,-7.936274528503418
495,0.007843137718737125,-7.825980186462402
496,0.0009803922148421407,-7.585784435272217
497,0.01617647148668766,-7.220588207244873
498,0.028431372717022896,-6.76225471496582
499,0.029411764815449715,-6.174019813537598
500,0.04068627581000328,-5.455882549285889
501,0.0416666679084301,-4.698529243469238
502,0.04019607976078987,-3.8946077823638916
503,0.05000000074505806,-2.906862735748291
504,0.05931372568011284,-1.933823585510254
505,0.06029411777853966,-0.8651960492134094
506,0.06715686619281769,0.19607843458652496
507,0.06715686619281769,1.2303920984268188
508,0.06715686619281769,2.2892158031463623
509,0.06617647409439087,3.2941176891326904
510,0.06862745434045792,4.316176414489746
511,0.06666667014360428,5.174019813537598
512,0.053431373089551926,6.100490093231201
513,0.06862745434045792,6.843137264251709
514,0.05833333358168602,7.541666507720947
515,0.05245098099112511,8.098039627075195
516,0.03921568766236305,8.54411792755127
517,0.03333333507180214,8.924019813537598
518,0.036764707416296005,9.142156600952148
519,0.02549019642174244,9.213234901428223
520,0.0235294122248888,9.196078300476074
521,-0.0019607844296842813,9.034314155578613
522,0.01666666753590107,8.71813678741455
523,-0.020098039880394936,8.328431129455566
524,0.01764705963432789,7.823529243469238
525,-0.04264706000685692,7.18137264251709
526,-0.007352941203862429,6.534313678741455
527,-0.037745099514722824,5.661764621734619
528,-0.014705882407724857,4.772058963775635
529,0.8004902005195618,4.004901885986328
530,0.45539215207099915,2.963235378265381
531,0.029411764815449715,1.8627450466156006
532,0.6460784077644348,0.9558823704719543
533,-0.3906862735748291,-0.16911764442920685
534,0.3578431308269501,-1.1127450466156006
535,-0.20441175997257233,-2.088235378265381
536,0.08284313976764679,-3.024509906768799
537,0.0019607844296842813,-3.838235378265381
538,-0.08137255162000656,-4.666666507720947
539,0.04068627581000328,-5.384803771972656
540,-0.052941177040338516,-5.973039150238037
541,-0.03235294297337532,-6.558823585510254
542,0.004411764908581972,-6.94362735748291
543,-0.01764705963432789,-7.264705657958984
544,0.004411764908581972,-7.485294342041016
545,-0.007352941203862429,-7.56862735748291
546,0.0,-7.546568393707275
547,0.010294117964804173,-7.357842922210693
548,0.01225490216165781,-7.132352828979492
549,0.01617647148668766,-6.781862735748291
550,0.018627451732754707,-6.328431606292725
551,0.02401960827410221,-5.830882549285889
552,0.030392156913876534,-5.188725471496582
553,0.036764707416296005,-4.495098114013672
554,0.03529411926865578,-3.754901885986328
555,0.05784313753247261,-2.9583332538604736
556,0.04803921654820442,-2.127450942993164
557,0.05784313753247261,-1.2352941036224365
558,0.054411765187978745,-0.3921568691730499
559,0.062745101749897,0.5441176295280457
560,0.06617647409439087,1.377450942993164
561,0.05637254938483238,2.25
562,0.04852941259741783,3.05637264251709
563,0.05833333358168602,3.870098114013672
564,0.053921569138765335,4.622549057006836
565,0.05588235333561897,5.286764621734619
566,0.04754902049899101,5.914215564727783
567,0.04313725605607033,6.438725471496582
568,0.036764707416296005,6.879901885986328
569,0.04411764815449715,7.267157077789307
570,0.038235295563936234,7.56862735748291
571,0.03872549161314964,7.803921699523926
572,0.01568627543747425,7.936274528503418
573,0.0004901961074210703,7.921568393707275
574,0.02450980432331562,7.845588207244873
575,0.00147058826405555,7.686274528503418
576,0.020588235929608345,7.448529243469238
577,0.006862745154649019,7.208333492279053
578,-0.01225490216165781,6.772058963775635
579,-0.003921568859368563,6.294117450714111
580,-0.019117647781968117,5.767157077789307
581,-0.027450980618596077,5.169117450714111
582,-0.022549020126461983,4.531862735748291
583,-0.021568628028035164,3.813725471496582
584,-0.01715686358511448,3.154411792755127
585,-0.026470588520169258,2.338235378265381
586,-0.02598039247095585,1.627450942993164
587,-0.037254903465509415,0.8578431606292725
588,-0.023039216175675392,0.061274509876966476
589,-0.037745099514722824,-0.686274528503418
590,-0.03382353112101555,-1.436274528503418
591,-0.037254903465509415,-2.149509906768799
592,-0.0416666679084301,-2.8651959896087646
593,-0.023039216175675392,-3.524509906768799
594,-0.062745101749897,-4.144608020782471
595,-0.045588236302137375,-4.661764621734619
596,-0.03333333507180214,-5.164215564727783
597,-0.046078432351350784,-5.593137264251709
598,-0.0313725508749485,-5.948529243469238
599,-0.04852941259741783,-6.267157077789307
600,-0.4573529362678528,-6.51225471496582
601,0.10098039358854294,-6.573529243469238
602,-0.1872549057006836,-6.649509906768799
603,-0.11715686321258545,-6.632352828979492
604,0.10539215803146362,-6.473039150238037
605,-0.1872549057006836,-6.335784435272217
606,0.05637254938483238,-6.0
607,0.003921568859368563,-5.642157077789307
608,-0.009313725866377354,-5.279411792755127
609,0.06911765038967133,-4.740196228027344
610,-0.02401960827410221,-4.144608020782471
611,0.06372549384832382,-3.563725471496582
612,0.030882352963089943,-2.882352828979492
613,0.03186274692416191,-2.151960849761963
614,0.05049019679427147,-1.343137264251709
615,0.046568628400564194,-0.5980392098426819
616,0.0470588244497776,0.2181372493505478
617,0.0573529414832592,1.0759804248809814
618,0.05098039284348488,1.8872549533843994
619,0.06029411777853966,2.6691176891326904
620,0.05931372568011284,3.5122549533843994
621,0.04362745210528374,4.264705657958984
622,0.06666667014360428,5.036764621734619
623,0.03921568766236305,5.730391979217529
624,0.052941177040338516,6.323529243469238
625,0.04852941259741783,6.936274528503418
626,0.045588236302137375,7.377450942993164
627,0.036274511367082596,7.852941036224365
628,0.037254903465509415,8.14950942993164
629,0.028431372717022896,8.34313678741455
630,0.030882352963089943,8.55637264251709
631,0.027450980618596077,8.595588684082031
632,0.019607843831181526,8.53186321258545
633,0.00637254910543561,8.438725471496582
634,-0.0009803922148421407,8.151960372924805
635,-0.0009803922148421407,7.813725471496582
636,-0.003921568859368563,7.421568393707275
637,-0.008333333767950535,6.850490093231201
638,-0.013725490309298038,6.245098114013672
639,-0.020588235929608345,5.593137264251709
640,-0.028921568766236305,4.796568393707275
641,-0.036274511367082596,4.024509906768799
642,-0.030392156913876534,3.218137264251709
643,-0.04117647185921669,2.274509906768799
644,-0.03921568766236305,1.340686321258545
645,-0.03872549161314964,0.4436274468898773
646,-0.044607844203710556,-0.4485294222831726
647,-0.045588236302137375,-1.3848038911819458
648,-0.044607844203710556,-2.3578431606292725
649,-0.03970588371157646,-3.2009804248809814
650,-0.05147058889269829,-3.9877450466156006
651,-0.04019607976078987,-4.825980186462402
652,-0.03872549161314964,-5.473039150238037
653,-0.038235295563936234,-6.102941036224365
654,-0.03186274692416191,-6.647058963775635
655,-0.029901960864663124,-7.098039150238037
656,-0.023039216175675392,-7.497549057006836
657,-0.029901960864663124,-7.713235378265381
658,-0.026470588520169258,-7.924019813537598
659,-0.04411764815449715,-7.94362735748291
660,-0.0009803922148421407,-7.914215564727783
661,-0.019607843831181526,-7.757352828979492
662,-0.0029411765281111,-7.480391979217529
663,-0.0024509804788976908,-7.149509906768799
664,0.0117647061124444,-6.68137264251709
665,0.020588235929608345,-6.125
666,0.019607843831181526,-5.495098114013672
667,0.037254903465509415,-4.81862735748291
668,0.04117647185921669,-4.031862735748291
669,0.046568628400564194,-3.2009804248809814
670,0.04950980469584465,-2.3921568393707275
671,0.045098040252923965,-1.5
672,0.053921569138765335,-0.5808823704719543
673,0.05049019679427147,0.3235294222831726
674,0.05784313753247261,1.2034313678741455
675,0.05784313753247261,2.1691176891326904
676,0.061274509876966476,3.0147058963775635
677,0.053921569138765335,3.8357841968536377
678,0.05833333358168602,4.669117450714111
679,0.04852941259741783,5.406862735748291
680,0.044607844203710556,6.051470756530762
681,0.0519607849419117,6.651960849761963
682,0.030882352963089943,7.19362735748291
683,0.06372549384832382,7.63725471496582
684,0.022549020126461983,7.973039150238037
685,0.03872549161314964,8.272058486938477
686,0.018627451732754707,8.470588684082031
687,0.028921568766236305,8.53186321258545
688,0.0676470622420311,8.563725471496582
689,0.04117647185921669,8.502450942993164
690,0.0019607844296842813,8.269607543945312
691,0.027450980618596077,8.017156600952148
692,-0.0058823530562222,7.723039150238037
693,0.0004901961074210703,7.254901885986328
694,-0.00637254910543561,6.776960849761963
695,-0.021568628028035164,6.252450942993164
696,-0.019607843831181526,5.649509906768799
697,-0.030882352963089943,5.004901885986328
698,-0.02598039247095585,4.276960849761963
699,-0.022058824077248573,3.6102941036224365
700,-0.03333333507180214,2.845588207244873
701,-0.04019607976078987,2.120098114013672
702,-0.038235295563936234,1.3284313678741455
703,-0.04215686395764351,0.563725471496582
704,-0.028921568766236305,-0.20098039507865906
705,-0.036274511367082596,-0.938725471496582
706,-0.035784315317869186,-1.6519607305526733
707,-0.038235295563936234,-2.348039150238037
708,-0.03235294297337532,-2.9828431606292725
709,-0.0235294122248888,-3.590686321258545
710,-0.036274511367082596,-4.200980186462402
711,-0.0416666679084301,-4.720588207244873
712,-0.030392156913876534,-5.174019813537598
713,-0.007843137718737125,-5.534313678741455
714,-0.04313725605607033,-5.921568393707275
715,-0.014705882407724857,-6.205882549285889
716,-0.019607843831181526,-6.406862735748291
717,-0.01715686358511448,-6.583333492279053
718,-0.007843137718737125,-6.639705657958984
719,-0.013235294260084629,-6.686274528503418
720,-0.0058823530562222,-6.615196228027344
721,0.0058823530562222,-6.468137264251709
722,0.009313725866377354,-6.311274528503418
723,-0.01617647148668766,-6.083333492279053
724,-0.04901960864663124,-5.769608020782471
725,-0.0058823530562222,-5.433823585510254
726,-0.0009803922148421407,-5.039215564727783
727,0.006862745154649019,-4.524509906768799
728,0.022058824077248573,-4.017157077789307
729,0.02450980432331562,-3.3970587253570557
730,0.035784315317869186,-2.8235294818878174
731,0.03480392321944237,-2.1372549533843994
732,0.028431372717022896,-1.534313678741455
733,0.037254903465509415,-0.8088235259056091
734,0.04803921654820442,-0.09068627655506134
735,0.03431372717022896,0.6151960492134094
736,0.04215686395764351,1.3602941036224365
737,0.037745099514722824,2.090686321258545
738,0.05833333358168602,2.7990195751190186
739,0.04852941259741783,3.475490093231201
740,0.0416666679084301,4.18137264251709
741,0.04950980469584465,4.823529243469238
742,0.04362745210528374,5.426470756530762
743,0.030882352963089943,6.031862735748291
744,0.045588236302137375,6.571078300476074
745,0.03970588371157646,6.985294342041016
746,0.02401960827410221,7.450980186462402
747,0.04068627581000328,7.779411792755127
748,0.030392156913876534,8.09313678741455
749,0.02598039247095585,8.289216041564941
750,0.027450980618596077,8.382352828979492
751,0.018137255683541298,8.482843399047852
752,0.011274510063230991,8.453431129455566
753,0.005392157007008791,8.357843399047852
754,0.01225490216165781,8.164216041564941
755,-0.00637254910543561,7.875
756,-0.005392157007008791,7.544117450714111
757,-0.019607843831181526,7.149509906768799
758,-0.008333333767950535,6.703431606292725
759,-0.02450980432331562,6.107842922210693
760,-0.01715686358511448,5.433823585510254
761,-0.03333333507180214,4.764705657958984
762,-0.035784315317869186,4.031862735748291
763,-0.03186274692416191,3.252450942993164
764,-0.045588236302137375,2.4583332538604736
765,-0.04068627581000328,1.656862735748291
766,-0.0470588244497776,0.7720588445663452
767,-0.037745099514722824,-0.08088235557079315
768,-0.04117647185921669,-0.9411764740943909
769,-0.04362745210528374,-1.7254902124404907
770,-0.044607844203710556,-2.5710785388946533
771,-0.05098039284348488,-3.372549057006836
772,-0.04411764815449715,-4.088235378265381
773,-0.03284313902258873,-4.823529243469238
774,-0.037745099514722824,-5.409313678741455
775,-0.04019607976078987,-6.026960849761963
776,-0.02500000037252903,-6.490196228027344
777,-0.030882352963089943,-6.963235378265381
778,-0.021568628028035164,-7.350490093231201
779,-0.0235294122248888,-7.629901885986328
780,-0.02450980432331562,-7.794117450714111
781,-0.013235294260084629,-7.838235378265381
782,-0.003921568859368563,-7.897058963775635
783,-0.009313725866377354,-7.80637264251709
784,-0.0058823530562222,-7.644608020782471
785,-0.00637254910543561,-7.384803771972656
786,0.0416666679084301,-7.034313678741455
787,0.003921568859368563,-6.642157077789307
788,0.03235294297337532,-6.151960849761963
789,0.02450980432331562,-5.590686321258545
790,0.04950980469584465,-4.992647171020508
791,0.030882352963089943,-4.340686321258545
792,0.038235295563936234,-3.6029412746429443
793,0.04362745210528374,-2.875
794,0.045588236302137375,-2.1029412746429443
795,0.0470588244497776,-1.313725471496582
796,0.05539215728640556,-0.531862735748291
797,0.05931372568011284,0.2916666567325592
798,0.04754902049899101,1.066176414489746
799,0.06078431382775307,1.8504902124404907
800,0.046568628400564194,2.6078431606292725
801,0.05882352963089943,3.3578431606292725
802,0.0519607849419117,4.036764621734619
803,0.04019607976078987,4.735294342041016
804,0.05000000074505806,5.323529243469238
805,0.036764707416296005,5.88725471496582
806,0.05000000074505806,6.399509906768799
807,0.037254903465509415,6.81862735748291
808,0.03480392321944237,7.242647171020508
809,0.03872549161314964,7.497549057006836
810,0.028921568766236305,7.754901885986328
811,0.02401960827410221,7.960784435272217
812,0.021568628028035164,8.071078300476074
813,0.01764705963432789,8.115196228027344
814,0.010784314014017582,8.134803771972656
815,0.00637254910543561,8.041666984558105
816,0.0,7.919117450714111
817,0.0058823530562222,7.730391979217529
818,0.0058823530562222,7.411764621734619
819,-0.007843137718737125,7.144608020782471
820,-0.0029411765281111,6.776960849761963
821,-0.01225490216165781,6.345588207244873
822,-0.01568627543747425,5.899509906768799
823,-0.04901960864663124,5.436274528503418
824,-0.06715686619281769,4.93137264251709
825,-0.026470588520169258,4.36274528503418
826,-0.03529411926865578,3.779411792755127
827,-0.0416666679084301,3.1691176891326904
828,-0.035784315317869186,2.593137264251709
829,-0.02549019642174244,1.970588207244873
830,-0.036764707416296005,1.3186274766921997
831,-0.03284313902258873,0.718137264251709
832,-0.037745099514722824,0.036764707416296005
833,-0.03970588371157646,-0.6078431606292725
834,-0.03480392321944237,-1.2303920984268188
835,-0.04215686395764351,-1.8284313678741455
836,-0.03431372717022896,-2.4534313678741455
837,-0.028921568766236305,-3.0735294818878174
838,-0.036274511367082596,-3.625
839,-0.03186274692416191,-4.166666507720947
840,-0.03970588371157646,-4.659313678741455
841,-0.022549020126461983,-5.06862735748291
842,-0.038235295563936234,-5.507352828979492
843,-0.01274509821087122,-5.867647171020508
844,-0.029411764815449715,-6.242647171020508
845,-0.013725490309298038,-6.536764621734619
846,-0.01617647148668766,-6.745098114013672
847,-0.009803921915590763,-6.906862735748291
848,-0.020098039880394936,-7.024509906768799
849,-0.009803921915590763,-7.093137264251709
850,0.003921568859368563,-7.090686321258545
851,-0.003921568859368563,-6.982842922210693
852,0.009313725866377354,-6.850490093231201
853,0.004411764908581972,-6.674019813537598
854,0.013725490309298038,-6.433823585510254
855,0.014215686358511448,-6.100490093231201
856,0.018627451732754707,-5.678921699523926
857,0.013235294260084629,-5.235294342041016
858,0.01715686358511448,-4.759803771972656
859,0.020098039880394936,-4.205882549285889
860,0.02598039247095585,-3.595588207244873
861,0.030392156913876534,-2.9803922176361084
862,0.037254903465509415,-2.274509906768799
863,0.030392156913876534,-1.5220588445663452
864,0.03921568766236305,-0.7965686321258545
865,0.03333333507180214,-0.061274509876966476
866,0.03529411926865578,0.7132353186607361
867,0.04362745210528374,1.4803920984268188
868,0.05882352963089943,2.1960785388946533
869,0.05049019679427147,3.0416667461395264
870,0.045588236302137375,3.7303922176361084
871,0.04901960864663124,4.48774528503418
872,0.04215686395764351,5.122549057006836
873,0.03872549161314964,5.81862735748291
874,0.036764707416296005,6.384803771972656
875,0.030392156913876534,6.977941036224365
876,0.04411764815449715,7.426470756530762
877,0.027450980618596077,7.879901885986328
878,0.02500000037252903,8.25
879,0.028921568766236305,8.551470756530762
880,0.021078431978821754,8.78186321258545
881,0.026470588520169258,8.926470756530762
882,0.007843137718737125,9.004901885986328
883,0.019117647781968117,8.950980186462402
884,-0.013235294260084629,8.901960372924805
885,0.03235294297337532,8.727941513061523
886,-0.026470588520169258,8.5
887,0.006862745154649019,8.183823585510254
888,-0.006862745154649019,7.811274528503418
889,-0.14362744987010956,7.382352828979492
890,1.9313725233078003,7.080882549285889
891,-0.75,6.397058963775635
892,1.0313725471496582,5.808823585510254
893,-0.0730392187833786,5.186274528503418
894,0.1818627417087555,4.475490093231201
895,0.07009804248809814,3.8529412746429443
896,0.04754902049899101,3.127450942993164
897,0.008333333767950535,2.345588207244873
898,0.03431372717022896,1.6495097875595093
899,-0.04117647185921669,0.9730392098426819
900,0.013235294260084629,0.2132352888584137
901,-0.03529411926865578,-0.531862735748291
902,-0.01274509821087122,-1.188725471496582
903,-0.01764705963432789,-1.8799020051956177
904,-0.03382353112101555,-2.4583332538604736
905,-0.026960784569382668,-3.117647171020508
906,-0.037745099514722824,-3.6446077823638916
907,-0.02450980432331562,-4.191176414489746
908,-0.028431372717022896,-4.686274528503418
909,-0.023039216175675392,-5.13725471496582
910,-0.018627451732754707,-5.504901885986328
911,-0.01568627543747425,-5.833333492279053
912,-0.02500000037252903,-6.156862735748291
913,-0.018627451732754707,-6.392157077789307
914,-0.015196078456938267,-6.561274528503418
915,-0.02549019642174244,-6.742647171020508
916,-0.010294117964804173,-6.786764621734619
917,-0.0117647061124444,-6.857842922210693
918,-0.0034313725773245096,-6.835784435272217
919,-0.006862745154649019,-6.801470756530762
920,-0.0004901961074210703,-6.669117450714111
921,0.0049019609577953815,-6.509803771972656
922,0.0034313725773245096,-6.308823585510254
923,-0.00637254910543561,-6.090686321258545
924,0.010784314014017582,-5.835784435272217
925,0.014215686358511448,-5.541666507720947
926,0.010784314014017582,-5.169117450714111
927,0.02401960827410221,-4.76225471496582
928,0.022058824077248573,-4.382352828979492
929,0.02401960827410221,-3.9215686321258545
930,0.02401960827410221,-3.4583332538604736
931,0.02450980432331562,-2.8897058963775635
932,0.020588235929608345,-2.404411792755127
933,0.020588235929608345,-1.8480392694473267
934,0.03382353112101555,-1.3014706373214722
935,0.027450980618596077,-0.7156862616539001
936,0.03382353112101555,-0.10049019753932953
937,0.038235295563936234,0.48774510622024536
938,0.03382353112101555,1.1102941036224365
939,0.03235294297337532,1.752450942993164
940,0.03235294297337532,2.3210785388946533
941,0.03333333507180214,2.9264705181121826
942,0.044607844203710556,3.5392158031463623
943,0.037745099514722824,4.085784435272217
944,0.037254903465509415,4.735294342041016
945,0.03529411926865578,5.232842922210693
946,0.04411764815449715,5.759803771972656
947,0.04852941259741783,6.279411792755127
948,0.00637254910543561,6.740196228027344
949,0.03872549161314964,7.139705657958984
950,0.01617647148668766,7.541666507720947
951,0.037745099514722824,7.867647171020508
952,0.026960784569382668,8.191176414489746
953,0.014705882407724857,8.377450942993164
954,0.013725490309298038,8.551470756530762
955,0.014215686358511448,8.664216041564941
956,0.008333333767950535,8.72549057006836
957,0.00637254910543561,8.700980186462402
958,0.01225490216165781,8.64950942993164
959,-0.015196078456938267,8.485294342041016
960,0.15343137085437775,8.299019813537598
961,0.7450980544090271,8.095588684082031
962,-0.25196078419685364,7.725490093231201
963,0.27843138575553894,7.289215564727783
964,0.09509804099798203,6.840686321258545
965,-0.046568628400564194,6.397058963775635
966,0.0784313753247261,5.835784435272217
967,0.019607843831181526,5.264705657958984
968,-0.0313725508749485,4.620098114013672
969,0.03970588371157646,3.9534313678741455
970,-0.062254901975393295,3.2965686321258545
971,-0.0029411765281111,2.563725471496582
972,-0.028921568766236305,1.8627450466156006
973,-0.02401960827410221,1.095588207244873
974,-0.036274511367082596,0.4215686321258545
975,-0.028921568766236305,-0.30392158031463623
976,-0.036764707416296005,-1.0563725233078003
977,-0.03872549161314964,-1.7696079015731812
978,-0.0416666679084301,-2.4289214611053467
979,-0.03529411926865578,-3.093137264251709
980,-0.03333333507180214,-3.691176414489746
981,-0.03284313902258873,-4.267157077789307
982,-0.03970588371157646,-4.801470756530762
983,-0.0416666679084301,-5.311274528503418
984,-0.02450980432331562,-5.740196228027344
985,-0.018137255683541298,-6.098039150238037
986,-0.018137255683541298,-6.492647171020508
987,-0.01715686358511448,-6.742647171020508
988,-0.015196078456938267,-7.009803771972656
989,-0.01274509821087122,-7.134803771972656
990,-0.009803921915590763,-7.274509906768799
991,-0.022058824077248573,-7.333333492279053
992,-0.003921568859368563,-7.328431606292725
993,-0.005392157007008791,-7.252450942993164
994,-0.00147058826405555,-7.149509906768799
995,0.0,-7.007352828979492
996,-0.0034313725773245096,-6.808823585510254
997,0.00637254910543561,-6.617647171020508
998,0.008823529817163944,-6.291666507720947
999,0.0034313725773245096,-6.022058963775635
1000,0.019607843831181526,-5.649509906768799
1001,0.0004901961074210703,-5.289215564727783
1002,0.028921568766236305,-4.850490093231201
1003,0.010294117964804173,-4.455882549285889
1004,0.02401960827410221,-3.9877450466156006
1005,0.0235294122248888,-3.507352828979492
1006,0.029411764815449715,-3.090686321258545
1007,0.0313725508749485,-2.5098040103912354
1008,0.014705882407724857,-2.026960849761963
1009,0.0313725508749485,-1.497549057006836
1010,0.018627451732754707,-0.9509803652763367
1011,0.028921568766236305,-0.42892158031463623
1012,0.030392156913876534,0.10049019753932953
1013,0.02401960827410221,0.6421568393707275
1014,0.029411764815449715,1.183823585510254
1015,0.03333333507180214,1.7009804248809814
1016,0.037254903465509415,2.215686321258545
1017,0.020588235929608345,2.7622549533843994
1018,0.04313725605607033,3.3014705181121826
1019,0.02549019642174244,3.7990195751190186
1020,0.05245098099112511,4.269608020782471
1021,0.02549019642174244,4.745098114013672
1022,0.05049019679427147,5.225490093231201
1023,0.08235294371843338,5.600490093231201
1024,-1.6166666746139526,5.916666507720947
1025,0.8892157077789307,6.458333492279053
1026,-1.2999999523162842,6.799019813537598
1027,0.42843136191368103,7.122549057006836
1028,-0.27450981736183167,7.504901885986328
1029,0.038235295563936234,7.73774528503418
1030,-0.01715686358511448,7.990196228027344
1031,-0.09852941334247589,8.18137264251709
1032,0.003921568859368563,8.338234901428223
1033,0.019607843831181526,8.411765098571777
1034,-0.06372549384832382,8.47549057006836
1035,0.014215686358511448,8.514705657958984
1036,-0.07254902273416519,8.428921699523926
1037,0.01666666753590107,8.34313678741455
1038,-0.03235294297337532,8.20588207244873
1039,-0.018137255683541298,8.026960372924805
1040,-0.01568627543747425,7.710784435272217
1041,-0.0019607844296842813,7.401960849761963
1042,-0.013235294260084629,7.044117450714111
1043,-0.0117647061124444,6.688725471496582
1044,-0.021078431978821754,6.230391979217529
1045,-0.022058824077248573,5.730391979217529
1046,-0.02549019642174244,5.218137264251709
1047,-0.030392156913876534,4.615196228027344
1048,-0.01568627543747425,4.0
1049,-0.08382353186607361,3.3848040103912354
1050,0.003921568859368563,2.774509906768799
1051,-0.06421568989753723,2.063725471496582
1052,-0.021078431978821754,1.3897058963775635
1053,-0.046568628400564194,0.7034313678741455
1054,-0.04068627581000328,0.01715686358511448
1055,-0.04754902049899101,-0.6495097875595093
1056,-0.04754902049899101,-1.3235293626785278
1057,-0.0313725508749485,-1.9852941036224365
1058,-0.046568628400564194,-2.6348040103912354
1059,-0.05000000074505806,-3.2328431606292725
1060,-0.02401960827410221,-3.811274528503418
1061,-0.021568628028035164,-4.294117450714111
1062,-0.04264706000685692,-4.816176414489746
1063,-0.01666666753590107,-5.323529243469238
1064,-0.029411764815449715,-5.705882549285889
1065,-0.027941176667809486,-6.075980186462402
1066,-0.02500000037252903,-6.406862735748291
1067,-0.02598039247095585,-6.688725471496582
1068,-0.02500000037252903,-6.904411792755127
1069,-0.020098039880394936,-7.115196228027344
1070,-0.01568627543747425,-7.198529243469238
1071,-0.010784314014017582,-7.299019813537598
1072,-0.019607843831181526,-7.274509906768799
1073,-0.0024509804788976908,-7.338235378265381
1074,-0.0117647061124444,-7.232842922210693
1075,0.0029411765281111,-7.125
1076,0.008333333767950535,-7.007352828979492
1077,-0.007352941203862429,-6.81862735748291
1078,0.013725490309298038,-6.622549057006836
1079,-0.0009803922148421407,-6.370098114013672
1080,0.01666666753590107,-6.080882549285889
1081,-0.0034313725773245096,-5.774509906768799
1082,0.12450980395078659,-5.411764621734619
1083,0.5843137502670288,-5.051470756530762
1084,-0.33529412746429443,-4.73774528503418
1085,0.3754901885986328,-4.379901885986328
1086,0.045098040252923965,-3.901960849761963
1087,-0.02450980432331562,-3.5857841968536377
1088,0.08235294371843338,-3.1053922176361084
1089,-0.05784313753247261,-2.6642158031463623
1090,0.05539215728640556,-2.2401959896087646
1091,0.035784315317869186,-1.752450942993164
1092,-0.028431372717022896,-1.3014706373214722
1093,0.08137255162000656,-0.7941176295280457
1094,0.022058824077248573,-0.3137255012989044
1095,0.03431372717022896,0.16911764442920685
1096,0.03480392321944237,0.6911764740943909
1097,0.027450980618596077,1.1495097875595093
1098,0.020098039880394936,1.6666666269302368
1099,0.05049019679427147,2.149509906768799
1100,0.014705882407724857,2.651960849761963
1101,0.04362745210528374,3.1470587253570557
1102,0.03186274692416191,3.6740195751190186
1103,0.03921568766236305,4.115196228027344
1104,0.03970588371157646,4.575980186462402
1105,0.035784315317869186,5.01225471496582
1106,0.035784315317869186,5.551470756530762
1107,0.030392156913876534,5.914215564727783
1108,0.03186274692416191,6.328431606292725
1109,0.037745099514722824,6.735294342041016
1110,0.037745099514722824,7.044117450714111
1111,0.027941176667809486,7.409313678741455
1112,0.030882352963089943,7.710784435272217
1113,0.03529411926865578,7.973039150238037
1114,0.013235294260084629,8.25
1115,0.01666666753590107,8.40686321258545
1116,0.018137255683541298,8.551470756530762
1117,0.01764705963432789,8.710783958435059
1118,0.007843137718737125,8.747549057006836
1119,0.0004901961074210703,8.77450942993164
1120,0.0029411765281111,8.69362735748291
1121,0.0029411765281111,8.64950942993164
1122,0.010294117964804173,8.534314155578613
1123,0.0019607844296842813,8.303921699523926
1124,-0.00637254910543561,8.110294342041016
1125,0.0004901961074210703,7.801470756530762
1126,-0.00147058826405555,7.514705657958984
1127,-0.008823529817163944,7.11274528503418
1128,-0.019607843831181526,6.718137264251709
1129,-0.0117647061124444,6.242647171020508
1130,-0.019117647781968117,5.747549057006836
1131,-0.01764705963432789,5.25
1132,-0.03284313902258873,4.69362735748291
1133,-0.027941176667809486,4.083333492279053
1134,-0.027941176667809486,3.5416667461395264
1135,-0.03235294297337532,2.9877450466156006
1136,-0.030882352963089943,2.3259804248809814
1137,-0.026960784569382668,1.6985293626785278
1138,-0.03235294297337532,1.1176470518112183
1139,-0.035784315317869186,0.4901960790157318
1140,-0.029901960864663124,-0.11274509876966476
1141,-0.026470588520169258,-0.7132353186607361
1142,-0.03186274692416191,-1.3014706373214722
1143,-0.02598039247095585,-1.8357843160629272
1144,-0.03970588371157646,-2.3308823108673096
1145,-0.037254903465509415,-2.848039150238037
1146,-0.03235294297337532,-3.340686321258545
1147,-0.03284313902258873,-3.784313678741455
1148,-0.026470588520169258,-4.191176414489746
1149,-0.03382353112101555,-4.588235378265381
1150,-0.008333333767950535,-4.965686321258545
1151,-0.018137255683541298,-5.276960849761963
1152,-0.007352941203862429,-5.583333492279053
1153,-0.01764705963432789,-5.803921699523926
1154,-0.0235294122248888,-6.05637264251709
1155,0.011274510063230991,-6.188725471496582
1156,-0.014705882407724857,-6.379901885986328
1157,-0.014705882407724857,-6.519608020782471
1158,-0.01715686358511448,-6.627450942993164
1159,-0.020588235929608345,-6.688725471496582
1160,-0.003921568859368563,-6.725490093231201
1161,-0.004411764908581972,-6.76225471496582
1162,0.0009803922148421407,-6.799019813537598
1163,0.0009803922148421407,-6.772058963775635
1164,0.0019607844296842813,-6.666666507720947
1165,-0.0034313725773245096,-6.649509906768799
1166,0.005392157007008791,-6.598039150238037
1167,0.0,-6.441176414489746
1168,0.009313725866377354,-6.343137264251709
1169,-0.008823529817163944,-6.154411792755127
1170,0.014705882407724857,-5.970588207244873
1171,-0.009803921915590763,-5.850490093231201
1172,0.006862745154649019,-5.593137264251709
1173,0.010784314014017582,-5.352941036224365
1174,0.007843137718737125,-5.088235378265381
1175,0.014705882407724857,-4.789215564727783
1176,0.008333333767950535,-4.470588207244873
1177,0.010784314014017582,-4.115196228027344
1178,0.02549019642174244,-3.75
1179,0.02549019642174244,-3.404411792755127
1180,0.01764705963432789,-2.9877450466156006
1181,0.019117647781968117,-2.534313678741455
1182,0.01715686358511448,-2.0857841968536377
1183,0.023039216175675392,-1.6078431606292725
1184,0.03921568766236305,-1.127450942993164
1185,0.020098039880394936,-0.6029411554336548
1186,0.02549019642174244,-0.06372549384832382
1187,0.029411764815449715,0.4485294222831726
1188,0.020098039880394936,1.066176414489746
1189,0.03333333507180214,1.5833333730697632
1190,0.028431372717022896,2.159313678741455
1191,0.03431372717022896,2.7647058963775635
1192,0.04950980469584465,3.2965686321258545
1193,0.035784315317869186,3.840686321258545
1194,0.037745099514722824,4.409313678741455
1195,0.03480392321944237,4.892157077789307
1196,0.03872549161314964,5.436274528503418
1197,0.026960784569382668,5.877450942993164
1198,0.0235294122248888,6.340686321258545
1199,0.029901960864663124,6.767157077789307
1200,0.02598039247095585,7.169117450714111
1201,0.0235294122248888,7.509803771972656
1202,0.022549020126461983,7.830882549285889
1203,0.01666666753590107,8.110294342041016
1204,0.028921568766236305,8.348039627075195
1205,0.01666666753590107,8.507352828979492
1206,0.009313725866377354,8.69362735748291
1207,0.003921568859368563,8.769607543945312
1208,-0.0034313725773245096,8.845588684082031
1209,-0.0019607844296842813,8.823529243469238
1210,0.007352941203862429,8.769607543945312
1211,0.007843137718737125,8.69362735748291
1212,-0.013235294260084629,8.602941513061523
1213,-0.009313725866377354,8.465685844421387
1214,-0.01617647148668766,8.254901885986328
1215,-0.0004901961074210703,8.051470756530762
1216,-0.014215686358511448,7.796568393707275
1217,-0.01764705963432789,7.524509906768799
1218,-0.01764705963432789,7.215686321258545
1219,-0.03480392321944237,6.901960849761963
1220,-0.00147058826405555,6.588235378265381
1221,-0.004411764908581972,6.218137264251709
1222,0.004411764908581972,5.823529243469238
1223,-0.01715686358511448,5.5
1224,-0.018137255683541298,5.110294342041016
1225,-0.004411764908581972,4.720588207244873
1226,-0.0029411765281111,4.370098114013672
1227,-0.02401960827410221,3.933823585510254
1228,-0.027450980618596077,3.529411792755127
1229,-0.0235294122248888,3.127450942993164
1230,-0.019117647781968117,2.757352828979492
1231,-0.019117647781968117,2.350490093231201
1232,-0.018137255683541298,1.8970588445663452
1233,-0.014705882407724857,1.5465686321258545
1234,-0.020588235929608345,1.122549057006836
1235,-0.020098039880394936,0.7524510025978088
1236,-0.019117647781968117,0.3799019753932953
1237,-0.0235294122248888,-0.04411764815449715
1238,-0.0235294122248888,-0.44607841968536377
1239,-0.022549020126461983,-0.8529411554336548
1240,-0.01617647148668766,-1.2132352590560913
1241,-0.030392156913876534,-1.5882352590560913
1242,-0.0235294122248888,-2.0147058963775635
1243,-0.022549020126461983,-2.43137264251709
1244,-0.028431372717022896,-2.838235378265381
1245,-0.021568628028035164,-3.2352941036224365
1246,-0.026470588520169258,-3.6740195751190186
1247,-0.018627451732754707,-4.053921699523926
1248,-0.0235294122248888,-4.43137264251709
1249,-0.0235294122248888,-4.791666507720947
1250,-0.02500000037252903,-5.18137264251709
1251,-0.009313725866377354,-5.544117450714111
1252,-0.01274509821087122,-5.813725471496582
1253,-0.018627451732754707,-6.174019813537598
1254,-0.019117647781968117,-6.502450942993164
1255,-0.01225490216165781,-6.774509906768799
1256,-0.00637254910543561,-7.039215564727783
1257,-0.0235294122248888,-7.235294342041016
1258,-0.013235294260084629,-7.463235378265381
1259,-0.010784314014017582,-7.578431606292725
1260,-0.013235294260084629,-7.713235378265381
1261,-0.0117647061124444,-7.813725471496582
1262,-0.005392157007008791,-7.823529243469238
1263,-0.003921568859368563,-7.830882549285889
1264,-0.0009803922148421407,-7.776960849761963
1265,-0.007352941203862429,-7.723039150238037
1266,0.007352941203862429,-7.625
1267,-0.0029411765281111,-7.446078300476074
1268,0.0034313725773245096,-7.227941036224365
1269,0.013235294260084629,-6.980391979217529
1270,0.008823529817163944,-6.754901885986328
1271,0.007843137718737125,-6.419117450714111
1272,0.006862745154649019,-6.044117450714111
1273,0.011274510063230991,-5.656862735748291
1274,0.029901960864663124,-5.267157077789307
1275,0.02598039247095585,-4.872549057006836
1276,0.022058824077248573,-4.453431606292725
1277,0.027941176667809486,-3.970588207244873
1278,0.01568627543747425,-3.5098040103912354
1279,0.022058824077248573,-3.05637264251709
1280,0.03480392321944237,-2.588235378265381
1281,0.022549020126461983,-2.098039150238037
1282,0.029901960864663124,-1.6078431606292725
1283,0.029901960864663124,-1.1323529481887817
1284,0.03431372717022896,-0.6642156839370728
1285,0.030392156913876534,-0.2034313678741455
1286,0.030882352963089943,0.29411765933036804
1287,0.02549019642174244,0.6617646813392639
1288,0.028431372717022896,1.0857843160629272
1289,0.022549020126461983,1.4901961088180542
1290,0.01617647148668766,1.9191176891326904
1291,0.027450980618596077,2.30637264251709
1292,0.02401960827410221,2.6666667461395264
1293,0.02500000037252903,3.0220587253570557
1294,0.01764705963432789,3.3651959896087646
1295,0.019607843831181526,3.7034313678741455
1296,0.022058824077248573,4.009803771972656
1297,0.019117647781968117,4.31862735748291
1298,0.027450980618596077,4.620098114013672
1299,0.022058824077248573,4.93137264251709
1300,0.020588235929608345,5.166666507720947
1301,0.013235294260084629,5.436274528503418
1302,0.020588235929608345,5.710784435272217
1303,0.022058824077248573,5.968137264251709
1304,0.009313725866377354,6.178921699523926
1305,0.009803921915590763,6.473039150238037
1306,0.023039216175675392,6.700980186462402
1307,0.013725490309298038,6.914215564727783
1308,0.022549020126461983,7.19362735748291
1309,0.01568627543747425,7.355391979217529
1310,0.01666666753590107,7.534313678741455
1311,0.010784314014017582,7.76225471496582
1312,0.0019607844296842813,7.916666507720947
1313,0.0024509804788976908,8.085783958435059
1314,0.010784314014017582,8.235294342041016
1315,0.007843137718737125,8.338234901428223
1316,0.01764705963432789,8.450980186462402
1317,0.013725490309298038,8.536765098571777
1318,0.04117647185921669,8.55637264251709
1319,0.02401960827410221,8.583333015441895
1320,-0.04068627581000328,8.517156600952148
1321,0.0034313725773245096,8.529411315917969
1322,-0.018137255683541298,8.41911792755127
1323,-0.007352941203862429,8.33088207244873
1324,-0.005392157007008791,8.20588207244873
1325,-0.006862745154649019,8.009803771972656
1326,-0.0024509804788976908,7.803921699523926
1327,-0.019607843831181526,7.531862735748291
1328,0.0,7.279411792755127
1329,-0.03284313902258873,6.946078300476074
1330,-0.0117647061124444,6.580882549285889
1331,-0.030882352963089943,6.220588207244873
1332,-0.020098039880394936,5.830882549285889
1333,-0.021078431978821754,5.428921699523926
1334,-0.030392156913876534,4.958333492279053
1335,-0.023039216175675392,4.531862735748291
1336,-0.030882352963089943,4.05637264251709
1337,-0.03480392321944237,3.531862735748291
1338,-0.029411764815449715,3.034313678741455
1339,-0.02450980432331562,2.5735294818878174
1340,-0.02549019642174244,2.1102941036224365
1341,-0.022058824077248573,1.5833333730697632
1342,-0.027450980618596077,1.1151961088180542
1343,-0.028431372717022896,0.6764705777168274
1344,-0.019117647781968117,0.14215686917304993
1345,-0.028431372717022896,-0.26225489377975464
1346,-0.08431372791528702,-0.6495097875595093
1347,-0.007352941203862429,-1.1029411554336548
1348,-0.044607844203710556,-1.5171568393707275
1349,-0.03529411926865578,-1.8357843160629272
1350,-0.022549020126461983,-2.2034313678741455
1351,-0.03970588371157646,-2.558823585510254
1352,-0.019117647781968117,-2.8897058963775635
1353,-0.01568627543747425,-3.1642158031463623
1354,-0.0235294122248888,-3.438725471496582
1355,-0.015196078456938267,-3.7083332538604736
1356,-0.01225490216165781,-3.975490093231201
1357,-0.020098039880394936,-4.176470756530762
1358,-0.01568627543747425,-4.392157077789307
1359,-0.015196078456938267,-4.625
1360,-0.02598039247095585,-4.843137264251709
1361,-0.014215686358511448,-5.026960849761963
1362,-0.027450980618596077,-5.210784435272217
1363,-0.015196078456938267,-5.377450942993164
1364,-0.027941176667809486,-5.546568393707275
1365,-0.014215686358511448,-5.767157077789307
1366,-0.010784314014017582,-5.924019813537598
1367,-0.008823529817163944,-6.085784435272217
1368,-0.010784314014017582,-6.235294342041016
1369,-0.01568627543747425,-6.404411792755127
1370,-0.013235294260084629,-6.590686321258545
1371,-0.014705882407724857,-6.696078300476074
1372,-0.00637254910543561,-6.845588207244873
1373,-0.008823529817163944,-6.985294342041016
1374,-0.01666666753590107,-7.134803771972656
1375,-0.014215686358511448,-7.159313678741455
1376,0.007843137718737125,-7.220588207244873
1377,-0.04019607976078987,-7.355391979217529
1378,0.013235294260084629,-7.382352828979492
1379,-0.02500000037252903,-7.406862735748291
1380,0.1715686321258545,-7.357842922210693
1381,0.8563725352287292,-7.308823585510254
1382,-1.298039197921753,-7.397058963775635
1383,0.9333333373069763,-7.225490093231201
1384,-0.7436274290084839,-7.11274528503418
1385,0.16862745583057404,-6.936274528503418
1386,-0.0882352963089943,-6.720588207244873
1387,0.027450980618596077,-6.539215564727783
1388,-0.02500000037252903,-6.294117450714111
1389,0.0019607844296842813,-6.002450942993164
1390,0.0029411765281111,-5.688725471496582
1391,0.04411764815449715,-5.333333492279053
1392,-0.0235294122248888,-5.0
1393,0.019607843831181526,-4.617647171020508
1394,0.00637254910543561,-4.232842922210693
1395,0.022549020126461983,-3.7622549533843994
1396,0.0313725508749485,-3.3333332538604736
1397,0.006862745154649019,-2.899509906768799
1398,0.0235294122248888,-2.44362735748291
1399,0.0313725508749485,-2.024509906768799
1400,0.023039216175675392,-1.561274528503418
1401,0.02450980432331562,-1.0808823108673096
1402,0.027941176667809486,-0.656862735748291
1403,0.007352941203862429,-0.1666666716337204
1404,0.020588235929608345,0.21568627655506134
1405,0.011274510063230991,0.6372548937797546
1406,0.01666666753590107,1.0441176891326904
1407,0.02500000037252903,1.3970588445663452
1408,0.03480392321944237,1.8235293626785278
1409,0.019117647781968117,2.1348040103912354
1410,0.027450980618596077,2.475490093231201
1411,0.01274509821087122,2.808823585510254
1412,0.02500000037252903,3.1102941036224365
1413,0.015196078456938267,3.382352828979492
1414,0.02598039247095585,3.661764621734619
1415,0.009803921915590763,3.899509906768799
1416,0.0235294122248888,4.120098114013672
1417,0.01274509821087122,4.355391979217529
1418,0.010784314014017582,4.575980186462402
1419,0.01225490216165781,4.786764621734619
1420,0.0117647061124444,5.061274528503418
1421,0.01715686358511448,5.166666507720947
1422,0.013235294260084629,5.424019813537598
1423,0.01617647148668766,5.598039150238037
1424,0.014705882407724857,5.789215564727783
1425,0.01225490216165781,5.995098114013672
1426,0.021568628028035164,6.242647171020508
1427,0.009313725866377354,6.401960849761963
1428,0.015196078456938267,6.610294342041016
1429,0.014705882407724857,6.803921699523926
1430,0.008333333767950535,7.022058963775635
1431,0.01568627543747425,7.245098114013672
1432,0.01225490216165781,7.421568393707275
1433,0.019607843831181526,7.617647171020508
1434,0.036764707416296005,7.838235378265381
1435,-0.010784314014017582,8.019607543945312
1436,0.028921568766236305,8.210783958435059
1437,-0.008333333767950535,8.357843399047852
1438,0.009803921915590763,8.509803771972656
1439,0.003921568859368563,8.625
1440,-0.0009803922148421407,8.71813678741455
1441,0.00637254910543561,8.79411792755127
1442,0.007843137718737125,8.848039627075195
1443,-0.006862745154649019,8.811274528503418
1444,0.0004901961074210703,8.840685844421387
1445,-0.00637254910543561,8.872549057006836
1446,0.00147058826405555,8.779411315917969
1447,-0.0034313725773245096,8.661765098571777
1448,-0.00147058826405555,8.529411315917969
1449,-0.0049019609577953815,8.375
1450,-0.006862745154649019,8.183823585510254
1451,-0.020098039880394936,7.975490093231201
1452,-0.30000001192092896,7.700980186462402
1453,-0.7019608020782471,7.367647171020508
1454,0.29019609093666077,7.11274528503418
1455,-0.4416666626930237,6.828431606292725
1456,0.10637255012989044,6.460784435272217
1457,-0.15343137085437775,6.159313678741455
1458,-0.11176470667123795,5.772058963775635
1459,0.0029411765281111,5.438725471496582
1460,-0.05588235333561897,5.058823585510254
1461,-0.05539215728640556,4.622549057006836
1462,-0.018627451732754707,4.308823585510254
1463,-0.03872549161314964,3.94362735748291
1464,-0.021568628028035164,3.5735294818878174
1465,-0.02598039247095585,3.2009804248809814
1466,-0.021078431978821754,2.8529412746429443
1467,-0.018627451732754707,2.5098040103912354
1468,-0.03480392321944237,2.1985294818878174
1469,-0.027450980618596077,1.872549057006836
1470,-0.020098039880394936,1.622549057006836
1471,-0.018137255683541298,1.313725471496582
1472,-0.01666666753590107,1.0245097875595093
1473,-0.014215686358511448,0.7965686321258545
1474,-0.019607843831181526,0.5098039507865906
1475,-0.018627451732754707,0.28431373834609985
1476,-0.018137255683541298,0.029411764815449715
1477,-0.007352941203862429,-0.1568627506494522
1478,-0.014215686358511448,-0.406862735748291
1479,-0.01225490216165781,-0.6200980544090271
1480,-0.010784314014017582,-0.8480392098426819
1481,-0.0235294122248888,-1.0367647409439087
1482,-0.015196078456938267,-1.3014706373214722
1483,-0.01568627543747425,-1.5245097875595093
1484,-0.014705882407724857,-1.8039215803146362
1485,-0.015196078456938267,-2.0171568393707275
1486,-0.0235294122248888,-2.281862735748291
1487,-0.010784314014017582,-2.5514705181121826
1488,-0.028921568766236305,-2.875
1489,-0.0235294122248888,-3.156862735748291
1490,-0.01764705963432789,-3.495098114013672
1491,-0.021568628028035164,-3.779411792755127
1492,-0.02598039247095585,-4.115196228027344
1493,-0.028921568766236305,-4.44362735748291
1494,-0.027941176667809486,-4.757352828979492
1495,-0.02598039247095585,-5.093137264251709
1496,-0.028431372717022896,-5.409313678741455
1497,-0.026960784569382668,-5.669117450714111
1498,-0.018627451732754707,-5.973039150238037
1499,-0.028431372717022896,-6.26225471496582
1500,-0.01715686358511448,-6.575980186462402
1501,-0.03431372717022896,-6.840686321258545
1502,-0.019607843831181526,-7.053921699523926
1503,-0.013725490309298038,-7.291666507720947
1504,-0.014215686358511448,-7.460784435272217
1505,-0.013235294260084629,-7.625
1506,-0.0117647061124444,-7.794117450714111
1507,-0.008823529817163944,-7.872549057006836
1508,-0.01764705963432789,-7.955882549285889
1509,-0.007352941203862429,-7.980391979217529
1510,-0.014705882407724857,-8.022058486938477
1511,-0.0034313725773245096,-7.980391979217529
1512,-0.018627451732754707,-7.926470756530762
1513,-0.003921568859368563,-7.901960849761963
1514,-0.01225490216165781,-7.769608020782471
1515,-0.4004901945590973,-7.654411792755127
1516,1.4789215326309204,-7.375
1517,-0.9318627715110779,-7.352941036224365
1518,1.188725471496582,-7.142157077789307
1519,-0.41421568393707275,-6.950980186462402
1520,0.33725491166114807,-6.796568393707275
1521,-0.01225490216165781,-6.55637264251709
1522,0.018137255683541298,-6.416666507720947
1523,0.08970588445663452,-6.205882549285889
1524,0.011274510063230991,-6.017157077789307
1525,-0.0029411765281111,-5.803921699523926
1526,0.07009804248809814,-5.583333492279053
1527,-0.03333333507180214,-5.421568393707275
1528,0.053921569138765335,-5.254901885986328
1529,0.010294117964804173,-5.071078300476074
1530,-0.0029411765281111,-4.906862735748291
1531,0.01568627543747425,-4.774509906768799
1532,0.004411764908581972,-4.620098114013672
1533,0.008333333767950535,-4.495098114013672
1534,0.014705882407724857,-4.370098114013672
1535,-0.0009803922148421407,-4.313725471496582
1536,0.05098039284348488,-4.11274528503418
1537,-0.04117647185921669,-4.014705657958984
1538,0.052941177040338516,-3.8848040103912354
1539,-0.020588235929608345,-3.75
1540,-0.0058823530562222,-3.627450942993164
1541,-0.027450980618596077,-3.4583332538604736
1542,0.019117647781968117,-3.2892158031463623
1543,-0.009313725866377354,-3.100490093231201
1544,0.014705882407724857,-2.901960849761963
1545,0.009313725866377354,-2.6666667461395264
1546,0.008823529817163944,-2.4901959896087646
1547,0.009803921915590763,-2.220588207244873
1548,0.009313725866377354,-1.9289215803146362
1549,0.014705882407724857,-1.6666666269302368
1550,0.01764705963432789,-1.3553920984268188
1551,0.014215686358511448,-1.0073529481887817
1552,0.009803921915590763,-0.656862735748291
1553,0.01568627543747425,-0.2769607901573181
1554,0.01666666753590107,0.06862745434045792
1555,0.01666666753590107,0.4779411852359772
1556,0.021078431978821754,0.8504902124404907
1557,0.020098039880394936,1.2549020051956177
1558,0.02450980432331562,1.718137264251709
1559,0.026470588520169258,2.0441176891326904
1560,0.030392156913876534,2.465686321258545
1561,0.014705882407724857,2.93137264251709
1562,0.02500000037252903,3.2671568393707275
1563,0.03235294297337532,3.6666667461395264
1564,0.01225490216165781,3.9877450466156006
1565,0.027450980618596077,4.355391979217529
1566,0.020098039880394936,4.666666507720947
1567,0.009803921915590763,4.936274528503418
1568,0.013235294260084629,5.178921699523926
1569,0.013235294260084629,5.475490093231201
1570,-0.01617647148668766,5.659313678741455
1571,0.05049019679427147,5.914215564727783
1572,0.007352941203862429,6.022058963775635
1573,0.009313725866377354,6.203431606292725
1574,0.021568628028035164,6.284313678741455
1575,0.006862745154649019,6.355391979217529
1576,0.019607843831181526,6.482842922210693
1577,0.006862745154649019,6.549019813537598
1578,0.00147058826405555,6.600490093231201
1579,0.009313725866377354,6.666666507720947
1580,-0.0034313725773245096,6.688725471496582
1581,0.0049019609577953815,6.705882549285889
1582,0.008333333767950535,6.73774528503418
1583,0.008333333767950535,6.791666507720947
1584,0.02549019642174244,6.808823585510254
1585,-0.026960784569382668,6.867647171020508
1586,0.008333333767950535,6.919117450714111
1587,0.03529411926865578,6.968137264251709
1588,-0.05245098099112511,7.051470756530762
1589,0.030882352963089943,7.154411792755127
1590,-0.0235294122248888,7.257352828979492
1591,0.02549019642174244,7.333333492279053
1592,0.0,7.468137264251709
1593,0.01666666753590107,7.583333492279053
1594,0.008333333767950535,7.747549057006836
1595,0.006862745154649019,7.80637264251709
1596,-0.03480392321944237,8.002450942993164
1597,-0.3544117510318756,8.142156600952148
1598,0.4230392277240753,8.308823585510254
1599,-0.47205883264541626,8.397058486938477
1600,0.2441176474094391,8.509803771972656
1601,-0.09656862914562225,8.664216041564941
1602,-0.05098039284348488,8.683823585510254
1603,0.04117647185921669,8.811274528503418
1604,-0.018627451732754707,8.825980186462402
1605,0.013725490309298038,8.89950942993164
1606,0.029901960864663124,8.911765098571777
1607,-0.05049019679427147,8.884803771972656
1608,0.04019607976078987,8.894607543945312
1609,-0.019117647781968117,8.811274528503418
1610,-0.0029411765281111,8.66911792755127
1611,-0.0004901961074210703,8.551470756530762
1612,-0.010784314014017582,8.426470756530762
1613,-0.014215686358511448,8.208333015441895
1614,-0.014215686358511448,8.061274528503418
1615,-0.0117647061124444,7.801470756530762
1616,-0.007352941203862429,7.539215564727783
1617,-0.004411764908581972,7.279411792755127
1618,-0.018627451732754707,6.982842922210693
1619,-0.014215686358511448,6.69362735748291
1620,-0.021078431978821754,6.433823585510254
1621,-0.022058824077248573,6.083333492279053
1622,-0.013235294260084629,5.796568393707275
1623,-0.01225490216165781,5.544117450714111
1624,-0.01715686358511448,5.218137264251709
1625,-0.022058824077248573,4.938725471496582
1626,-0.013725490309298038,4.691176414489746
1627,-0.019607843831181526,4.433823585510254
1628,-0.006862745154649019,4.203431606292725
1629,-0.015196078456938267,4.009803771972656
1630,-0.011274510063230991,3.7892158031463623
1631,-0.01715686358511448,3.632352828979492
1632,-0.008823529817163944,3.473039150238037
1633,-0.00637254910543561,3.3259804248809814
1634,-0.004411764908581972,3.1642158031463623
1635,-0.008333333767950535,3.066176414489746
1636,0.00147058826405555,2.9779412746429443
1637,-0.0058823530562222,2.870098114013672
1638,-0.006862745154649019,2.747549057006836
1639,-0.003921568859368563,2.6446077823638916
1640,-0.0058823530562222,2.590686321258545
1641,0.0029411765281111,2.5122549533843994
1642,-0.009313725866377354,2.3872549533843994
1643,-0.007352941203862429,2.311274528503418
1644,0.0004901961074210703,2.1642158031463623
1645,-0.014705882407724857,2.0171568393707275
1646,-0.0049019609577953815,1.9289215803146362
1647,-0.011274510063230991,1.7058823108673096
1648,-0.01617647148668766,1.5539215803146362
1649,-0.014215686358511448,1.3357843160629272
1650,-0.01274509821087122,1.095588207244873
1651,-0.007352941203862429,0.8284313678741455
1652,-0.022058824077248573,0.563725471496582
1653,0.011274510063230991,0.2549019753932953
1654,0.01568627543747425,-0.026960784569382668
1655,-0.0029411765281111,-0.38725489377975464
1656,-0.0049019609577953815,-0.7450980544090271
1657,-0.01568627543747425,-1.031862735748291
1658,-0.019607843831181526,-1.3921568393707275
1659,-0.013235294260084629,-1.7647058963775635
1660,-0.023039216175675392,-2.151960849761963
1661,-0.019607843831181526,-2.473039150238037
1662,-0.01764705963432789,-2.8627450466156006
1663,-0.0235294122248888,-3.2083332538604736
1664,-0.027941176667809486,-3.492647171020508
1665,-0.03186274692416191,-3.848039150238037
1666,-0.03480392321944237,-4.156862735748291
1667,-0.026960784569382668,-4.382352828979492
1668,-0.029901960864663124,-4.634803771972656
1669,-0.020098039880394936,-4.823529243469238
1670,-0.010784314014017582,-5.05637264251709
1671,-0.01568627543747425,-5.215686321258545
1672,-0.008333333767950535,-5.338235378265381
1673,-0.007843137718737125,-5.414215564727783
1674,-0.008333333767950535,-5.524509906768799
1675,-0.009803921915590763,-5.583333492279053
1676,-0.007352941203862429,-5.644608020782471
1677,-0.0019607844296842813,-5.61274528503418
1678,-0.010294117964804173,-5.654411792755127
1679,-0.004411764908581972,-5.595588207244873
1680,0.0049019609577953815,-5.583333492279053
1681,-0.009313725866377354,-5.571078300476074
1682,-0.004411764908581972,-5.514705657958984
1683,-0.011274510063230991,-5.546568393707275
1684,-0.0029411765281111,-5.509803771972656
1685,-0.0058823530562222,-5.502450942993164
1686,-0.008333333767950535,-5.541666507720947
1687,0.003921568859368563,-5.55637264251709
1688,-0.011274510063230991,-5.595588207244873
1689,-0.0117647061124444,-5.622549057006836
1690,-0.00637254910543561,-5.688725471496582
1691,-0.013725490309298038,-5.808823585510254
1692,-0.0117647061124444,-5.938725471496582
1693,-0.01274509821087122,-6.085784435272217
1694,-0.018137255683541298,-6.196078300476074
1695,-0.010294117964804173,-6.340686321258545
1696,-0.01225490216165781,-6.539215564727783
1697,-0.030882352963089943,-6.754901885986328
1698,-0.0117647061124444,-6.933823585510254
1699,-0.02500000037252903,-7.127450942993164
1700,-0.0009803922148421407,-7.360294342041016
1701,-0.030882352963089943,-7.524509906768799
1702,-0.013725490309298038,-7.688725471496582
1703,-0.019117647781968117,-7.882352828979492
1704,-0.014215686358511448,-8.019607543945312
1705,-0.021078431978821754,-8.19362735748291
1706,-0.01274509821087122,-8.325980186462402
1707,-0.018627451732754707,-8.426470756530762
1708,-0.018627451732754707,-8.426470756530762
1709,-0.0049019609577953815,-8.490196228027344
1710,-0.005392157007008791,-8.563725471496582
1711,0.005392157007008791,-8.48774528503418
1712,0.0034313725773245096,-8.416666984558105
1713,-0.009313725866377354,-8.313725471496582
1714,-0.02500000037252903,-8.25
1715,-0.061274509876966476,-8.102941513061523
1716,-0.020588235929608345,-7.948529243469238
1717,-0.02500000037252903,-7.759803771972656
1718,-0.014215686358511448,-7.573529243469238
1719,0.00147058826405555,-7.348039150238037
1720,0.010294117964804173,-7.134803771972656
1721,0.0049019609577953815,-6.882352828979492
1722,0.003921568859368563,-6.600490093231201
1723,0.0049019609577953815,-6.357842922210693
1724,0.0024509804788976908,-6.139705657958984
1725,0.014215686358511448,-5.992647171020508
1726,0.00147058826405555,-5.764705657958984
1727,0.01274509821087122,-5.588235378265381
1728,0.004411764908581972,-5.411764621734619
1729,0.007843137718737125,-5.31862735748291
1730,0.0,-5.129901885986328
1731,0.004411764908581972,-5.071078300476074
1732,-0.004411764908581972,-4.93137264251709
1733,0.008333333767950535,-4.914215564727783
1734,0.045098040252923965,-4.860294342041016
1735,0.01617647148668766,-4.901960849761963
1736,0.0009803922148421407,-4.901960849761963
1737,0.01568627543747425,-4.916666507720947
1738,-0.0009803922148421407,-5.004901885986328
1739,0.00147058826405555,-5.046568393707275
1740,-0.0058823530562222,-5.085784435272217
1741,-0.0058823530562222,-5.100490093231201
1742,-0.0019607844296842813,-5.203431606292725
1743,0.0009803922148421407,-5.25
1744,0.0024509804788976908,-5.276960849761963
1745,0.0024509804788976908,-5.299019813537598
1746,-0.003921568859368563,-5.296568393707275
1747,0.0009803922148421407,-5.311274528503418
1748,-0.003921568859368563,-5.232842922210693
1749,-0.0019607844296842813,-5.166666507720947
1750,-0.0004901961074210703,-5.071078300476074
1751,-0.009803921915590763,-4.906862735748291
1752,0.009803921915590763,-4.740196228027344
1753,0.005392157007008791,-4.563725471496582
1754,0.011274510063230991,-4.360294342041016
1755,0.004411764908581972,-4.120098114013672
1756,0.014215686358511448,-3.808823585510254
1757,0.009803921915590763,-3.5465686321258545
1758,0.02450980432331562,-3.2377450466156006
1759,0.014705882407724857,-2.901960849761963
1760,0.021568628028035164,-2.561274528503418
1761,0.019607843831181526,-2.2303922176361084
1762,0.026470588520169258,-1.8700979948043823
1763,0.021078431978821754,-1.529411792755127
1764,0.019607843831181526,-1.2230392694473267
1765,0.005392157007008791,-0.8553921580314636
1766,0.08970588445663452,-0.563725471496582
1767,0.009313725866377354,-0.3382352888584137
1768,0.04313725605607033,-0.03921568766236305
1769,0.02598039247095585,0.19362744688987732
1770,0.01617647148668766,0.40931373834609985
1771,0.027941176667809486,0.5539215803146362
1772,0.01274509821087122,0.7009803652763367
1773,0.01715686358511448,0.8259803652763367
1774,0.010294117964804173,0.8529411554336548
1775,0.014215686358511448,0.9509803652763367
1776,0.00637254910543561,0.9779411554336548
1777,0.0004901961074210703,0.9583333134651184
1778,0.00147058826405555,0.9436274766921997
1779,0.003921568859368563,0.9289215803146362
1780,0.0049019609577953815,0.8921568393707275
1781,0.0024509804788976908,0.8284313678741455
1782,-0.00637254910543561,0.7450980544090271
1783,0.0049019609577953815,0.688725471496582
1784,-0.0004901961074210703,0.6911764740943909
1785,0.008333333767950535,0.5906862616539001
1786,0.00147058826405555,0.5735294222831726
1787,0.0,0.6102941036224365
1788,-0.0024509804788976908,0.6053921580314636
1789,0.0019607844296842813,0.6813725233078003
1790,-0.010784314014017582,0.7573529481887817
1791,0.0019607844296842813,0.8357843160629272
1792,0.009803921915590763,0.9730392098426819
1793,0.0049019609577953815,1.1495097875595093
1794,0.010784314014017582,1.3259804248809814
1795,0.007843137718737125,1.5759804248809814
1796,0.01666666753590107,1.875
1797,0.018627451732754707,2.132352828979492
1798,0.008823529817163944,2.3872549533843994
1799,0.019607843831181526,2.7352941036224365
1800,0.01617647148668766,3.0833332538604736
1801,0.014705882407724857,3.4215686321258545
1802,0.010784314014017582,3.752450942993164
1803,0.014705882407724857,4.102941036224365
1804,0.030882352963089943,4.424019813537598
1805,-0.0019607844296842813,4.708333492279053
1806,0.027941176667809486,5.031862735748291
1807,0.0117647061124444,5.340686321258545
1808,0.020098039880394936,5.600490093231201
1809,0.008333333767950535,5.752450942993164
1810,0.009803921915590763,5.958333492279053
1811,0.01225490216165781,6.083333492279053
1812,0.007352941203862429,6.252450942993164
1813,0.007843137718737125,6.259803771972656
1814,0.005392157007008791,6.303921699523926
1815,-0.06421568989753723,6.357842922210693
1816,0.005392157007008791,6.345588207244873
1817,-0.008333333767950535,6.289215564727783
1818,-0.007843137718737125,6.166666507720947
1819,0.00147058826405555,6.075980186462402
1820,-0.01617647148668766,6.024509906768799
1821,-0.011274510063230991,5.833333492279053
1822,-0.010294117964804173,5.678921699523926
1823,-0.008823529817163944,5.558823585510254
1824,-0.0058823530562222,5.355391979217529
1825,-0.008333333767950535,5.257352828979492
1826,-0.01225490216165781,5.093137264251709
1827,-0.01617647148668766,5.063725471496582
1828,-0.008333333767950535,5.007352828979492
1829,-0.01715686358511448,4.894608020782471
1830,-0.0117647061124444,4.879901885986328
1831,-0.0117647061124444,4.889705657958984
1832,-0.0004901961074210703,4.948529243469238
1833,-0.005392157007008791,4.970588207244873
1834,-0.0004901961074210703,5.120098114013672
1835,0.003921568859368563,5.308823585510254
1836,-0.0049019609577953815,5.450980186462402
1837,-0.0024509804788976908,5.647058963775635
1838,0.00147058826405555,5.901960849761963
1839,0.019117647781968117,6.166666507720947
1840,0.009803921915590763,6.470588207244873
1841,0.01715686358511448,6.759803771972656
1842,0.007843137718737125,7.026960849761963
1843,0.019117647781968117,7.296568393707275
1844,0.013235294260084629,7.578431606292725
1845,0.015196078456938267,7.926470756530762
1846,0.013725490309298038,8.164216041564941
1847,0.01715686358511448,8.384803771972656
1848,0.007843137718737125,8.610294342041016
1849,0.01617647148668766,8.825980186462402
1850,0.01715686358511448,8.982843399047852
1851,0.005392157007008791,9.083333015441895
1852,0.0,9.191176414489746
1853,-0.0009803922148421407,9.18137264251709
1854,-0.00147058826405555,9.198529243469238
1855,-0.0034313725773245096,9.161765098571777
1856,-0.007352941203862429,9.066176414489746
1857,-0.004411764908581972,8.938725471496582
1858,-0.010784314014017582,8.754901885986328
1859,0.0024509804788976908,8.58088207244873
1860,-0.009313725866377354,8.384803771972656
1861,-0.010784314014017582,8.144607543945312
1862,-0.013235294260084629,7.899509906768799
1863,-0.009803921915590763,7.656862735748291
1864,-0.01764705963432789,7.352941036224365
1865,-0.003921568859368563,7.139705657958984
1866,-0.021568628028035164,6.921568393707275
1867,-0.010784314014017582,6.683823585510254
1868,-0.014705882407724857,6.48774528503418
1869,-0.030392156913876534,6.313725471496582
1870,0.009313725866377354,6.178921699523926
1871,-0.05147058889269829,6.098039150238037
1872,0.006862745154649019,5.997549057006836
1873,-0.01274509821087122,6.051470756530762
1874,0.05931372568011284,6.061274528503418
1875,1.6779412031173706,6.259803771972656
1876,-1.0740195512771606,6.149509906768799
1877,0.9931372404098511,6.338235378265381
1878,-0.31519606709480286,6.578431606292725
1879,0.11078431457281113,6.710784435272217
1880,0.053921569138765335,7.041666507720947
1881,0.09460784494876862,7.220588207244873
1882,-0.023039216175675392,7.485294342041016
1883,0.061274509876966476,7.781862735748291
1884,-0.0117647061124444,8.075980186462402
1885,0.07941176742315292,8.39950942993164
1886,-0.022549020126461983,8.654411315917969
1887,0.0519607849419117,8.90686321258545
1888,0.010784314014017582,9.066176414489746
1889,0.01666666753590107,9.259803771972656
1890,0.013725490309298038,9.41911792755127
1891,0.019607843831181526,9.529411315917969
1892,0.0,9.610294342041016
1893,0.020098039880394936,9.65686321258545
1894,0.006862745154649019,9.620098114013672
1895,0.006862745154649019,9.546568870544434
1896,0.008333333767950535,9.460783958435059
1897,0.004411764908581972,9.27450942993164
1898,-0.013235294260084629,9.105392456054688
1899,-0.010294117964804173,8.840685844421387
1900,-0.0117647061124444,8.585783958435059
1901,-0.01568627543747425,8.279411315917969
1902,-0.01274509821087122,7.990196228027344
1903,-0.01568627543747425,7.63725471496582
1904,-0.019117647781968117,7.313725471496582
1905,-0.018627451732754707,6.955882549285889
1906,-0.022058824077248573,6.598039150238037
1907,-0.02549019642174244,6.31862735748291
1908,-0.02450980432331562,5.990196228027344
1909,-0.02549019642174244,5.76225471496582
1910,-0.022549020126461983,5.534313678741455
1911,-0.01568627543747425,5.303921699523926
1912,-0.03186274692416191,5.169117450714111
1913,0.03872549161314964,5.090686321258545
1914,-0.00637254910543561,5.093137264251709
1915,-0.0049019609577953815,5.002450942993164
1916,0.009313725866377354,5.088235378265381
1917,-0.010294117964804173,5.166666507720947
1918,0.00637254910543561,5.291666507720947
1919,0.020098039880394936,5.5
1920,0.0058823530562222,5.727941036224365
1921,0.013235294260084629,5.985294342041016
1922,0.015196078456938267,6.220588207244873
1923,0.008333333767950535,6.544117450714111
1924,0.021568628028035164,6.865196228027344
1925,0.0117647061124444,7.169117450714111
1926,0.013235294260084629,7.379901885986328
1927,0.013725490309298038,7.745098114013672
1928,0.007352941203862429,8.004901885986328
1929,0.010294117964804173,8.242647171020508
1930,0.010294117964804173,8.44362735748291
1931,0.003921568859368563,8.642156600952148
1932,0.0034313725773245096,8.727941513061523
1933,0.01617647148668766,8.789216041564941
1934,0.009803921915590763,8.77450942993164
1935,-0.00147058826405555,8.784314155578613
1936,-0.003921568859368563,8.68137264251709
1937,-0.008333333767950535,8.517156600952148
1938,-0.01225490216165781,8.365196228027344
1939,-0.01764705963432789,8.088234901428223
1940,0.12647059559822083,7.759803771972656
1941,0.7034313678741455,7.48774528503418
1942,-0.19558823108673096,7.149509906768799
1943,0.21617646515369415,6.688725471496582
1944,0.13872548937797546,6.30637264251709
1945,-0.06421568989753723,5.897058963775635
1946,0.12303921580314636,5.460784435272217
1947,-0.0019607844296842813,5.071078300476074
1948,-0.030392156913876534,4.69362735748291
1949,0.03529411926865578,4.321078300476074
1950,-0.05833333358168602,4.029411792755127
1951,0.02401960827410221,3.723039150238037
1952,-0.0117647061124444,3.4901959896087646
1953,-0.009803921915590763,3.338235378265381
1954,-0.0117647061124444,3.19362735748291
1955,-0.007843137718737125,3.125
1956,-0.0117647061124444,3.120098114013672
1957,-0.0029411765281111,3.1127450466156006
1958,-0.00637254910543561,3.284313678741455
1959,0.0019607844296842813,3.3921568393707275
1960,-0.007843137718737125,3.627450942993164
1961,0.021078431978821754,3.9240195751190186
1962,0.005392157007008791,4.186274528503418
1963,0.0235294122248888,4.526960849761963
1964,0.008823529817163944,4.872549057006836
1965,0.01225490216165781,5.215686321258545
1966,0.01568627543747425,5.615196228027344
1967,0.013725490309298038,5.995098114013672
1968,0.013725490309298038,6.343137264251709
1969,0.021568628028035164,6.674019813537598
1970,0.022058824077248573,6.982842922210693
1971,0.01666666753590107,7.208333492279053
1972,0.013725490309298038,7.426470756530762
1973,0.0049019609577953815,7.588235378265381
1974,0.0049019609577953815,7.676470756530762
1975,0.009313725866377354,7.742647171020508
1976,-0.0034313725773245096,7.713235378265381
1977,0.0034313725773245096,7.627450942993164
1978,-0.0009803922148421407,7.416666507720947
1979,-0.007352941203862429,7.267157077789307
1980,-0.020588235929608345,6.93137264251709
1981,-0.0049019609577953815,6.639705657958984
1982,-0.02450980432331562,6.245098114013672
1983,-0.0235294122248888,5.830882549285889
1984,-0.02500000037252903,5.36274528503418
1985,-0.0235294122248888,4.835784435272217
1986,-0.04019607976078987,4.406862735748291
1987,-0.026960784569382668,3.93137264251709
1988,-0.02549019642174244,3.4191176891326904
1989,-0.03382353112101555,2.94362735748291
1990,-0.029411764815449715,2.507352828979492
1991,-0.03235294297337532,2.1666667461395264
1992,-0.028431372717022896,1.816176414489746
1993,-0.03284313902258873,1.5171568393707275
1994,-0.020098039880394936,1.2647058963775635
1995,-0.026470588520169258,1.1348038911819458
1996,-0.019607843831181526,1.0833333730697632
1997,-0.0049019609577953815,1.0367647409439087
1998,-0.004411764908581972,1.066176414489746
1999,-0.009313725866377354,1.1740195751190186
2000,-0.0004901961074210703,1.4289215803146362
2001,0.0004901961074210703,1.688725471496582
2002,0.0034313725773245096,1.9534313678741455
2003,0.010784314014017582,2.345588207244873
2004,-0.014215686358511448,2.6985294818878174
2005,0.03921568766236305,3.1960785388946533
2006,-0.011274510063230991,3.598039150238037
2007,0.030392156913876534,4.031862735748291
2008,0.003921568859368563,4.539215564727783
2009,-0.7308823466300964,4.93137264251709
2010,1.0627450942993164,5.475490093231201
2011,-0.6764705777168274,5.828431606292725
2012,0.561274528503418,6.151960849761963
2013,0.011274510063230991,6.531862735748291
2014,0.009313725866377354,6.691176414489746
2015,0.1460784375667572,6.882352828979492
2016,-0.08627451211214066,6.928921699523926
2017,0.05147058889269829,6.938725471496582
2018,0.06029411777853966,6.882352828979492
2019,-0.06666667014360428,6.742647171020508
2020,0.054901961237192154,6.531862735748291
2021,-0.05931372568011284,6.227941036224365
2022,0.0,5.884803771972656
2023,-0.008333333767950535,5.475490093231201
2024,-0.03235294297337532,5.014705657958984
2025,-0.022058824077248573,4.436274528503418
2026,-0.03480392321944237,3.8921568393707275
2027,-0.02450980432331562,3.3602941036224365
2028,-0.03872549161314964,2.786764621734619
2029,0.0004901961074210703,2.1715686321258545
2030,-0.08137255162000656,1.6421568393707275
2031,0.0058823530562222,1.1789215803146362
2032,-0.053431373089551926,0.6617646813392639
2033,-0.01715686358511448,0.21568627655506134
2034,-0.04215686395764351,-0.13970588147640228
2035,-0.04313725605607033,-0.4730392098426819
2036,-0.014705882407724857,-0.6740196347236633
2037,-0.007843137718737125,-0.8039215803146362
2038,-0.013725490309298038,-0.8651960492134094
2039,-0.003921568859368563,-0.8406862616539001
2040,-0.009313725866377354,-0.7622548937797546
2041,0.00147058826405555,-0.5416666865348816
2042,0.008333333767950535,-0.24264705181121826
2043,0.01617647148668766,0.08088235557079315
2044,0.0117647061124444,0.5196078419685364
2045,0.021568628028035164,1.0122549533843994
2046,0.019607843831181526,1.497549057006836
2047,0.022549020126461983,2.061274528503418
2048,0.02549019642174244,2.6397058963775635
2049,0.028921568766236305,3.213235378265381
2050,0.03921568766236305,3.8284313678741455
2051,0.02598039247095585,4.338235378265381
2052,0.036764707416296005,4.877450942993164
2053,0.021078431978821754,5.384803771972656
2054,0.01666666753590107,5.811274528503418
2055,0.027941176667809486,6.149509906768799
2056,0.01617647148668766,6.43137264251709
2057,0.01764705963432789,6.629901885986328
2058,0.008333333767950535,6.691176414489746
2059,0.003921568859368563,6.727941036224365
2060,0.008823529817163944,6.615196228027344
2061,0.0029411765281111,6.441176414489746
2062,-0.00637254910543561,6.169117450714111
2063,-0.021078431978821754,5.794117450714111
2064,-0.028921568766236305,5.330882549285889
2065,-0.019607843831181526,4.830882549285889
2066,-0.03333333507180214,4.279411792755127
2067,-0.03382353112101555,3.6421568393707275
2068,-0.03284313902258873,2.970588207244873
2069,-0.04264706000685692,2.30637264251709
2070,-0.04117647185921669,1.6397058963775635
2071,-0.046568628400564194,0.9607843160629272
2072,-0.030882352963089943,0.30882352590560913
2073,-0.03872549161314964,-0.36274510622024536
2074,-0.026470588520169258,-0.8578431606292725
2075,-0.03480392321944237,-1.3921568393707275
2076,-0.03529411926865578,-1.843137264251709
2077,0.019607843831181526,-2.225490093231201
2078,0.021568628028035164,-2.3848040103912354
2079,0.011274510063230991,-2.55637264251709
2080,-0.019607843831181526,-2.6470587253570557
2081,-0.13137255609035492,-2.563725471496582
2082,0.41960784792900085,-2.3529412746429443
2083,-0.5210784077644348,-2.1053922176361084
2084,0.4225490093231201,-1.7941176891326904
2085,-0.22696077823638916,-1.284313678741455
2086,0.04803921654820442,-0.7843137383460999
2087,0.02598039247095585,-0.21568627655506134
2088,0.0029411765281111,0.45588234066963196
2089,0.07892157137393951,1.191176414489746
2090,0.028921568766236305,1.843137264251709
2091,0.02549019642174244,2.5784313678741455
2092,0.08186274766921997,3.3014705181121826
2093,0.02549019642174244,4.029411792755127
2094,0.04313725605607033,4.627450942993164
2095,0.04019607976078987,5.274509906768799
2096,0.03431372717022896,5.76225471496582
2097,0.036274511367082596,6.232842922210693
2098,0.027941176667809486,6.553921699523926
2099,0.02401960827410221,6.784313678741455
2100,0.019117647781968117,6.960784435272217
2101,0.014215686358511448,6.98774528503418
2102,0.00637254910543561,6.904411792755127
2103,0.0049019609577953815,6.727941036224365
2104,0.003921568859368563,6.375
2105,-0.01225490216165781,5.948529243469238
2106,-0.01617647148668766,5.450980186462402
2107,-0.022549020126461983,4.821078300476074
2108,-0.027941176667809486,4.142157077789307
2109,-0.03480392321944237,3.3872549533843994
2110,-0.03333333507180214,2.625
2111,-0.04215686395764351,1.8578431606292725
2112,-0.04362745210528374,0.9828431606292725
2113,-0.054411765187978745,0.18627451360225677
2114,-0.05049019679427147,-0.5980392098426819
2115,-0.0470588244497776,-1.3799020051956177
2116,-0.045098040252923965,-2.095588207244873
2117,-0.054411765187978745,-2.6715686321258545
2118,-0.04411764815449715,-3.220588207244873
2119,0.0019607844296842813,-3.632352828979492
2120,-0.04852941259741783,-3.965686321258545
2121,-0.010784314014017582,-4.161764621734619
2122,-0.013725490309298038,-4.25
2123,-0.01715686358511448,-4.19362735748291
2124,0.0029411765281111,-4.019608020782471
2125,-0.0019607844296842813,-3.745098114013672
2126,0.006862745154649019,-3.2990195751190186
2127,0.0313725508749485,-2.7377450466156006
2128,0.019117647781968117,-2.1642158031463623
2129,0.03431372717022896,-1.4534313678741455
2130,0.037745099514722824,-0.6495097875595093
2131,0.0416666679084301,0.14460784196853638
2132,0.046568628400564194,1.0416666269302368
2133,0.0470588244497776,1.9289215803146362
2134,0.044607844203710556,2.7696077823638916
2135,0.045098040252923965,3.6666667461395264
2136,0.03970588371157646,4.419117450714111
2137,0.053431373089551926,5.225490093231201
2138,0.046078432351350784,5.904411792755127
2139,0.036274511367082596,6.463235378265381
2140,0.03186274692416191,6.955882549285889
2141,0.020588235929608345,7.330882549285889
2142,0.03529411926865578,7.561274528503418
2143,0.003921568859368563,7.683823585510254
2144,0.007352941203862429,7.634803771972656
2145,0.0058823530562222,7.465686321258545
2146,-0.004411764908581972,7.156862735748291
2147,-0.010784314014017582,6.678921699523926
2148,-0.018137255683541298,6.166666507720947
2149,-0.037254903465509415,5.504901885986328
2150,-0.003921568859368563,4.73774528503418
2151,-0.0235294122248888,3.9166667461395264
2152,-0.038235295563936234,3.0098040103912354
2153,-0.029411764815449715,2.024509906768799
2154,-0.05637254938483238,1.0980392694473267
2155,-0.05098039284348488,0.0784313753247261
2156,-0.04754902049899101,-0.904411792755127
2157,-0.05784313753247261,-1.8284313678741455
2158,-0.05833333358168602,-2.659313678741455
2159,-0.05784313753247261,-3.470588207244873
2160,-0.05000000074505806,-4.166666507720947
2161,-0.04950980469584465,-4.708333492279053
2162,-0.04019607976078987,-5.218137264251709
2163,-0.045098040252923965,-5.551470756530762
2164,-0.028431372717022896,-5.720588207244873
2165,-0.029411764815449715,-5.784313678741455
2166,-0.015196078456938267,-5.659313678741455
2167,-0.01274509821087122,-5.401960849761963
2168,0.0,-4.995098114013672
2169,0.0,-4.475490093231201
2170,0.009803921915590763,-3.7941176891326904
2171,0.026960784569382668,-3.063725471496582
2172,0.027941176667809486,-2.1642158031463623
2173,0.027941176667809486,-1.2647058963775635
2174,0.05588235333561897,-0.23529411852359772
2175,0.04411764815449715,0.7843137383460999
2176,0.04215686395764351,1.8578431606292725
2177,0.0519607849419117,2.8946077823638916
2178,0.05245098099112511,3.899509906768799
2179,0.05686274543404579,4.882352828979492
2180,0.05539215728640556,5.705882549285889
2181,0.05147058889269829,6.519608020782471
2182,0.037254903465509415,7.208333492279053
2183,0.037745099514722824,7.769608020782471
2184,0.029901960864663124,8.19362735748291
2185,0.0235294122248888,8.477941513061523
2186,0.014705882407724857,8.588234901428223
2187,0.004411764908581972,8.551470756530762
2188,-0.008823529817163944,8.321078300476074
2189,-0.01617647148668766,7.977941036224365
2190,-0.01715686358511448,7.480391979217529
2191,-0.020588235929608345,6.830882549285889
2192,-0.029411764815449715,6.061274528503418
2193,-0.0470588244497776,5.13725471496582
2194,-0.05882352963089943,4.151960849761963
2195,-0.06421568989753723,3.117647171020508
2196,-0.054411765187978745,2.06862735748291
2197,-0.06519608199596405,0.9240196347236633
2198,-0.0573529414832592,-0.20588235557079315
2199,-0.07009804248809814,-1.3235293626785278
2200,-0.061274509876966476,-2.4460785388946533
2201,-0.05784313753247261,-3.3946077823638916
2202,-0.0676470622420311,-4.323529243469238
2203,-0.05686274543404579,-5.142157077789307
2204,-0.061764705926179886,-5.799019813537598
2205,-0.037254903465509415,-6.448529243469238
2206,-0.035784315317869186,-6.823529243469238
2207,-0.03284313902258873,-7.063725471496582
2208,-0.019607843831181526,-7.125
2209,0.018627451732754707,-7.071078300476074
2210,-0.03186274692416191,-6.767157077789307
2211,0.009313725866377354,-6.394608020782471
2212,-0.01617647148668766,-5.796568393707275
2213,0.01274509821087122,-5.061274528503418
2214,0.021078431978821754,-4.25
2215,0.04264706000685692,-3.25
2216,0.045098040252923965,-2.2107841968536377
2217,0.045098040252923965,-1.0833333730697632
2218,0.05833333358168602,0.06372549384832382
2219,0.054411765187978745,1.2377450466156006
2220,0.06421568989753723,2.44362735748291
2221,0.06519608199596405,3.6127450466156006
2222,0.0676470622420311,4.713235378265381
2223,0.06372549384832382,5.740196228027344
2224,0.05245098099112511,6.708333492279053
2225,0.06323529779911041,7.529411792755127
2226,0.054901961237192154,8.245098114013672
2227,0.0416666679084301,8.80637264251709
2228,0.03333333507180214,9.186274528503418
2229,0.03382353112101555,9.401960372924805
2230,0.009803921915590763,9.47549057006836
2231,0.00147058826405555,9.325980186462402
2232,-0.0009803922148421407,9.029411315917969
2233,-0.0117647061124444,8.566176414489746
2234,-0.037254903465509415,7.892157077789307
2235,-0.026470588520169258,7.134803771972656
2236,-0.03235294297337532,6.223039150238037
2237,-0.04117647185921669,5.242647171020508
2238,-0.046568628400564194,4.117647171020508
2239,-0.05000000074505806,2.872549057006836
2240,-0.06372549384832382,1.6470588445663452
2241,-0.0681372582912445,0.41421568393707275
2242,-0.07009804248809814,-0.8308823704719543
2243,-0.07745098322629929,-2.06862735748291
2244,-0.07401961088180542,-3.2401959896087646
2245,-0.06470588594675064,-4.284313678741455
2246,-0.05049019679427147,-5.279411792755127
2247,-0.052941177040338516,-6.120098114013672
2248,-0.06029411777853966,-6.879901885986328
2249,-0.046078432351350784,-7.424019813537598
2250,-0.04362745210528374,-7.833333492279053
2251,-0.03382353112101555,-8.102941513061523
2252,-0.02450980432331562,-8.15686321258545
2253,-0.019607843831181526,-8.036765098571777
2254,-0.004411764908581972,-7.730391979217529
2255,0.018137255683541298,-7.242647171020508
2256,0.046078432351350784,-6.553921699523926
2257,0.0,-5.823529243469238
2258,0.038235295563936234,-4.875
2259,0.038235295563936234,-3.850490093231201
2260,0.046078432351350784,-2.7034313678741455
2261,0.07450980693101883,-1.4926470518112183
2262,0.05882352963089943,-0.2401960790157318
2263,0.07254902273416519,1.0539215803146362
2264,0.07254902273416519,2.340686321258545
2265,0.06617647409439087,3.534313678741455
2266,0.07745098322629929,4.76225471496582
2267,0.07401961088180542,5.865196228027344
2268,0.06715686619281769,6.901960849761963
2269,0.06617647409439087,7.813725471496582
2270,0.061274509876966476,8.52450942993164
2271,0.04803921654820442,9.171568870544434
2272,0.04215686395764351,9.58088207244873
2273,0.020588235929608345,9.857843399047852
2274,0.020098039880394936,9.948529243469238
2275,0.01225490216165781,9.838234901428223
2276,0.0004901961074210703,9.615196228027344
2277,0.005392157007008791,9.132352828979492
2278,-0.020098039880394936,8.558823585510254
2279,-0.03431372717022896,7.799019813537598
2280,-0.04264706000685692,6.865196228027344
2281,-0.04117647185921669,5.801470756530762
2282,-0.05588235333561897,4.723039150238037
2283,-0.05245098099112511,3.534313678741455
2284,-0.0676470622420311,2.3014705181121826
2285,-0.07549019902944565,0.9901960492134094
2286,-0.06911765038967133,-0.3014705777168274
2287,-0.07647059112787247,-1.5735293626785278
2288,-0.0009803922148421407,-2.7671568393707275
2289,-0.09117647260427475,-3.938725471496582
2290,-0.05882352963089943,-4.960784435272217
2291,-0.06666667014360428,-5.919117450714111
2292,-0.06666667014360428,-6.727941036224365
2293,-0.0470588244497776,-7.394608020782471
2294,-0.052941177040338516,-7.948529243469238
2295,-0.02401960827410221,-8.289216041564941
2296,-0.03235294297337532,-8.438725471496582
2297,-0.023039216175675392,-8.446078300476074
2298,-0.003921568859368563,-8.29411792755127
2299,-0.0004901961074210703,-7.894608020782471
2300,0.013235294260084629,-7.372549057006836
2301,0.020588235929608345,-6.686274528503418
2302,0.023039216175675392,-5.88725471496582
2303,0.04362745210528374,-4.953431606292725
2304,0.02450980432331562,-3.9142158031463623
2305,0.06323529779911041,-2.81862735748291
2306,0.038235295563936234,-1.590686321258545
2307,0.0676470622420311,-0.36274510622024536
2308,0.05098039284348488,0.904411792755127
2309,0.05882352963089943,2.1446077823638916
2310,0.06617647409439087,3.367647171020508
2311,0.05980392172932625,4.526960849761963
2312,0.06666667014360428,5.602941036224365
2313,0.062254901975393295,6.580882549285889
2314,0.0990196093916893,7.453431606292725
2315,0.08578431606292725,8.232843399047852
2316,0.03970588371157646,8.823529243469238
2317,0.03480392321944237,9.247549057006836
2318,0.018627451732754707,9.529411315917969
2319,0.01568627543747425,9.68137264251709
2320,0.007352941203862429,9.654411315917969
2321,-0.005392157007008791,9.40686321258545
2322,-0.0049019609577953815,9.009803771972656
2323,-0.020098039880394936,8.470588684082031
2324,-0.015196078456938267,7.867647171020508
2325,-0.03186274692416191,7.039215564727783
2326,-0.05049019679427147,6.13725471496582
2327,-0.05049019679427147,5.102941036224365
2328,-0.054411765187978745,4.036764621734619
2329,-0.06421568989753723,2.8872549533843994
2330,-0.06470588594675064,1.7279411554336548
2331,-0.06470588594675064,0.531862735748291
2332,-0.07107843458652496,-0.654411792755127
2333,-0.0784313753247261,-1.7696079015731812
2334,-0.07009804248809814,-2.879901885986328
2335,-0.07450980693101883,-3.8848040103912354
2336,-0.0681372582912445,-4.813725471496582
2337,-0.0681372582912445,-5.686274528503418
2338,-0.05931372568011284,-6.350490093231201
2339,-0.04803921654820442,-6.924019813537598
2340,-0.054411765187978745,-7.367647171020508
2341,-0.046568628400564194,-7.68137264251709
2342,-0.037745099514722824,-7.774509906768799
2343,-0.020588235929608345,-7.776960849761963
2344,-0.01568627543747425,-7.642157077789307
2345,-0.010784314014017582,-7.335784435272217
2346,-0.004411764908581972,-6.860294342041016
2347,0.011274510063230991,-6.338235378265381
2348,0.02549019642174244,-5.617647171020508
2349,0.027450980618596077,-4.791666507720947
2350,0.035784315317869186,-3.8946077823638916
2351,0.03970588371157646,-2.9289214611053467
2352,0.04117647185921669,-1.9264706373214722
2353,0.04901960864663124,-0.8823529481887817
2354,0.05588235333561897,0.22794117033481598
2355,0.05686274543404579,1.343137264251709
2356,0.054901961237192154,2.401960849761963
2357,0.0573529414832592,3.3651959896087646
2358,0.05980392172932625,4.328431606292725
2359,0.0416666679084301,5.210784435272217
2360,0.053431373089551926,6.046568393707275
2361,0.04950980469584465,6.769608020782471
2362,0.020588235929608345,7.311274528503418
2363,0.045098040252923965,7.80637264251709
2364,0.030392156913876534,8.198529243469238
2365,0.015196078456938267,8.426470756530762
2366,0.02500000037252903,8.504901885986328
2367,-0.9995098114013672,8.38725471496582
2368,0.545098066329956,8.28186321258545
2369,0.029901960864663124,8.073529243469238
2370,-0.22303920984268188,7.502450942993164
2371,0.28872549533843994,7.071078300476074
2372,-0.08186274766921997,6.367647171020508
2373,-0.021078431978821754,5.642157077789307
2374,0.00637254910543561,4.904411792755127
2375,-0.09460784494876862,4.017157077789307
2376,0.01764705963432789,3.090686321258545
2377,-0.09313725680112839,2.18137264251709
2378,-0.038235295563936234,1.2132352590560913
2379,-0.06617647409439087,0.22058823704719543
2380,-0.05833333358168602,-0.7009803652763367
2381,-0.052941177040338516,-1.6078431606292725
2382,-0.05539215728640556,-2.468137264251709
2383,-0.07500000298023224,-3.281862735748291
2384,-0.044607844203710556,-4.029411792755127
2385,-0.0573529414832592,-4.69362735748291
2386,-0.045588236302137375,-5.267157077789307
2387,-0.04068627581000328,-5.735294342041016
2388,-0.046078432351350784,-6.127450942993164
2389,-0.038235295563936234,-6.350490093231201
2390,-0.02500000037252903,-6.490196228027344
2391,-0.021078431978821754,-6.544117450714111
2392,-0.014705882407724857,-6.468137264251709
2393,-0.0034313725773245096,-6.291666507720947
2394,-0.003921568859368563,-5.992647171020508
2395,0.0058823530562222,-5.539215564727783
2396,0.019607843831181526,-5.11274528503418
2397,0.014215686358511448,-4.551470756530762
2398,0.01764705963432789,-3.9166667461395264
2399,0.0313725508749485,-3.1691176891326904
2400,0.03235294297337532,-2.399509906768799
2401,0.038235295563936234,-1.5980392694473267
2402,0.035784315317869186,-0.7573529481887817
2403,0.04215686395764351,0.06372549384832382
2404,0.046078432351350784,0.9975489974021912
2405,0.05686274543404579,1.843137264251709
2406,0.05686274543404579,2.629901885986328
2407,0.05049019679427147,3.4558823108673096
2408,0.05784313753247261,4.186274528503418
2409,0.07450980693101883,4.867647171020508
2410,0.04215686395764351,5.526960849761963
2411,0.03284313902258873,6.073529243469238
2412,0.05147058889269829,6.524509906768799
2413,0.0235294122248888,6.914215564727783
2414,0.020588235929608345,7.198529243469238
2415,0.015196078456938267,7.384803771972656
2416,0.020098039880394936,7.492647171020508
2417,0.013725490309298038,7.504901885986328
2418,-0.0029411765281111,7.379901885986328
2419,-0.008333333767950535,7.147058963775635
2420,-0.006862745154649019,6.857842922210693
2421,-0.010784314014017582,6.446078300476074
2422,-0.01225490216165781,6.002450942993164
2423,-0.03186274692416191,5.424019813537598
2424,-0.029411764815449715,4.799019813537598
2425,-0.026470588520169258,4.088235378265381
2426,-0.03431372717022896,3.377450942993164
2427,-0.05000000074505806,2.5857841968536377
2428,-0.05098039284348488,1.7450979948043823
2429,-0.04215686395764351,0.9215686321258545
2430,-0.06715686619281769,0.0416666679084301
2431,-0.02598039247095585,-0.8063725233078003
2432,-0.03921568766236305,-1.5882352590560913
2433,-0.05098039284348488,-2.375
2434,-0.03970588371157646,-3.1691176891326904
2435,-0.061274509876966476,-3.843137264251709
2436,-0.054901961237192154,-4.473039150238037
2437,-0.04019607976078987,-5.026960849761963
2438,-0.1455882340669632,-5.492647171020508
2439,0.5053921341896057,-5.86274528503418
2440,-0.39901959896087646,-6.223039150238037
2441,0.3117647171020508,-6.455882549285889
2442,-0.12107843160629272,-6.566176414489746
2443,-0.009313725866377354,-6.544117450714111
2444,0.03431372717022896,-6.419117450714111
2445,0.0117647061124444,-6.215686321258545
2446,-0.0009803922148421407,-5.936274528503418
2447,0.04068627581000328,-5.509803771972656
2448,-0.004411764908581972,-5.007352828979492
2449,0.04313725605607033,-4.428921699523926
2450,0.03284313902258873,-3.757352828979492
2451,0.021078431978821754,-3.0514705181121826
2452,0.038235295563936234,-2.257352828979492
2453,0.03480392321944237,-1.406862735748291
2454,0.037745099514722824,-0.5269607901573181
2455,0.04411764815449715,0.38235294818878174
2456,0.05588235333561897,1.3235293626785278
2457,0.02450980432331562,2.2107841968536377
2458,0.04754902049899101,3.1127450466156006
2459,0.035784315317869186,3.992647171020508
2460,0.0573529414832592,4.823529243469238
2461,0.0416666679084301,5.600490093231201
2462,0.08676470816135406,6.242647171020508
2463,0.018627451732754707,6.889705657958984
2464,0.05588235333561897,7.401960849761963
2465,0.035784315317869186,7.843137264251709
2466,0.03284313902258873,8.161765098571777
2467,0.03235294297337532,8.392156600952148
2468,0.0049019609577953815,8.492647171020508
2469,0.005392157007008791,8.450980186462402
2470,-0.00147058826405555,8.311274528503418
2471,-0.009803921915590763,8.046568870544434
2472,-0.010784314014017582,7.639705657958984
2473,-0.02500000037252903,7.247549057006836
2474,-0.026960784569382668,6.563725471496582
2475,-0.03431372717022896,5.93137264251709
2476,-0.03480392321944237,5.159313678741455
2477,-0.036274511367082596,4.303921699523926
2478,-0.05147058889269829,3.3872549533843994
2479,-0.052941177040338516,2.4460785388946533
2480,-0.05833333358168602,1.465686321258545
2481,-0.05833333358168602,0.4583333432674408
2482,-0.06421568989753723,-0.561274528503418
2483,-0.06666667014360428,-1.6176470518112183
2484,-0.06078431382775307,-2.561274528503418
2485,-0.062254901975393295,-3.507352828979492
2486,-0.054411765187978745,-4.372549057006836
2487,-0.0573529414832592,-5.147058963775635
2488,-0.062745101749897,-5.882352828979492
2489,-0.04754902049899101,-6.539215564727783
2490,-0.04215686395764351,-7.022058963775635
2491,-0.03921568766236305,-7.414215564727783
2492,-0.038235295563936234,-7.718137264251709
2493,-0.02549019642174244,-7.855391979217529
2494,-0.02549019642174244,-7.899509906768799
2495,-0.015196078456938267,-7.811274528503418
2496,0.005392157007008791,-7.590686321258545
2497,-0.014215686358511448,-7.242647171020508
2498,0.03333333507180214,-6.752450942993164
2499,0.0019607844296842813,-6.18137264251709
2500,0.02500000037252903,-5.473039150238037
2501,0.21666666865348816,-4.708333492279053
2502,-0.5848039388656616,-3.933823585510254
2503,-0.1568627506494522,-2.9509804248809814
2504,0.1406862735748291,-1.9240195751190186
2505,-0.6686274409294128,-0.9558823704719543
2506,0.39656862616539,0.14950980246067047
2507,-0.2651960849761963,1.159313678741455
2508,0.17843137681484222,2.30637264251709
2509,-0.030882352963089943,3.311274528503418
2510,-0.019117647781968117,4.264705657958984
2511,0.12303921580314636,5.227941036224365
2512,-0.01715686358511448,6.083333492279053
2513,0.04117647185921669,6.855391979217529
2514,0.04215686395764351,7.539215564727783
2515,0.020098039880394936,8.083333015441895
2516,0.04950980469584465,8.585783958435059
2517,0.02401960827410221,8.928921699523926
2518,0.0058823530562222,9.120098114013672
2519,0.054411765187978745,9.200980186462402
2520,-0.0034313725773245096,9.22549057006836
2521,-0.00147058826405555,9.009803771972656
2522,-0.004411764908581972,8.776960372924805
2523,-0.022549020126461983,8.340685844421387
2524,-0.007843137718737125,7.821078300476074
2525,-0.03480392321944237,7.169117450714111
2526,-0.044607844203710556,6.463235378265381
2527,-0.037254903465509415,5.656862735748291
2528,-0.04901960864663124,4.76225471496582
2529,-0.05245098099112511,3.8553922176361084
2530,-0.054901961237192154,2.901960849761963
2531,-0.04754902049899101,1.8995097875595093
2532,-0.061274509876966476,0.8161764740943909
2533,-0.062745101749897,-0.1666666716337204
2534,-0.06617647409439087,-1.127450942993164
2535,-0.05931372568011284,-2.1372549533843994
2536,-0.05931372568011284,-3.0416667461395264
2537,-0.054411765187978745,-3.877450942993164
2538,-0.053921569138765335,-4.647058963775635
2539,-0.04754902049899101,-5.375
2540,-0.05147058889269829,-5.992647171020508
2541,-0.037745099514722824,-6.531862735748291
2542,-0.0416666679084301,-6.960784435272217
2543,-0.03333333507180214,-7.281862735748291
2544,-0.029411764815449715,-7.455882549285889
2545,-0.029901960864663124,-7.573529243469238
2546,-0.005392157007008791,-7.502450942993164
2547,-0.013235294260084629,-7.389705657958984
2548,-0.0049019609577953815,-7.147058963775635
2549,0.003921568859368563,-6.803921699523926
2550,0.01568627543747425,-6.372549057006836
2551,0.01225490216165781,-5.830882549285889
2552,0.0235294122248888,-5.196078300476074
2553,0.019607843831181526,-4.526960849761963
2554,0.03333333507180214,-3.742647171020508
2555,0.030882352963089943,-2.936274528503418
2556,0.037745099514722824,-2.1053922176361084
2557,0.04264706000685692,-1.2573529481887817
2558,0.054901961237192154,-0.3970588147640228
2559,0.05049019679427147,0.4828431308269501
2560,0.0416666679084301,1.372549057006836
2561,0.04019607976078987,2.257352828979492
2562,0.0470588244497776,3.0710785388946533
2563,0.046568628400564194,3.906862735748291
2564,0.03529411926865578,4.629901885986328
2565,0.04019607976078987,5.291666507720947
2566,0.045588236302137375,5.94362735748291
2567,0.038235295563936234,6.433823585510254
2568,0.03480392321944237,6.950980186462402
2569,-0.0004901961074210703,7.240196228027344
2570,-0.3950980305671692,7.529411792755127
2571,0.08529412001371384,7.769608020782471
2572,-0.11029411852359772,7.936274528503418
2573,-0.15343137085437775,7.906862735748291
2574,0.11813725531101227,7.875
2575,-0.29313725233078003,7.671568393707275
2576,-0.030392156913876534,7.441176414489746
2577,-0.0470588244497776,7.147058963775635
2578,-0.1093137264251709,6.73774528503418
2579,0.019117647781968117,6.276960849761963
2580,-0.08578431606292725,5.764705657958984
2581,-0.013235294260084629,5.154411792755127
2582,-0.03431372717022896,4.544117450714111
2583,-0.044607844203710556,3.8284313678741455
2584,-0.03970588371157646,3.125
2585,-0.05000000074505806,2.3627450466156006
2586,-0.04215686395764351,1.622549057006836
2587,-0.03382353112101555,0.8382353186607361
2588,-0.05588235333561897,0.07352941483259201
2589,-0.04215686395764351,-0.7107843160629272
2590,-0.05588235333561897,-1.4166666269302368
2591,-0.045098040252923965,-2.1642158031463623
2592,-0.0416666679084301,-2.8529412746429443
2593,-0.045588236302137375,-3.5171568393707275
2594,-0.04950980469584465,-4.115196228027344
2595,-0.03529411926865578,-4.671568393707275
2596,-0.03529411926865578,-5.183823585510254
2597,-0.03235294297337532,-5.602941036224365
2598,-0.022058824077248573,-5.965686321258545
2599,-0.02401960827410221,-6.264705657958984
2600,-0.021078431978821754,-6.446078300476074
2601,-0.020588235929608345,-6.561274528503418
2602,-0.010784314014017582,-6.620098114013672
2603,-0.010784314014017582,-6.588235378265381
2604,0.007352941203862429,-6.517157077789307
2605,-0.006862745154649019,-6.311274528503418
2606,0.008823529817163944,-6.024509906768799
2607,0.003921568859368563,-5.651960849761963
2608,0.01715686358511448,-5.240196228027344
2609,0.02450980432331562,-4.691176414489746
2610,0.0235294122248888,-4.129901885986328
2611,0.03186274692416191,-3.536764621734619
2612,0.03921568766236305,-2.840686321258545
2613,0.036274511367082596,-2.129901885986328
2614,0.03529411926865578,-1.3602941036224365
2615,0.036274511367082596,-0.5710784196853638
2616,0.035784315317869186,0.25
2617,0.021078431978821754,1.0539215803146362
2618,0.0235294122248888,1.8676470518112183
2619,0.06078431382775307,2.7009804248809814
2620,0.027941176667809486,3.531862735748291
2621,0.045588236302137375,4.269608020782471
2622,0.04215686395764351,5.026960849761963
2623,0.03872549161314964,5.666666507720947
2624,0.045588236302137375,6.335784435272217
2625,0.038235295563936234,6.916666507720947
2626,0.036764707416296005,7.377450942993164
2627,0.030392156913876534,7.845588207244873
2628,0.020098039880394936,8.16911792755127
2629,0.023039216175675392,8.382352828979492
2630,0.02500000037252903,8.561274528503418
2631,0.013235294260084629,8.590685844421387
2632,-0.0034313725773245096,8.571078300476074
2633,0.010294117964804173,8.424019813537598
2634,-0.0004901961074210703,8.139705657958984
2635,-0.007843137718737125,7.799019813537598
2636,-0.02450980432331562,7.370098114013672
2637,-0.022549020126461983,6.867647171020508
2638,-0.027941176667809486,6.245098114013672
2639,-0.028431372717022896,5.578431606292725
2640,-0.037254903465509415,4.813725471496582
2641,-0.0313725508749485,4.06862735748291
2642,-0.04068627581000328,3.154411792755127
2643,-0.053431373089551926,2.281862735748291
2644,-0.053431373089551926,1.3676470518112183
2645,-0.054411765187978745,0.4583333432674408
2646,-0.05147058889269829,-0.46568626165390015
2647,-0.0058823530562222,-1.3651961088180542
2648,-0.09215686470270157,-2.313725471496582
2649,-0.026960784569382668,-3.151960849761963
2650,-0.06078431382775307,-4.046568393707275
2651,-0.04950980469584465,-4.75
2652,-0.03921568766236305,-5.458333492279053
2653,-0.05098039284348488,-6.120098114013672
2654,-0.03529411926865578,-6.656862735748291
2655,-0.04950980469584465,-7.107842922210693
2656,-0.03333333507180214,-7.502450942993164
2657,-0.030882352963089943,-7.735294342041016
2658,-0.035784315317869186,-7.909313678741455
2659,-0.009803921915590763,-7.926470756530762
2660,-0.013235294260084629,-7.860294342041016
2661,-0.008333333767950535,-7.735294342041016
2662,-0.0004901961074210703,-7.468137264251709
2663,0.007843137718737125,-7.134803771972656
2664,0.010294117964804173,-6.654411792755127
2665,0.020098039880394936,-6.13725471496582
2666,0.01568627543747425,-5.497549057006836
2667,0.028921568766236305,-4.813725471496582
2668,0.029901960864663124,-4.053921699523926
2669,0.027450980618596077,-3.188725471496582
2670,0.037254903465509415,-2.3357841968536377
2671,0.044607844203710556,-1.4754902124404907
2672,0.0313725508749485,-0.595588207244873
2673,0.0470588244497776,0.3186274468898773
2674,0.03921568766236305,1.2598038911819458
2675,0.0470588244497776,2.1446077823638916
2676,0.03921568766236305,3.063725471496582
2677,0.04901960864663124,3.8602941036224365
2678,0.04950980469584465,4.632352828979492
2679,0.054901961237192154,5.370098114013672
2680,0.045588236302137375,6.093137264251709
2681,0.03235294297337532,6.669117450714111
2682,0.0573529414832592,7.215686321258545
2683,0.019117647781968117,7.649509906768799
2684,0.03970588371157646,8.017156600952148
2685,0.006862745154649019,8.286765098571777
2686,0.02401960827410221,8.482843399047852
2687,0.007352941203862429,8.55637264251709
2688,0.008823529817163944,8.610294342041016
2689,0.003921568859368563,8.46813678741455
2690,-0.0049019609577953815,8.272058486938477
2691,-0.0029411765281111,8.06862735748291
2692,-0.01568627543747425,7.713235378265381
2693,-0.030882352963089943,7.257352828979492
2694,-0.01617647148668766,6.813725471496582
2695,-0.021568628028035164,6.267157077789307
2696,-0.029411764815449715,5.674019813537598
2697,-0.04019607976078987,4.953431606292725
2698,-0.03382353112101555,4.345588207244873
2699,-0.04313725605607033,3.620098114013672
2700,-0.03872549161314964,2.875
2701,-0.054901961237192154,2.066176414489746
2702,-0.04313725605607033,1.3210784196853638
2703,-0.044607844203710556,0.5465686321258545
2704,-0.04901960864663124,-0.18382352590560913
2705,-0.04754902049899101,-0.9632353186607361
2706,-0.13382352888584137,-1.6348038911819458
2707,-0.054901961237192154,-2.30637264251709
2708,-0.09019608050584793,-3.0
2709,-0.028921568766236305,-3.6102941036224365
2710,-0.04950980469584465,-4.159313678741455
2711,-0.03970588371157646,-4.698529243469238
2712,-0.03382353112101555,-5.142157077789307
2713,-0.028431372717022896,-5.522058963775635
2714,-0.03431372717022896,-5.901960849761963
2715,-0.026960784569382668,-6.200980186462402
2716,-0.019117647781968117,-6.44362735748291
2717,-0.01666666753590107,-6.546568393707275
2718,-0.0117647061124444,-6.644608020782471
2719,-0.0049019609577953815,-6.639705657958984
2720,-0.0009803922148421407,-6.622549057006836
2721,0.0009803922148421407,-6.497549057006836
2722,0.00147058826405555,-6.301470756530762
2723,0.003921568859368563,-6.061274528503418
2724,0.005392157007008791,-5.730391979217529
2725,0.00637254910543561,-5.414215564727783
2726,0.013235294260084629,-4.955882549285889
2727,0.01666666753590107,-4.5
2728,0.01568627543747425,-3.9877450466156006
2729,0.026470588520169258,-3.4142158031463623
2730,0.036274511367082596,-2.808823585510254
2731,0.037254903465509415,-2.1715686321258545
2732,0.0313725508749485,-1.529411792755127
2733,0.04264706000685692,-0.8186274766921997
2734,0.038235295563936234,-0.11519607901573181
2735,0.037745099514722824,0.6446078419685364
2736,0.04215686395764351,1.3627450466156006
2737,0.03970588371157646,2.06862735748291
2738,0.04215686395764351,2.779411792755127
2739,0.03872549161314964,3.4803922176361084
2740,0.037254903465509415,4.149509906768799
2741,0.04215686395764351,4.816176414489746
2742,0.037254903465509415,5.455882549285889
2743,0.036274511367082596,6.022058963775635
2744,0.03333333507180214,6.561274528503418
2745,0.029901960864663124,7.007352828979492
2746,0.035784315317869186,7.43137264251709
2747,0.03970588371157646,7.772058963775635
2748,0.019117647781968117,8.090685844421387
2749,0.020098039880394936,8.269607543945312
2750,0.010294117964804173,8.436274528503418
2751,0.020098039880394936,8.433823585510254
2752,0.00637254910543561,8.436274528503418
2753,-0.0024509804788976908,8.348039627075195
2754,-0.00147058826405555,8.15686321258545
2755,-0.01666666753590107,7.904411792755127
2756,-0.011274510063230991,7.517157077789307
2757,-0.004411764908581972,7.073529243469238
2758,-0.013725490309298038,6.659313678741455
2759,-0.021078431978821754,6.06862735748291
2760,-0.03284313902258873,5.438725471496582
2761,-0.02549019642174244,4.730391979217529
2762,-0.04215686395764351,4.051470756530762
2763,-0.037745099514722824,3.252450942993164
2764,-0.04068627581000328,2.475490093231201
2765,-0.03431372717022896,1.6446079015731812
2766,-0.04950980469584465,0.7892156839370728
2767,-0.04019607976078987,-0.09558823704719543
2768,-0.05245098099112511,-0.9093137383460999
2769,-0.05245098099112511,-1.7549020051956177
2770,-0.053431373089551926,-2.5710785388946533
2771,-0.053431373089551926,-3.3210785388946533
2772,-0.04901960864663124,-4.107842922210693
2773,-0.04411764815449715,-4.801470756530762
2774,-0.044607844203710556,-5.436274528503418
2775,-0.03970588371157646,-6.01225471496582
2776,-0.0416666679084301,-6.558823585510254
2777,-0.02549019642174244,-6.968137264251709
2778,-0.027450980618596077,-7.330882549285889
2779,-0.03235294297337532,-7.573529243469238
2780,-0.020588235929608345,-7.786764621734619
2781,-0.018627451732754707,-7.879901885986328
2782,-0.0029411765281111,-7.879901885986328
2783,0.005392157007008791,-7.781862735748291
2784,0.0019607844296842813,-7.625
2785,0.0019607844296842813,-7.382352828979492
2786,0.01274509821087122,-7.024509906768799
2787,0.022058824077248573,-6.666666507720947
2788,0.015196078456938267,-6.171568393707275
2789,0.014215686358511448,-5.593137264251709
2790,0.020588235929608345,-5.002450942993164
2791,0.029901960864663124,-4.338235378265381
2792,0.036764707416296005,-3.6053922176361084
2793,0.037254903465509415,-2.9166667461395264
2794,0.03970588371157646,-2.0808823108673096
2795,0.045588236302137375,-1.3308823108673096
2796,0.04411764815449715,-0.5
2797,0.04264706000685692,0.3014705777168274
2798,0.03872549161314964,1.0710784196853638
2799,0.04411764815449715,1.8284313678741455
2800,0.04215686395764351,2.625
2801,0.04411764815449715,3.367647171020508
2802,0.036274511367082596,4.058823585510254
2803,0.04264706000685692,4.730391979217529
2804,0.027450980618596077,5.345588207244873
2805,0.036274511367082596,5.879901885986328
2806,0.03529411926865578,6.406862735748291
2807,0.022058824077248573,6.799019813537598
2808,0.053431373089551926,7.240196228027344
2809,0.0034313725773245096,7.522058963775635
2810,0.0313725508749485,7.808823585510254
2811,0.018137255683541298,7.948529243469238
2812,0.014215686358511448,8.090685844421387
2813,0.006862745154649019,8.15686321258545
2814,0.004411764908581972,8.120098114013672
2815,0.003921568859368563,8.053921699523926
2816,-0.01568627543747425,7.904411792755127
2817,-0.008823529817163944,7.698529243469238
2818,-0.006862745154649019,7.448529243469238
2819,-0.06421568989753723,7.13725471496582
2820,-0.03284313902258873,6.781862735748291
2821,-0.03382353112101555,6.375
2822,-0.03333333507180214,5.94362735748291
2823,-0.026960784569382668,5.463235378265381
2824,-0.038235295563936234,4.958333492279053
2825,-0.028431372717022896,4.399509906768799
2826,-0.028921568766236305,3.774509906768799
2827,-0.035784315317869186,3.2034313678741455
2828,-0.0416666679084301,2.595588207244873
2829,-0.04362745210528374,1.9534313678741455
2830,-0.03333333507180214,1.340686321258545
2831,-0.028431372717022896,0.6617646813392639
2832,-0.04362745210528374,0.07107843458652496
2833,-0.037745099514722824,-0.5980392098426819
2834,-0.04019607976078987,-1.218137264251709
2835,-0.044607844203710556,-1.8799020051956177
2836,-0.0416666679084301,-2.4779412746429443
2837,-0.03382353112101555,-3.0220587253570557
2838,-0.04411764815449715,-3.6053922176361084
2839,-0.03921568766236305,-4.154411792755127
2840,-0.04068627581000328,-4.644608020782471
2841,-0.029901960864663124,-5.110294342041016
2842,-0.03970588371157646,-5.509803771972656
2843,-0.02549019642174244,-5.897058963775635
2844,-0.045098040252923965,-6.235294342041016
2845,-0.020588235929608345,-6.531862735748291
2846,-0.03431372717022896,-6.75
2847,-0.027450980618596077,-6.88725471496582
2848,-0.03970588371157646,-7.031862735748291
2849,-0.0117647061124444,-7.075980186462402
2850,-0.028921568766236305,-7.049019813537598
2851,-0.0009803922148421407,-7.007352828979492
2852,-0.006862745154649019,-6.857842922210693
2853,-0.0058823530562222,-6.678921699523926
2854,0.0,-6.406862735748291
2855,-0.004411764908581972,-6.06862735748291
2856,0.0058823530562222,-5.659313678741455
2857,0.008823529817163944,-5.240196228027344
2858,0.030882352963089943,-4.705882549285889
2859,0.019607843831181526,-4.196078300476074
2860,0.027450980618596077,-3.6421568393707275
2861,-0.8367646932601929,-3.004901885986328
2862,-0.54313725233078,-2.343137264251709
2863,0.5627450942993164,-1.5073529481887817
2864,-0.7921568751335144,-0.875
2865,0.4161764681339264,-0.014705882407724857
2866,-0.14264705777168274,0.7279411554336548
2867,0.04754902049899101,1.497549057006836
2868,0.036274511367082596,2.2990195751190186
2869,-0.029901960864663124,3.0490195751190186
2870,0.06617647409439087,3.7720587253570557
2871,0.027450980618596077,4.482842922210693
2872,0.01568627543747425,5.174019813537598
2873,0.030882352963089943,5.825980186462402
2874,0.022058824077248573,6.411764621734619
2875,0.03529411926865578,6.926470756530762
2876,0.02401960827410221,7.482842922210693
2877,0.013235294260084629,7.889705657958984
2878,0.026470588520169258,8.240196228027344
2879,0.020098039880394936,8.541666984558105
2880,0.022549020126461983,8.779411315917969
2881,0.007352941203862429,8.904411315917969
2882,0.0019607844296842813,8.982843399047852
2883,0.0058823530562222,8.973039627075195
2884,0.004411764908581972,8.867647171020508
2885,-0.008333333767950535,8.769607543945312
2886,-0.020588235929608345,8.53186321258545
2887,-0.01666666753590107,8.171568870544434
2888,-0.022058824077248573,7.811274528503418
2889,-0.022058824077248573,7.392157077789307
2890,-0.020098039880394936,6.897058963775635
2891,-0.027941176667809486,6.350490093231201
2892,-0.026470588520169258,5.772058963775635
2893,-0.03382353112101555,5.127450942993164
2894,-0.03921568766236305,4.482842922210693
2895,-0.035784315317869186,3.786764621734619
2896,-0.013725490309298038,3.088235378265381
2897,-0.0779411792755127,2.3308823108673096
2898,-0.014705882407724857,1.6053920984268188
2899,-0.061274509876966476,0.9411764740943909
2900,-0.04313725605607033,0.18137255311012268
2901,-0.052941177040338516,-0.4803921580314636
2902,-0.044607844203710556,-1.2107843160629272
2903,-0.04950980469584465,-1.8333333730697632
2904,-0.03970588371157646,-2.433823585510254
2905,-0.03382353112101555,-3.0784313678741455
2906,-0.03872549161314964,-3.6470587253570557
2907,-0.030882352963089943,-4.200980186462402
2908,-0.03186274692416191,-4.68137264251709
2909,-0.037745099514722824,-5.080882549285889
2910,-0.028431372717022896,-5.531862735748291
2911,-0.027941176667809486,-5.870098114013672
2912,-0.028921568766236305,-6.164215564727783
2913,-0.02500000037252903,-6.377450942993164
2914,-0.0117647061124444,-6.580882549285889
2915,-0.026470588520169258,-6.720588207244873
2916,-0.01715686358511448,-6.76225471496582
2917,-0.013725490309298038,-6.830882549285889
2918,-0.01764705963432789,-6.845588207244873
2919,-0.007843137718737125,-6.772058963775635
2920,-0.0049019609577953815,-6.649509906768799
2921,0.0009803922148421407,-6.541666507720947
2922,0.0034313725773245096,-6.325980186462402
2923,0.009313725866377354,-6.053921699523926
2924,0.0058823530562222,-5.852941036224365
2925,0.014215686358511448,-5.509803771972656
2926,0.01666666753590107,-5.120098114013672
2927,0.018137255683541298,-4.791666507720947
2928,0.019117647781968117,-4.333333492279053
2929,0.019117647781968117,-3.9215686321258545
2930,0.021568628028035164,-3.44362735748291
2931,0.023039216175675392,-2.9191176891326904
2932,0.02500000037252903,-2.3946077823638916
2933,0.022058824077248573,-1.8602941036224365
2934,0.0235294122248888,-1.3259804248809814
2935,-0.0019607844296842813,-0.7279411554336548
2936,-0.23823529481887817,-0.13725490868091583
2937,0.5421568751335144,0.5147058963775635
2938,-0.3166666626930237,1.127450942993164
2939,0.2906862795352936,1.686274528503418
2940,-0.019117647781968117,2.3627450466156006
2941,-0.007352941203862429,2.941176414489746
2942,0.053431373089551926,3.558823585510254
2943,0.06911765038967133,4.115196228027344
2944,0.0034313725773245096,4.715686321258545
2945,0.06078431382775307,5.272058963775635
2946,-0.007352941203862429,5.786764621734619
2947,0.03921568766236305,6.284313678741455
2948,0.03921568766236305,6.727941036224365
2949,0.014215686358511448,7.164215564727783
2950,0.02500000037252903,7.598039150238037
2951,0.01666666753590107,7.857842922210693
2952,0.02549019642174244,8.19362735748291
2953,0.021078431978821754,8.411765098571777
2954,0.014215686358511448,8.563725471496582
2955,0.003921568859368563,8.647058486938477
2956,0.0049019609577953815,8.720588684082031
2957,0.0058823530562222,8.661765098571777
2958,0.003921568859368563,8.634803771972656
2959,0.0009803922148421407,8.509803771972656
2960,-0.0009803922148421407,8.29411792755127
2961,-0.0117647061124444,8.022058486938477
2962,-0.010294117964804173,7.651960849761963
2963,-0.01568627543747425,7.274509906768799
2964,-0.021568628028035164,6.877450942993164
2965,-0.03382353112101555,6.355391979217529
2966,-0.029901960864663124,5.811274528503418
2967,-0.03333333507180214,5.223039150238037
2968,-0.04264706000685692,4.634803771972656
2969,-0.0470588244497776,4.017157077789307
2970,-0.04215686395764351,3.257352828979492
2971,-0.037745099514722824,2.55637264251709
2972,-0.037254903465509415,1.8553920984268188
2973,-0.044607844203710556,1.1348038911819458
2974,-0.0416666679084301,0.3970588147640228
2975,-0.03921568766236305,-0.3480392098426819
2976,-0.036274511367082596,-1.0441176891326904
2977,-0.044607844203710556,-1.747549057006836
2978,-0.04313725605607033,-2.465686321258545
2979,-0.053921569138765335,-3.0759804248809814
2980,-0.053431373089551926,-3.691176414489746
2981,-0.04362745210528374,-4.252450942993164
2982,-0.03529411926865578,-4.833333492279053
2983,-0.03431372717022896,-5.281862735748291
2984,-0.04117647185921669,-5.715686321258545
2985,-0.037745099514722824,-6.122549057006836
2986,-0.03284313902258873,-6.5
2987,-0.029901960864663124,-6.742647171020508
2988,-0.0313725508749485,-7.01225471496582
2989,-0.020098039880394936,-7.142157077789307
2990,-0.01715686358511448,-7.230391979217529
2991,-0.028431372717022896,-7.31862735748291
2992,-0.014705882407724857,-7.299019813537598
2993,-0.006862745154649019,-7.242647171020508
2994,-0.011274510063230991,-7.142157077789307
2995,0.1509803980588913,-6.985294342041016
2996,0.3818627595901489,-6.813725471496582
2997,-0.8264706134796143,-6.678921699523926
2998,0.8470588326454163,-6.274509906768799
2999,-1.0009803771972656,-6.088235378265381
3000,0.49705880880355835,-5.615196228027344
3001,-0.30392158031463623,-5.321078300476074
3002,0.15784314274787903,-4.845588207244873
3003,-0.0029411765281111,-4.458333492279053
3004,-0.05147058889269829,-4.004901885986328
3005,0.07549019902944565,-3.563725471496582
3006,0.0034313725773245096,-3.0465686321258545
3007,-0.005392157007008791,-2.5710785388946533
3008,0.05539215728640556,-2.007352828979492
3009,-0.00147058826405555,-1.5098038911819458
3010,0.03529411926865578,-0.9632353186607361
3011,0.018137255683541298,-0.4362744987010956
3012,0.01274509821087122,0.10049019753932953
3013,0.030392156913876534,0.6078431606292725
3014,0.0004901961074210703,1.1397058963775635
3015,0.05098039284348488,1.718137264251709
3016,0.007352941203862429,2.2107841968536377
3017,0.029901960864663124,2.7720587253570557
3018,0.038235295563936234,3.286764621734619
3019,0.026470588520169258,3.781862735748291
3020,0.027941176667809486,4.286764621734619
3021,0.0235294122248888,4.764705657958984
3022,0.0313725508749485,5.235294342041016
3023,0.03480392321944237,5.625
3024,0.02500000037252903,6.046568393707275
3025,0.029901960864663124,6.470588207244873
3026,0.021078431978821754,6.838235378265381
3027,0.022549020126461983,7.220588207244873
3028,0.013725490309298038,7.507352828979492
3029,0.01568627543747425,7.776960849761963
3030,0.01617647148668766,7.997549057006836
3031,0.019117647781968117,8.19362735748291
3032,0.018137255683541298,8.289216041564941
3033,0.010784314014017582,8.409314155578613
3034,0.009313725866377354,8.5
3035,0.0004901961074210703,8.460783958435059
3036,0.0058823530562222,8.446078300476074
3037,-0.004411764908581972,8.31862735748291
3038,0.0019607844296842813,8.171568870544434
3039,-0.009313725866377354,8.01225471496582
3040,-0.02450980432331562,7.700980186462402
3041,-0.021568628028035164,7.44362735748291
3042,-0.028431372717022896,7.046568393707275
3043,-0.01715686358511448,6.683823585510254
3044,0.0029411765281111,6.196078300476074
3045,0.01715686358511448,5.723039150238037
3046,-0.028921568766236305,5.19362735748291
3047,-0.014705882407724857,4.61274528503418
3048,-0.029901960864663124,3.975490093231201
3049,-0.03872549161314964,3.379901885986328
3050,-0.03480392321944237,2.7034313678741455
3051,-0.036764707416296005,2.093137264251709
3052,-0.04068627581000328,1.4191176891326904
3053,-0.026960784569382668,0.7328431606292725
3054,-0.03970588371157646,0.029411764815449715
3055,-0.03970588371157646,-0.6495097875595093
3056,-0.03480392321944237,-1.2941176891326904
3057,-0.04264706000685692,-2.0
3058,-0.03284313902258873,-2.598039150238037
3059,-0.04264706000685692,-3.254901885986328
3060,-0.046568628400564194,-3.786764621734619
3061,-0.037254903465509415,-4.370098114013672
3062,-0.04313725605607033,-4.81862735748291
3063,-0.03872549161314964,-5.296568393707275
3064,-0.03872549161314964,-5.674019813537598
3065,-0.029901960864663124,-6.083333492279053
3066,0.13725490868091583,-6.397058963775635
3067,0.4279411733150482,-6.625
3068,-0.499019593000412,-6.870098114013672
3069,0.5651960968971252,-7.041666507720947
3070,-0.27892157435417175,-7.225490093231201
3071,0.22107842564582825,-7.294117450714111
3072,-0.019607843831181526,-7.30637264251709
3073,-0.029901960864663124,-7.321078300476074
3074,0.07450980693101883,-7.225490093231201
3075,-0.028921568766236305,-7.154411792755127
3076,0.0058823530562222,-7.017157077789307
3077,0.030882352963089943,-6.811274528503418
3078,-0.021078431978821754,-6.617647171020508
3079,0.027941176667809486,-6.313725471496582
3080,0.0058823530562222,-6.083333492279053
3081,0.008823529817163944,-5.794117450714111
3082,0.006862745154649019,-5.424019813537598
3083,0.008333333767950535,-5.125
3084,0.014705882407724857,-4.745098114013672
3085,0.020098039880394936,-4.350490093231201
3086,0.019607843831181526,-3.9215686321258545
3087,0.019117647781968117,-3.529411792755127
3088,0.021568628028035164,-3.120098114013672
3089,0.022549020126461983,-2.686274528503418
3090,0.019117647781968117,-2.18137264251709
3091,0.028921568766236305,-1.7083333730697632
3092,0.02500000037252903,-1.313725471496582
3093,0.020098039880394936,-0.7696078419685364
3094,0.01225490216165781,-0.3137255012989044
3095,0.018627451732754707,0.18137255311012268
3096,0.030392156913876534,0.6446078419685364
3097,0.02401960827410221,1.1397058963775635
3098,0.02500000037252903,1.6617647409439087
3099,0.030392156913876534,2.156862735748291
3100,0.026470588520169258,2.6470587253570557
3101,0.023039216175675392,3.1372549533843994
3102,0.020588235929608345,3.625
3103,0.027941176667809486,4.088235378265381
3104,0.027941176667809486,4.539215564727783
3105,0.027450980618596077,5.061274528503418
3106,0.021568628028035164,5.48774528503418
3107,0.02598039247095585,5.88725471496582
3108,0.026960784569382668,6.281862735748291
3109,0.018627451732754707,6.732842922210693
3110,0.03284313902258873,7.071078300476074
3111,0.022058824077248573,7.406862735748291
3112,0.018627451732754707,7.708333492279053
3113,0.01617647148668766,7.982842922210693
3114,0.0117647061124444,8.269607543945312
3115,0.01764705963432789,8.43137264251709
3116,0.01617647148668766,8.573529243469238
3117,0.01666666753590107,8.632352828979492
3118,0.0019607844296842813,8.730392456054688
3119,0.008333333767950535,8.776960372924805
3120,0.0029411765281111,8.708333015441895
3121,-0.0058823530562222,8.644607543945312
3122,-0.010294117964804173,8.507352828979492
3123,-0.010294117964804173,8.316176414489746
3124,-0.01225490216165781,8.095588684082031
3125,-0.011274510063230991,7.833333492279053
3126,-0.01568627543747425,7.5
3127,-0.01617647148668766,7.122549057006836
3128,-0.021568628028035164,6.715686321258545
3129,-0.027941176667809486,6.210784435272217
3130,-0.01764705963432789,5.794117450714111
3131,-0.035784315317869186,5.220588207244873
3132,-0.015196078456938267,4.698529243469238
3133,-0.04019607976078987,4.122549057006836
3134,-0.028921568766236305,3.524509906768799
3135,-0.04215686395764351,2.970588207244873
3136,-0.03480392321944237,2.30637264251709
3137,-0.027450980618596077,1.6519607305526733
3138,-0.013725490309298038,1.1127450466156006
3139,-0.014215686358511448,0.5122548937797546
3140,-0.019117647781968117,-0.13725490868091583
3141,-0.02549019642174244,-0.6838235259056091
3142,-0.03480392321944237,-1.2303920984268188
3143,-0.030882352963089943,-1.7769607305526733
3144,-0.030882352963089943,-2.3602941036224365
3145,-0.035784315317869186,-2.840686321258545
3146,-0.036274511367082596,-3.316176414489746
3147,-0.03529411926865578,-3.808823585510254
3148,-0.02401960827410221,-4.19362735748291
3149,-0.028431372717022896,-4.61274528503418
3150,-0.03480392321944237,-4.933823585510254
3151,-0.027941176667809486,-5.235294342041016
3152,-0.027941176667809486,-5.531862735748291
3153,-0.010294117964804173,-5.80637264251709
3154,-0.021078431978821754,-6.029411792755127
3155,-0.026960784569382668,-6.210784435272217
3156,-0.014705882407724857,-6.411764621734619
3157,-0.015196078456938267,-6.490196228027344
3158,-0.020588235929608345,-6.600490093231201
3159,-0.01568627543747425,-6.686274528503418
3160,-0.015196078456938267,-6.76225471496582
3161,-0.007843137718737125,-6.799019813537598
3162,-0.021568628028035164,-6.767157077789307
3163,0.0004901961074210703,-6.725490093231201
3164,-0.009313725866377354,-6.686274528503418
3165,-0.00637254910543561,-6.629901885986328
3166,0.0009803922148421407,-6.585784435272217
3167,-0.0049019609577953815,-6.477941036224365
3168,-0.0019607844296842813,-6.308823585510254
3169,0.0004901961074210703,-6.174019813537598
3170,-0.0034313725773245096,-6.044117450714111
3171,-0.00147058826405555,-5.791666507720947
3172,0.0,-5.605391979217529
3173,0.009313725866377354,-5.36274528503418
3174,0.014705882407724857,-5.102941036224365
3175,0.01225490216165781,-4.75
3176,0.01666666753590107,-4.473039150238037
3177,0.0058823530562222,-4.147058963775635
3178,0.020588235929608345,-3.8210785388946533
3179,0.0009803922148421407,-3.433823585510254
3180,0.026960784569382668,-2.9803922176361084
3181,0.008333333767950535,-2.558823585510254
3182,0.011274510063230991,-2.0514705181121826
3183,0.02500000037252903,-1.622549057006836
3184,0.01715686358511448,-1.1078431606292725
3185,0.018627451732754707,-0.5833333134651184
3186,0.011274510063230991,-0.06862745434045792
3187,0.02598039247095585,0.4730392098426819
3188,0.0313725508749485,1.0147058963775635
3189,0.013725490309298038,1.6151961088180542
3190,0.027941176667809486,2.1960785388946533
3191,0.029411764815449715,2.6691176891326904
3192,0.03333333507180214,3.31862735748291
3193,0.030882352963089943,3.81862735748291
3194,0.03186274692416191,4.377450942993164
3195,0.03333333507180214,4.904411792755127
3196,0.028921568766236305,5.375
3197,0.02549019642174244,5.909313678741455
3198,0.02450980432331562,6.328431606292725
3199,0.0470588244497776,6.754901885986328
3200,0.01274509821087122,7.164215564727783
3201,0.07745098322629929,7.539215564727783
3202,0.04264706000685692,7.867647171020508
3203,0.03970588371157646,8.13725471496582
3204,0.018137255683541298,8.365196228027344
3205,0.027941176667809486,8.517156600952148
3206,0.021568628028035164,8.661765098571777
3207,0.02598039247095585,8.742647171020508
3208,0.019117647781968117,8.85049057006836
3209,0.0058823530562222,8.821078300476074
3210,0.020098039880394936,8.784314155578613
3211,0.00147058826405555,8.735294342041016
3212,0.004411764908581972,8.629901885986328
3213,0.00637254910543561,8.436274528503418
3214,-0.0058823530562222,8.284314155578613
3215,-0.0058823530562222,8.036765098571777
3216,-0.007843137718737125,7.81862735748291
3217,-0.014215686358511448,7.544117450714111
3218,-0.019117647781968117,7.232842922210693
3219,-0.010784314014017582,6.936274528503418
3220,-0.01568627543747425,6.563725471496582
3221,-0.02500000037252903,6.232842922210693
3222,-0.01225490216165781,5.867647171020508
3223,-0.013725490309298038,5.470588207244873
3224,-0.01274509821087122,5.090686321258545
3225,-0.02401960827410221,4.691176414489746
3226,-0.01715686358511448,4.31862735748291
3227,-0.020588235929608345,3.9191176891326904
3228,-0.01568627543747425,3.534313678741455
3229,-0.019117647781968117,3.132352828979492
3230,-0.020098039880394936,2.752450942993164
3231,-0.022549020126461983,2.340686321258545
3232,-0.02598039247095585,1.9313725233078003
3233,-0.03431372717022896,1.5392156839370728
3234,-0.022549020126461983,1.125
3235,-0.02401960827410221,0.7156862616539001
3236,-0.020098039880394936,0.31617647409439087
3237,-0.02598039247095585,-0.05882352963089943
3238,-0.02450980432331562,-0.4362744987010956
3239,-0.03284313902258873,-0.8382353186607361
3240,-0.028921568766236305,-1.2401961088180542
3241,-0.022549020126461983,-1.6642156839370728
3242,-0.02500000037252903,-2.0392158031463623
3243,-0.02549019642174244,-2.4607841968536377
3244,-0.02500000037252903,-2.867647171020508
3245,-0.022058824077248573,-3.25
3246,-0.020588235929608345,-3.6691176891326904
3247,-0.021078431978821754,-4.053921699523926
3248,-0.01764705963432789,-4.416666507720947
3249,-0.03382353112101555,-4.791666507720947
3250,-0.0235294122248888,-5.198529243469238
3251,-0.02401960827410221,-5.504901885986328
3252,-0.01715686358511448,-5.870098114013672
3253,-0.0235294122248888,-6.18137264251709
3254,-0.018627451732754707,-6.477941036224365
3255,-0.02500000037252903,-6.752450942993164
3256,-0.015196078456938267,-7.01225471496582
3257,-0.019117647781968117,-7.242647171020508
3258,-0.018137255683541298,-7.411764621734619
3259,-0.01666666753590107,-7.625
3260,-0.020588235929608345,-7.73774528503418
3261,-0.010784314014017582,-7.816176414489746
3262,-0.013235294260084629,-7.848039150238037
3263,-0.009803921915590763,-7.852941036224365
3264,-0.008823529817163944,-7.791666507720947
3265,-0.0019607844296842813,-7.718137264251709
3266,0.01225490216165781,-7.578431606292725
3267,0.0058823530562222,-7.455882549285889
3268,0.00147058826405555,-7.223039150238037
3269,0.008333333767950535,-6.98774528503418
3270,0.007352941203862429,-6.671568393707275
3271,0.009803921915590763,-6.397058963775635
3272,0.02450980432331562,-6.06862735748291
3273,0.020098039880394936,-5.671568393707275
3274,0.01617647148668766,-5.269608020782471
3275,0.018627451732754707,-4.877450942993164
3276,0.02598039247095585,-4.438725471496582
3277,0.028921568766236305,-3.992647171020508
3278,0.02500000037252903,-3.497549057006836
3279,0.022549020126461983,-3.0539214611053467
3280,0.028921568766236305,-2.529411792755127
3281,0.02450980432331562,-2.0857841968536377
3282,0.027450980618596077,-1.5784313678741455
3283,0.02450980432331562,-1.127450942993164
3284,0.023039216175675392,-0.6764705777168274
3285,0.01666666753590107,-0.2132352888584137
3286,0.03431372717022896,0.25735294818878174
3287,0.03382353112101555,0.7034313678741455
3288,0.01764705963432789,1.1127450466156006
3289,0.036274511367082596,1.4901961088180542
3290,0.0029411765281111,1.9117647409439087
3291,0.0416666679084301,2.3578431606292725
3292,0.01666666753590107,2.6764705181121826
3293,0.021078431978821754,3.0196077823638916
3294,0.022549020126461983,3.377450942993164
3295,0.029411764815449715,3.68137264251709
3296,-0.00147058826405555,4.014705657958984
3297,0.01715686358511448,4.313725471496582
3298,0.03235294297337532,4.607842922210693
3299,0.00147058826405555,4.877450942993164
3300,0.022058824077248573,5.191176414489746
3301,0.0034313725773245096,5.441176414489746
3302,0.053431373089551926,5.674019813537598
3303,0.011274510063230991,5.924019813537598
3304,0.01666666753590107,6.225490093231201
3305,-0.007352941203862429,6.470588207244873
3306,0.020588235929608345,6.698529243469238
3307,0.008823529817163944,6.899509906768799
3308,0.013235294260084629,7.075980186462402
3309,0.0029411765281111,7.375
3310,0.01225490216165781,7.553921699523926
3311,0.008823529817163944,7.747549057006836
3312,0.011274510063230991,7.889705657958984
3313,0.00637254910543561,8.046568870544434
3314,0.011274510063230991,8.210783958435059
3315,0.0024509804788976908,8.333333015441895
3316,0.0009803922148421407,8.43137264251709
3317,-0.0058823530562222,8.534314155578613
3318,0.0004901961074210703,8.522058486938477
3319,-0.006862745154649019,8.558823585510254
3320,-0.0029411765281111,8.566176414489746
3321,0.0019607844296842813,8.509803771972656
3322,-0.0058823530562222,8.414216041564941
3323,-0.05098039284348488,8.352941513061523
3324,0.0019607844296842813,8.166666984558105
3325,-0.013725490309298038,8.03186321258545
3326,-0.019607843831181526,7.799019813537598
3327,-0.010294117964804173,7.531862735748291
3328,-0.026470588520169258,7.276960849761963
3329,-0.014705882407724857,6.936274528503418
3330,-0.022549020126461983,6.607842922210693
3331,-0.02450980432331562,6.220588207244873
3332,-0.0235294122248888,5.811274528503418
3333,-0.028431372717022896,5.36274528503418
3334,-0.026470588520169258,4.919117450714111
3335,-0.027941176667809486,4.5
3336,-0.03284313902258873,4.046568393707275
3337,-0.028921568766236305,3.529411792755127
3338,-0.02598039247095585,3.024509906768799
3339,-0.029411764815449715,2.5441176891326904
3340,-0.030392156913876534,2.0784313678741455
3341,-0.029411764815449715,1.5735293626785278
3342,-0.03186274692416191,1.1176470518112183
3343,-0.04313725605607033,0.6323529481887817
3344,-0.046568628400564194,0.15931372344493866
3345,-0.01764705963432789,-0.24754901230335236
3346,-0.030882352963089943,-0.7083333134651184
3347,-0.027941176667809486,-1.0759804248809814
3348,-0.03186274692416191,-1.497549057006836
3349,-0.014215686358511448,-1.8504902124404907
3350,-0.04852941259741783,-2.2279412746429443
3351,-0.01715686358511448,-2.5490195751190186
3352,-0.028921568766236305,-2.867647171020508
3353,-0.026960784569382668,-3.1348040103912354
3354,0.2294117659330368,-3.382352828979492
3355,-1.6803921461105347,-3.870098114013672
3356,-0.11862745136022568,-4.053921699523926
3357,-0.3632352948188782,-4.178921699523926
3358,-0.6088235378265381,-4.477941036224365
3359,-0.04068627581000328,-4.595588207244873
3360,-0.16078431904315948,-4.823529243469238
3361,-0.15833333134651184,-5.019608020782471
3362,-0.028431372717022896,-5.220588207244873
3363,-0.12843137979507446,-5.416666507720947
3364,0.007843137718737125,-5.546568393707275
3365,-0.07058823853731155,-5.769608020782471
3366,-0.02450980432331562,-5.919117450714111
3367,-0.036764707416296005,-6.107842922210693
3368,-0.028921568766236305,-6.267157077789307
3369,-0.02401960827410221,-6.448529243469238
3370,-0.026960784569382668,-6.541666507720947
3371,-0.035784315317869186,-6.730391979217529
3372,-0.019607843831181526,-6.857842922210693
3373,-0.02549019642174244,-6.977941036224365
3374,-0.01666666753590107,-7.134803771972656
3375,-0.008333333767950535,-7.164215564727783
3376,-0.01274509821087122,-7.284313678741455
3377,-0.014705882407724857,-7.340686321258545
3378,-0.00637254910543561,-7.421568393707275
3379,-0.013235294260084629,-7.44362735748291
3380,-0.013725490309298038,-7.416666507720947
3381,-0.008333333767950535,-7.397058963775635
3382,-0.007352941203862429,-7.301470756530762
3383,0.003921568859368563,-7.208333492279053
3384,0.0004901961074210703,-7.073529243469238
3385,-0.014215686358511448,-6.941176414489746
3386,-0.010294117964804173,-6.781862735748291
3387,0.0058823530562222,-6.529411792755127
3388,-0.0049019609577953815,-6.30637264251709
3389,0.006862745154649019,-5.98774528503418
3390,0.00637254910543561,-5.688725471496582
3391,0.007843137718737125,-5.372549057006836
3392,0.01274509821087122,-4.990196228027344
3393,0.022549020126461983,-4.571078300476074
3394,0.01225490216165781,-4.215686321258545
3395,0.01568627543747425,-3.7696077823638916
3396,0.010294117964804173,-3.3259804248809814
3397,0.029901960864663124,-2.872549057006836
3398,0.023039216175675392,-2.4191176891326904
3399,0.01568627543747425,-1.9828431606292725
3400,0.038235295563936234,-1.5367647409439087
3401,0.01715686358511448,-1.0686274766921997
3402,0.011274510063230991,-0.6151960492134094
3403,0.021568628028035164,-0.21078431606292725
3404,0.02598039247095585,0.23284313082695007
3405,0.01715686358511448,0.6446078419685364
3406,0.028921568766236305,1.0392156839370728
3407,0.014215686358511448,1.4117647409439087
3408,0.019607843831181526,1.7941176891326904
3409,0.013235294260084629,2.149509906768799
3410,0.01568627543747425,2.4828431606292725
3411,0.014215686358511448,2.811274528503418
3412,0.009803921915590763,3.06862735748291
3413,0.00637254910543561,3.3921568393707275
3414,0.013235294260084629,3.632352828979492
3415,0.011274510063230991,3.8602941036224365
3416,0.011274510063230991,4.161764621734619
3417,0.013235294260084629,4.340686321258545
3418,0.005392157007008791,4.61274528503418
3419,0.01274509821087122,4.786764621734619
3420,0.006862745154649019,4.980391979217529
3421,0.0009803922148421407,5.18137264251709
3422,0.17794117331504822,5.38725471496582
3423,-0.4431372582912445,5.573529243469238
3424,-0.01617647148668766,5.774509906768799
3425,0.08039215952157974,6.017157077789307
3426,-0.14656862616539001,6.171568393707275
3427,0.08137255162000656,6.426470756530762
3428,-0.03431372717022896,6.583333492279053
3429,-0.03186274692416191,6.821078300476074
3430,0.07058823853731155,7.071078300476074
3431,-0.045588236302137375,7.252450942993164
3432,0.027941176667809486,7.44362735748291
3433,0.004411764908581972,7.666666507720947
3434,0.018137255683541298,7.823529243469238
3435,0.003921568859368563,8.017156600952148
3436,-0.0058823530562222,8.183823585510254
3437,0.0,8.355392456054688
3438,0.01568627543747425,8.48774528503418
3439,0.009313725866377354,8.571078300476074
3440,0.009313725866377354,8.720588684082031
3441,0.003921568859368563,8.81862735748291
3442,0.0004901961074210703,8.852941513061523
3443,0.0029411765281111,8.892156600952148
3444,-0.0049019609577953815,8.857843399047852
3445,-0.018137255683541298,8.828431129455566
3446,0.013235294260084629,8.779411315917969
3447,-0.022058824077248573,8.664216041564941
3448,0.0,8.553921699523926
3449,-0.010294117964804173,8.384803771972656
3450,0.0004901961074210703,8.139705657958984
3451,-0.0117647061124444,7.948529243469238
3452,-0.007352941203862429,7.720588207244873
3453,-0.01225490216165781,7.460784435272217
3454,-0.019607843831181526,7.161764621734619
3455,-0.007843137718737125,6.850490093231201
3456,-0.018627451732754707,6.566176414489746
3457,-0.01568627543747425,6.159313678741455
3458,-0.026470588520169258,5.823529243469238
3459,-0.027450980618596077,5.446078300476074
3460,-0.020098039880394936,5.041666507720947
3461,-0.029901960864663124,4.710784435272217
3462,-0.029411764815449715,4.31862735748291
3463,-0.02598039247095585,3.9191176891326904
3464,-0.03431372717022896,3.566176414489746
3465,-0.03186274692416191,3.242647171020508
3466,-0.01764705963432789,2.845588207244873
3467,-0.02598039247095585,2.4779412746429443
3468,-0.02401960827410221,2.2279412746429443
3469,-0.026470588520169258,1.8823529481887817
3470,-0.022058824077248573,1.6323529481887817
3471,-0.02401960827410221,1.2941176891326904
3472,-0.013235294260084629,1.0465686321258545
3473,-0.018137255683541298,0.8063725233078003
3474,-0.02401960827410221,0.5416666865348816
3475,-0.01274509821087122,0.3112744987010956
3476,-0.021568628028035164,0.04411764815449715
3477,-0.019117647781968117,-0.1666666716337204
3478,-0.0235294122248888,-0.44607841968536377
3479,-0.019607843831181526,-0.5808823704719543
3480,-0.013235294260084629,-0.8627451062202454
3481,-0.023039216175675392,-1.034313678741455
3482,-0.020588235929608345,-1.2965686321258545
3483,-0.037254903465509415,-1.5539215803146362
3484,-0.005392157007008791,-1.7892156839370728
3485,-0.04019607976078987,-2.066176414489746
3486,-0.01225490216165781,-2.3308823108673096
3487,-0.036274511367082596,-2.6127450466156006
3488,-0.007352941203862429,-2.8651959896087646
3489,0.8602941036224365,-3.0490195751190186
3490,0.3867647051811218,-3.3651959896087646
3491,0.12647059559822083,-3.811274528503418
3492,0.6200980544090271,-3.997549057006836
3493,-0.34068626165390015,-4.428921699523926
3494,0.3857843279838562,-4.703431606292725
3495,-0.15833333134651184,-5.026960849761963
3496,0.10882353037595749,-5.357842922210693
3497,0.026960784569382668,-5.718137264251709
3498,-0.052941177040338516,-5.980391979217529
3499,0.05931372568011284,-6.230391979217529
3500,-0.03235294297337532,-6.534313678741455
3501,0.0049019609577953815,-6.828431606292725
3502,0.004411764908581972,-7.044117450714111
3503,-0.03284313902258873,-7.26225471496582
3504,-0.01274509821087122,-7.441176414489746
3505,-0.028431372717022896,-7.61274528503418
3506,0.021568628028035164,-7.742647171020508
3507,-0.03970588371157646,-7.884803771972656
3508,0.013725490309298038,-7.941176414489746
3509,-0.028431372717022896,-8.002450942993164
3510,-0.00147058826405555,-7.98774528503418
3511,-0.014705882407724857,-7.982842922210693
3512,-0.01225490216165781,-7.919117450714111
3513,-0.010294117964804173,-7.88725471496582
3514,-0.00147058826405555,-7.791666507720947
3515,-0.011274510063230991,-7.654411792755127
3516,-0.00147058826405555,-7.51225471496582
3517,-0.01274509821087122,-7.365196228027344
3518,-0.0034313725773245096,-7.188725471496582
3519,0.0,-6.980391979217529
3520,0.00147058826405555,-6.830882549285889
3521,-0.00637254910543561,-6.583333492279053
3522,-0.0058823530562222,-6.379901885986328
3523,0.0,-6.196078300476074
3524,0.006862745154649019,-5.98774528503418
3525,0.0009803922148421407,-5.767157077789307
3526,0.007352941203862429,-5.649509906768799
3527,-0.0004901961074210703,-5.421568393707275
3528,0.014705882407724857,-5.23774528503418
3529,0.009313725866377354,-5.06862735748291
3530,0.0004901961074210703,-4.906862735748291
3531,0.0009803922148421407,-4.735294342041016
3532,0.005392157007008791,-4.625
3533,0.007843137718737125,-4.453431606292725
3534,0.0024509804788976908,-4.321078300476074
3535,0.003921568859368563,-4.235294342041016
3536,0.007843137718737125,-4.105391979217529
3537,0.0019607844296842813,-4.017157077789307
3538,-0.0024509804788976908,-3.8602941036224365
3539,0.0029411765281111,-3.754901885986328
3540,0.0049019609577953815,-3.598039150238037
3541,0.00147058826405555,-3.4534313678741455
3542,0.00147058826405555,-3.2916667461395264
3543,0.0004901961074210703,-3.1372549533843994
3544,0.0,-2.8921568393707275
3545,0.0,-2.7279412746429443
3546,0.013235294260084629,-2.436274528503418
3547,0.0058823530562222,-2.2107841968536377
3548,0.007352941203862429,-1.9534313678741455
3549,0.0058823530562222,-1.6519607305526733
3550,0.008333333767950535,-1.3259804248809814
3551,0.02549019642174244,-1.0171568393707275
3552,0.00637254910543561,-0.6764705777168274
3553,0.008823529817163944,-0.3186274468898773
3554,0.030882352963089943,0.019607843831181526
3555,0.019117647781968117,0.49264705181121826
3556,0.01617647148668766,0.8676470518112183
3557,0.038235295563936234,1.2965686321258545
3558,-0.0681372582912445,1.7058823108673096
3559,-0.39313724637031555,2.031862735748291
3560,0.19656862318515778,2.5147058963775635
3561,-0.23529411852359772,2.9240195751190186
3562,-0.021078431978821754,3.274509906768799
3563,0.05882352963089943,3.688725471496582
3564,-0.11225490272045135,3.9901959896087646
3565,0.08676470816135406,4.311274528503418
3566,0.038235295563936234,4.629901885986328
3567,0.061274509876966476,4.933823585510254
3568,0.06568627804517746,5.225490093231201
3569,-0.02549019642174244,5.455882549285889
3570,0.061764705926179886,5.671568393707275
3571,0.009313725866377354,5.852941036224365
3572,0.018627451732754707,6.022058963775635
3573,0.02401960827410221,6.154411792755127
3574,0.00637254910543561,6.257352828979492
3575,0.010294117964804173,6.382352828979492
3576,0.008823529817163944,6.477941036224365
3577,0.0004901961074210703,6.536764621734619
3578,0.007843137718737125,6.561274528503418
3579,0.01225490216165781,6.625
3580,0.015196078456938267,6.642157077789307
3581,0.0004901961074210703,6.68137264251709
3582,-0.0004901961074210703,6.774509906768799
3583,0.01225490216165781,6.808823585510254
3584,0.005392157007008791,6.772058963775635
3585,0.0058823530562222,6.892157077789307
3586,0.0019607844296842813,6.914215564727783
3587,-0.0024509804788976908,6.98774528503418
3588,-0.0034313725773245096,7.066176414489746
3589,0.014705882407724857,7.13725471496582
3590,0.0024509804788976908,7.245098114013672
3591,0.005392157007008791,7.299019813537598
3592,0.020098039880394936,7.463235378265381
3593,-0.005392157007008791,7.598039150238037
3594,0.05784313753247261,7.713235378265381
3595,-0.008333333767950535,7.875
3596,0.01666666753590107,7.98774528503418
3597,0.02598039247095585,8.105392456054688
3598,0.00637254910543561,8.257352828979492
3599,0.010294117964804173,8.352941513061523
3600,0.011274510063230991,8.514705657958984
3601,0.014705882407724857,8.61274528503418
3602,0.013725490309298038,8.72549057006836
3603,0.009313725866377354,8.835783958435059
3604,0.010784314014017582,8.857843399047852
3605,-0.0009803922148421407,8.911765098571777
3606,0.007352941203862429,8.914216041564941
3607,0.0029411765281111,8.90686321258545
3608,0.0024509804788976908,8.83088207244873
3609,0.00637254910543561,8.779411315917969
3610,0.0034313725773245096,8.688725471496582
3611,-0.0034313725773245096,8.529411315917969
3612,0.005392157007008791,8.36274528503418
3613,0.01568627543747425,8.208333015441895
3614,-0.003921568859368563,8.004901885986328
3615,-0.010294117964804173,7.799019813537598
3616,-0.0009803922148421407,7.522058963775635
3617,-0.020098039880394936,7.26225471496582
3618,-0.0117647061124444,6.992647171020508
3619,-0.021568628028035164,6.752450942993164
3620,-0.018137255683541298,6.458333492279053
3621,-0.023039216175675392,6.139705657958984
3622,-0.01568627543747425,5.791666507720947
3623,-0.03284313902258873,5.526960849761963
3624,-0.015196078456938267,5.223039150238037
3625,-0.027450980618596077,4.94362735748291
3626,-0.019117647781968117,4.700980186462402
3627,-0.02549019642174244,4.473039150238037
3628,-0.0034313725773245096,4.23774528503418
3629,-0.04362745210528374,3.965686321258545
3630,-0.021078431978821754,3.786764621734619
3631,-0.022058824077248573,3.566176414489746
3632,-0.014215686358511448,3.5098040103912354
3633,-0.0024509804788976908,3.3039214611053467
3634,-0.014215686358511448,3.1421568393707275
3635,-0.009313725866377354,3.05637264251709
3636,-0.019117647781968117,2.9607841968536377
3637,-0.009803921915590763,2.8627450466156006
3638,-0.0117647061124444,2.7058823108673096
3639,-0.008823529817163944,2.6789214611053467
3640,-0.011274510063230991,2.617647171020508
3641,-0.0034313725773245096,2.5196077823638916
3642,-0.01274509821087122,2.4191176891326904
3643,-0.007843137718737125,2.2916667461395264
3644,-0.014215686358511448,2.19362735748291
3645,-0.007352941203862429,2.0539214611053467
3646,-0.015196078456938267,1.9019607305526733
3647,-0.00637254910543561,1.7696079015731812
3648,-0.01568627543747425,1.5220588445663452
3649,-0.01715686358511448,1.308823585510254
3650,-0.020098039880394936,1.1176470518112183
3651,-0.020098039880394936,0.8382353186607361
3652,-0.021568628028035164,0.5980392098426819
3653,-0.021568628028035164,0.29901960492134094
3654,-0.020098039880394936,-0.014705882407724857
3655,-0.02500000037252903,-0.36764705181121826
3656,-0.02598039247095585,-0.7034313678741455
3657,-0.022058824077248573,-1.0245097875595093
3658,-0.022549020126461983,-1.3823529481887817
3659,-0.02500000037252903,-1.7720588445663452
3660,-0.028921568766236305,-2.129901885986328
3661,-0.027450980618596077,-2.5171568393707275
3662,-0.026470588520169258,-2.8259804248809814
3663,-0.022058824077248573,-3.1691176891326904
3664,-0.02549019642174244,-3.5539214611053467
3665,-0.030882352963089943,-3.877450942993164
3666,-0.023039216175675392,-4.129901885986328
3667,-0.010294117964804173,-4.377450942993164
3668,-0.028921568766236305,-4.615196228027344
3669,-0.023039216175675392,-4.813725471496582
3670,-0.004411764908581972,-5.083333492279053
3671,-0.010294117964804173,-5.188725471496582
3672,-0.0235294122248888,-5.370098114013672
3673,0.0004901961074210703,-5.411764621734619
3674,-0.018627451732754707,-5.482842922210693
3675,-0.014215686358511448,-5.578431606292725
3676,-0.013725490309298038,-5.61274528503418
3677,-0.00637254910543561,-5.615196228027344
3678,-0.0009803922148421407,-5.617647171020508
3679,-0.008823529817163944,-5.595588207244873
3680,-0.004411764908581972,-5.610294342041016
3681,-0.006862745154649019,-5.566176414489746
3682,0.00147058826405555,-5.551470756530762
3683,-0.013725490309298038,-5.51225471496582
3684,0.0,-5.546568393707275
3685,-0.009313725866377354,-5.517157077789307
3686,-0.0024509804788976908,-5.473039150238037
3687,0.0034313725773245096,-5.566176414489746
3688,-0.009313725866377354,-5.588235378265381
3689,-0.008823529817163944,-5.620098114013672
3690,-0.018137255683541298,-5.713235378265381
3691,-0.007352941203862429,-5.779411792755127
3692,-0.010294117964804173,-5.919117450714111
3693,-0.009313725866377354,-6.063725471496582
3694,0.005392157007008791,-6.208333492279053
3695,0.03480392321944237,-6.345588207244873
3696,0.021078431978821754,-6.509803771972656
3697,0.028921568766236305,-6.713235378265381
3698,-0.0004901961074210703,-6.921568393707275
3699,-0.006862745154649019,-7.156862735748291
3700,-0.010784314014017582,-7.330882549285889
3701,-0.0019607844296842813,-7.531862735748291
3702,-0.003921568859368563,-7.723039150238037
3703,-0.00147058826405555,-7.901960849761963
3704,-0.01225490216165781,-8.041666984558105
3705,-0.010784314014017582,-8.191176414489746
3706,-0.005392157007008791,-8.308823585510254
3707,-0.011274510063230991,-8.38725471496582
3708,-0.003921568859368563,-8.43137264251709
3709,-0.0034313725773245096,-8.53186321258545
3710,-0.008823529817163944,-8.504901885986328
3711,0.0034313725773245096,-8.45588207244873
3712,-0.00637254910543561,-8.44362735748291
3713,-0.011274510063230991,-8.313725471496582
3714,0.003921568859368563,-8.259803771972656
3715,0.0034313725773245096,-8.09313678741455
3716,0.005392157007008791,-7.946078300476074
3717,0.0117647061124444,-7.708333492279053
3718,0.005392157007008791,-7.563725471496582
3719,0.0117647061124444,-7.38725471496582
3720,0.007843137718737125,-7.127450942993164
3721,0.01568627543747425,-6.860294342041016
3722,0.0117647061124444,-6.61274528503418
3723,0.0049019609577953815,-6.399509906768799
3724,0.027941176667809486,-6.169117450714111
3725,-0.0009803922148421407,-5.963235378265381
3726,0.015196078456938267,-5.789215564727783
3727,0.0019607844296842813,-5.573529243469238
3728,0.00637254910543561,-5.433823585510254
3729,-0.0009803922148421407,-5.235294342041016
3730,0.007352941203862429,-5.129901885986328
3731,0.0024509804788976908,-5.049019813537598
3732,0.008823529817163944,-4.970588207244873
3733,0.0,-4.936274528503418
3734,0.0049019609577953815,-4.909313678741455
3735,-0.00147058826405555,-4.889705657958984
3736,-0.0049019609577953815,-4.911764621734619
3737,0.010294117964804173,-4.946078300476074
3738,-0.005392157007008791,-4.965686321258545
3739,-0.00147058826405555,-5.058823585510254
3740,-0.011274510063230991,-5.063725471496582
3741,-0.009313725866377354,-5.139705657958984
3742,-0.0004901961074210703,-5.210784435272217
3743,-0.0009803922148421407,-5.23774528503418
3744,-0.0004901961074210703,-5.276960849761963
3745,-0.013235294260084629,-5.299019813537598
3746,-0.0034313725773245096,-5.25
3747,-0.010784314014017582,-5.274509906768799
3748,-0.00637254910543561,-5.23774528503418
3749,0.0009803922148421407,-5.18137264251709
3750,0.0019607844296842813,-5.046568393707275
3751,-0.013235294260084629,-4.901960849761963
3752,-0.0049019609577953815,-4.767157077789307
3753,0.0,-4.580882549285889
3754,0.003921568859368563,-4.338235378265381
3755,0.019117647781968117,-4.122549057006836
3756,0.010784314014017582,-3.8529412746429443
3757,0.0029411765281111,-3.561274528503418
3758,0.01225490216165781,-3.19362735748291
3759,0.004411764908581972,-2.8946077823638916
3760,0.022549020126461983,-2.5759804248809814
3761,0.01225490216165781,-2.2401959896087646
3762,0.020098039880394936,-1.8872549533843994
3763,0.013725490309298038,-1.5539215803146362
3764,0.013725490309298038,-1.1691176891326904
3765,0.019117647781968117,-0.8946078419685364
3766,0.0235294122248888,-0.5980392098426819
3767,0.01666666753590107,-0.30882352590560913
3768,0.01225490216165781,-0.007352941203862429
3769,0.007843137718737125,0.22794117033481598
3770,0.018627451732754707,0.3970588147640228
3771,0.008823529817163944,0.6029411554336548
3772,0.01617647148668766,0.7034313678741455
3773,0.008823529817163944,0.8504902124404907
3774,-0.00147058826405555,0.8995097875595093
3775,0.008823529817163944,0.9950980544090271
3776,-0.01715686358511448,0.9950980544090271
3777,0.0019607844296842813,0.9975489974021912
3778,-0.021568628028035164,0.9779411554336548
3779,0.006862745154649019,0.9117646813392639
3780,-0.0019607844296842813,0.904411792755127
3781,0.004411764908581972,0.8039215803146362
3782,0.0019607844296842813,0.7843137383460999
3783,-0.010294117964804173,0.6960784196853638
3784,-0.015196078456938267,0.6593137383460999
3785,-0.0009803922148421407,0.6225489974021912
3786,-0.0034313725773245096,0.5833333134651184
3787,-0.0034313725773245096,0.6127451062202454
3788,-0.0019607844296842813,0.6519607901573181
3789,-0.0029411765281111,0.7009803652763367
3790,-0.05098039284348488,0.7352941036224365
3791,0.018627451732754707,0.8504902124404907
3792,-0.019607843831181526,1.0122549533843994
3793,0.01715686358511448,1.1813725233078003
3794,0.0,1.3627450466156006
3795,0.013725490309298038,1.566176414489746
3796,0.0019607844296842813,1.843137264251709
3797,0.0029411765281111,2.1151959896087646
3798,0.01617647148668766,2.406862735748291
3799,0.01225490216165781,2.723039150238037
3800,0.01568627543747425,3.0735294818878174
3801,0.018627451732754707,3.3848040103912354
3802,0.026960784569382668,3.75
3803,0.0019607844296842813,4.06862735748291
3804,0.01568627543747425,4.409313678741455
3805,0.01225490216165781,4.715686321258545
3806,0.01715686358511448,5.041666507720947
3807,0.00637254910543561,5.286764621734619
3808,0.020098039880394936,5.573529243469238
3809,0.003921568859368563,5.735294342041016
3810,0.0024509804788976908,5.963235378265381
3811,0.007352941203862429,6.134803771972656
3812,0.008823529817163944,6.259803771972656
3813,0.011274510063230991,6.276960849761963
3814,-0.015196078456938267,6.316176414489746
3815,0.0,6.321078300476074
3816,-0.007843137718737125,6.313725471496582
3817,0.00147058826405555,6.299019813537598
3818,-0.0029411765281111,6.171568393707275
3819,-0.010784314014017582,6.117647171020508
3820,-0.013235294260084629,5.93137264251709
3821,-0.0029411765281111,5.803921699523926
3822,-0.009313725866377354,5.661764621734619
3823,-0.01225490216165781,5.575980186462402
3824,-0.01225490216165781,5.401960849761963
3825,-0.014215686358511448,5.26225471496582
3826,-0.007843137718737125,5.154411792755127
3827,-0.007352941203862429,5.029411792755127
3828,-0.014705882407724857,4.926470756530762
3829,-0.0049019609577953815,4.928921699523926
3830,-0.00637254910543561,4.914215564727783
3831,-0.007352941203862429,4.897058963775635
3832,-0.020098039880394936,4.938725471496582
3833,0.04803921654820442,4.997549057006836
3834,-0.013725490309298038,5.147058963775635
3835,0.018627451732754707,5.272058963775635
3836,0.0024509804788976908,5.448529243469238
3837,0.0009803922148421407,5.644608020782471
3838,0.0019607844296842813,5.852941036224365
3839,0.009803921915590763,6.139705657958984
3840,0.007352941203862429,6.458333492279053
3841,0.00637254910543561,6.718137264251709
3842,0.0024509804788976908,6.995098114013672
3843,0.023039216175675392,7.325980186462402
3844,-0.0019607844296842813,7.580882549285889
3845,0.026470588520169258,7.860294342041016
3846,0.0049019609577953815,8.200980186462402
3847,0.8529411554336548,8.45588207244873
3848,1.4024510383605957,8.81862735748291
3849,-0.35098040103912354,8.796568870544434
3850,1.0245097875595093,9.036765098571777
3851,-0.10196078568696976,9.098039627075195
3852,0.29509803652763367,9.151960372924805
3853,0.10686274617910385,9.227941513061523
3854,0.04313725605607033,9.176470756530762
3855,0.08725490421056747,9.166666984558105
3856,0.03235294297337532,9.03186321258545
3857,0.04264706000685692,8.879901885986328
3858,0.023039216175675392,8.79411792755127
3859,0.019607843831181526,8.561274528503418
3860,0.037254903465509415,8.379901885986328
3861,0.0024509804788976908,8.127450942993164
3862,0.018137255683541298,7.843137264251709
3863,0.003921568859368563,7.647058963775635
3864,-0.008823529817163944,7.389705657958984
3865,0.014215686358511448,7.159313678741455
3866,-0.0235294122248888,6.921568393707275
3867,-0.009803921915590763,6.691176414489746
3868,-0.010294117964804173,6.492647171020508
3869,-0.020098039880394936,6.348039150238037
3870,-0.01225490216165781,6.205882549285889
3871,-0.0004901961074210703,6.073529243469238
3872,-0.008333333767950535,6.06862735748291
3873,-0.0024509804788976908,6.046568393707275
3874,-0.013235294260084629,6.063725471496582
3875,-0.01225490216165781,6.13725471496582
3876,0.0029411765281111,6.25
3877,0.0,6.36274528503418
3878,0.008333333767950535,6.539215564727783
3879,0.011274510063230991,6.794117450714111
3880,0.00637254910543561,6.970588207244873
3881,0.007352941203862429,7.286764621734619
3882,0.01225490216165781,7.504901885986328
3883,0.010784314014017582,7.799019813537598
3884,0.019607843831181526,8.066176414489746
3885,0.007352941203862429,8.370098114013672
3886,0.018627451732754707,8.605392456054688
3887,0.013235294260084629,8.855392456054688
3888,-0.02549019642174244,9.088234901428223
3889,0.021568628028035164,9.27450942993164
3890,-0.01274509821087122,9.41911792755127
3891,0.02450980432331562,9.553921699523926
3892,0.0009803922148421407,9.578431129455566
3893,0.011274510063230991,9.605392456054688
3894,0.005392157007008791,9.60049057006836
3895,0.0029411765281111,9.551470756530762
3896,-0.005392157007008791,9.424019813537598
3897,-0.0058823530562222,9.276960372924805
3898,-0.007352941203862429,9.05637264251709
3899,-0.007843137718737125,8.835783958435059
3900,-0.019117647781968117,8.605392456054688
3901,-0.020098039880394936,8.252450942993164
3902,-0.010294117964804173,7.941176414489746
3903,-0.01274509821087122,7.649509906768799
3904,-0.019117647781968117,7.276960849761963
3905,-0.013725490309298038,6.958333492279053
3906,-0.020588235929608345,6.588235378265381
3907,-0.020588235929608345,6.333333492279053
3908,-0.022058824077248573,6.026960849761963
3909,-0.01764705963432789,5.73774528503418
3910,-0.009313725866377354,5.492647171020508
3911,-0.027941176667809486,5.299019813537598
3912,-0.3225490152835846,5.127450942993164
3913,-0.6808823347091675,5.071078300476074
3914,0.3083333373069763,5.019608020782471
3915,-0.44117647409439087,4.990196228027344
3916,0.11421568691730499,5.098039150238037
3917,-0.12254901975393295,5.186274528503418
3918,-0.09558823704719543,5.316176414489746
3919,0.014705882407724857,5.463235378265381
3920,-0.023039216175675392,5.683823585510254
3921,-0.03480392321944237,5.963235378265381
3922,0.01617647148668766,6.25
3923,-0.010784314014017582,6.524509906768799
3924,0.007843137718737125,6.850490093231201
3925,0.0049019609577953815,7.161764621734619
3926,-0.0019607844296842813,7.460784435272217
3927,0.0117647061124444,7.742647171020508
3928,0.0029411765281111,7.990196228027344
3929,0.009313725866377354,8.230392456054688
3930,0.007352941203862429,8.463234901428223
3931,0.014705882407724857,8.632352828979492
3932,0.005392157007008791,8.72549057006836
3933,0.0058823530562222,8.786765098571777
3934,0.008333333767950535,8.801470756530762
3935,-0.019117647781968117,8.75
3936,0.01225490216165781,8.661765098571777
3937,-0.01225490216165781,8.536765098571777
3938,-0.007843137718737125,8.365196228027344
3939,-0.011274510063230991,8.061274528503418
3940,-0.013725490309298038,7.76225471496582
3941,-0.019117647781968117,7.453431606292725
3942,-0.020098039880394936,7.093137264251709
3943,-0.009313725866377354,6.691176414489746
3944,-0.027941176667809486,6.296568393707275
3945,-0.020588235929608345,5.889705657958984
3946,-0.023039216175675392,5.492647171020508
3947,-0.030392156913876534,5.085784435272217
3948,-0.022058824077248573,4.649509906768799
3949,-0.021078431978821754,4.31862735748291
3950,-0.02500000037252903,3.995098114013672
3951,-0.019607843831181526,3.7377450466156006
3952,-0.026960784569382668,3.4583332538604736
3953,-0.018627451732754707,3.31862735748291
3954,-0.022058824077248573,3.2107841968536377
3955,-0.003921568859368563,3.1127450466156006
3956,-0.006862745154649019,3.1397058963775635
3957,-0.006862745154649019,3.149509906768799
3958,-0.0117647061124444,3.281862735748291
3959,-0.007843137718737125,3.4166667461395264
3960,-0.00147058826405555,3.620098114013672
3961,-0.0024509804788976908,3.9264705181121826
3962,0.0058823530562222,4.205882549285889
3963,0.009803921915590763,4.507352828979492
3964,0.0058823530562222,4.88725471496582
3965,0.022549020126461983,5.259803771972656
3966,0.022549020126461983,5.593137264251709
3967,0.022058824077248573,6.0
3968,0.0235294122248888,6.348039150238037
3969,0.0049019609577953815,6.664215564727783
3970,0.018627451732754707,6.960784435272217
3971,0.01274509821087122,7.208333492279053
3972,0.013235294260084629,7.426470756530762
3973,0.005392157007008791,7.583333492279053
3974,0.007352941203862429,7.669117450714111
3975,0.014215686358511448,7.700980186462402
3976,0.00147058826405555,7.686274528503418
3977,0.01225490216165781,7.617647171020508
3978,-0.0029411765281111,7.460784435272217
3979,-0.009803921915590763,7.218137264251709
3980,-0.0034313725773245096,6.909313678741455
3981,-0.42450979351997375,6.583333492279053
3982,-1.0686274766921997,6.066176414489746
3983,0.6710784435272217,5.833333492279053
3984,-1.2696079015731812,5.267157077789307
3985,0.6397058963775635,4.884803771972656
3986,-0.5186274647712708,4.370098114013672
3987,0.17009803652763367,3.8921568393707275
3988,-0.1514705866575241,3.409313678741455
3989,-0.11029411852359772,2.9852941036224365
3990,0.0019607844296842813,2.5808823108673096
3991,-0.07107843458652496,2.1715686321258545
3992,-0.052941177040338516,1.8063725233078003
3993,-0.008823529817163944,1.5686274766921997
3994,-0.06715686619281769,1.2720588445663452
3995,-0.04411764815449715,1.1372549533843994
3996,-0.014215686358511448,1.061274528503418
3997,-0.035784315317869186,1.031862735748291
3998,0.013725490309298038,1.0857843160629272
3999,-0.021568628028035164,1.220588207244873
4000,0.020098039880394936,1.3970588445663452
4001,-0.00147058826405555,1.6421568393707275
4002,0.014215686358511448,1.9901961088180542
4003,0.01715686358511448,2.3014705181121826
4004,0.01568627543747425,2.718137264251709
4005,0.026470588520169258,3.1740195751190186
4006,0.02401960827410221,3.6029412746429443
4007,0.014705882407724857,4.120098114013672
4008,0.026960784569382668,4.536764621734619
4009,0.014215686358511448,4.968137264251709
4010,0.026960784569382668,5.416666507720947
4011,0.01666666753590107,5.811274528503418
4012,0.022549020126461983,6.151960849761963
4013,0.022058824077248573,6.421568393707275
4014,0.02450980432331562,6.678921699523926
4015,0.00637254910543561,6.879901885986328
4016,0.01225490216165781,6.963235378265381
4017,0.007352941203862429,6.919117450714111
4018,0.0058823530562222,6.899509906768799
4019,-0.0024509804788976908,6.696078300476074
4020,-0.009803921915590763,6.529411792755127
4021,-0.01225490216165781,6.232842922210693
4022,-0.01274509821087122,5.870098114013672
4023,-0.021568628028035164,5.470588207244873
4024,-0.0235294122248888,4.982842922210693
4025,-0.02450980432331562,4.497549057006836
4026,-0.02401960827410221,3.8848040103912354
4027,-0.037254903465509415,3.399509906768799
4028,-0.03235294297337532,2.7916667461395264
4029,-0.027450980618596077,2.2107841968536377
4030,-0.03872549161314964,1.6397058963775635
4031,-0.03333333507180214,1.159313678741455
4032,-0.026470588520169258,0.6740196347236633
4033,-0.03529411926865578,0.23039215803146362
4034,-0.03480392321944237,-0.1715686321258545
4035,-0.018627451732754707,-0.4779411852359772
4036,-0.02500000037252903,-0.656862735748291
4037,-0.022549020126461983,-0.813725471496582
4038,-0.02598039247095585,-0.8651960492134094
4039,-0.0058823530562222,-0.8774510025978088
4040,-0.0024509804788976908,-0.7279411554336548
4041,-0.0034313725773245096,-0.4950980246067047
4042,-0.0024509804788976908,-0.25735294818878174
4043,0.009803921915590763,0.07107843458652496
4044,0.008823529817163944,0.531862735748291
4045,0.0004901961074210703,1.0049020051956177
4046,0.01617647148668766,1.5196079015731812
4047,0.02500000037252903,2.0759804248809814
4048,0.009803921915590763,2.6127450466156006
4049,0.06519608199596405,3.245098114013672
4050,-0.011274510063230991,3.811274528503418
4051,0.05833333358168602,4.375
4052,0.011274510063230991,4.867647171020508
4053,0.037745099514722824,5.36274528503418
4054,0.008333333767950535,5.784313678741455
4055,0.020588235929608345,6.154411792755127
4056,0.013725490309298038,6.424019813537598
4057,-0.06029411777853966,6.593137264251709
4058,-0.03382353112101555,6.754901885986328
4059,-0.28970587253570557,6.713235378265381
4060,0.41274508833885193,6.664215564727783
4061,-0.5274509787559509,6.406862735748291
4062,0.33137255907058716,6.110294342041016
4063,-0.2078431397676468,5.808823585510254
4064,0.00147058826405555,5.328431606292725
4065,0.00637254910543561,4.889705657958984
4066,-0.061274509876966476,4.26225471496582
4067,-0.0024509804788976908,3.629901885986328
4068,-0.03431372717022896,3.0147058963775635
4069,-0.0936274528503418,2.2965686321258545
4070,0.03333333507180214,1.6372549533843994
4071,-0.05588235333561897,0.9240196347236633
4072,-0.03480392321944237,0.3014705777168274
4073,-0.027941176667809486,-0.32107841968536377
4074,-0.036274511367082596,-0.9289215803146362
4075,-0.03284313902258873,-1.4215686321258545
4076,-0.021078431978821754,-1.840686321258545
4077,-0.020098039880394936,-2.183823585510254
4078,-0.02549019642174244,-2.4215686321258545
4079,-0.02549019642174244,-2.5539214611053467
4080,-0.0029411765281111,-2.6127450466156006
4081,-0.011274510063230991,-2.590686321258545
4082,0.00147058826405555,-2.367647171020508
4083,0.007352941203862429,-2.1397058963775635
4084,0.020588235929608345,-1.7401961088180542
4085,0.026470588520169258,-1.311274528503418
4086,0.0235294122248888,-0.781862735748291
4087,0.028921568766236305,-0.15931372344493866
4088,0.013235294260084629,0.4436274468898773
4089,0.02549019642174244,1.1421568393707275
4090,0.03284313902258873,1.8578431606292725
4091,0.027941176667809486,2.6053922176361084
4092,0.036274511367082596,3.338235378265381
4093,0.03872549161314964,3.995098114013672
4094,0.029901960864663124,4.671568393707275
4095,0.045588236302137375,5.26225471496582
4096,0.046078432351350784,5.786764621734619
4097,0.028431372717022896,6.213235378265381
4098,-0.0019607844296842813,6.56862735748291
4099,0.01274509821087122,6.803921699523926
4100,0.037745099514722824,6.968137264251709
4101,-0.009313725866377354,7.007352828979492
4102,0.01666666753590107,6.892157077789307
4103,-0.007352941203862429,6.69362735748291
4104,-0.005392157007008791,6.343137264251709
4105,-0.01274509821087122,6.002450942993164
4106,-0.013235294260084629,5.492647171020508
4107,-0.036274511367082596,4.867647171020508
4108,-0.020588235929608345,4.149509906768799
4109,-0.04019607976078987,3.4289214611053467
4110,-0.030392156913876534,2.6446077823638916
4111,-0.0573529414832592,1.808823585510254
4112,-0.04264706000685692,0.9803921580314636
4113,-0.053921569138765335,0.17401960492134094
4114,-0.0416666679084301,-0.6053921580314636
4115,-0.036764707416296005,-1.3602941036224365
4116,-0.04117647185921669,-2.0416667461395264
4117,-0.03970588371157646,-2.688725471496582
4118,-0.03480392321944237,-3.2352941036224365
4119,-0.03529411926865578,-3.593137264251709
4120,-0.028431372717022896,-3.9803922176361084
4121,-0.010294117964804173,-4.159313678741455
4122,-0.021568628028035164,-4.247549057006836
4123,-0.007843137718737125,-4.159313678741455
4124,-0.0049019609577953815,-4.009803771972656
4125,-0.00147058826405555,-3.6764705181121826
4126,-0.01617647148668766,-3.343137264251709
4127,0.018137255683541298,-2.7916667461395264
4128,0.029901960864663124,-2.149509906768799
4129,0.018137255683541298,-1.468137264251709
4130,0.03186274692416191,-0.7058823704719543
4131,0.03382353112101555,0.1985294073820114
4132,0.02598039247095585,1.0735293626785278
4133,0.037745099514722824,1.9166666269302368
4134,0.036764707416296005,2.7941176891326904
4135,0.038235295563936234,3.6691176891326904
4136,0.045098040252923965,4.460784435272217
4137,0.04068627581000328,5.19362735748291
4138,0.03382353112101555,5.867647171020508
4139,0.037745099514722824,6.497549057006836
4140,0.037745099514722824,6.965686321258545
4141,0.02598039247095585,7.296568393707275
4142,0.010784314014017582,7.578431606292725
4143,0.019117647781968117,7.674019813537598
4144,0.0034313725773245096,7.634803771972656
4145,-0.008333333767950535,7.475490093231201
4146,0.003921568859368563,7.117647171020508
4147,-0.01617647148668766,6.710784435272217
4148,-0.021568628028035164,6.13725471496582
4149,-0.030882352963089943,5.502450942993164
4150,-0.027450980618596077,4.784313678741455
4151,-0.038235295563936234,3.8872549533843994
4152,-0.04411764815449715,3.0098040103912354
4153,-0.054411765187978745,2.024509906768799
4154,-0.053431373089551926,1.0539215803146362
4155,-0.05882352963089943,0.09558823704719543
4156,-0.062745101749897,-0.8553921580314636
4157,-0.05833333358168602,-1.7965686321258545
4158,-0.03382353112101555,-2.629901885986328
4159,-0.0676470622420311,-3.4264705181121826
4160,-0.035784315317869186,-4.151960849761963
4161,-0.05980392172932625,-4.710784435272217
4162,-0.035784315317869186,-5.218137264251709
4163,-0.04068627581000328,-5.522058963775635
4164,-0.0235294122248888,-5.705882549285889
4165,-0.02500000037252903,-5.703431606292725
4166,-0.029901960864663124,-5.686274528503418
4167,-0.0049019609577953815,-5.409313678741455
4168,0.0,-4.977941036224365
4169,0.0029411765281111,-4.433823585510254
4170,0.028431372717022896,-3.784313678741455
4171,0.022549020126461983,-3.031862735748291
4172,0.027941176667809486,-2.1446077823638916
4173,0.030882352963089943,-1.2352941036224365
4174,0.04852941259741783,-0.2450980395078659
4175,0.0470588244497776,0.7573529481887817
4176,0.046078432351350784,1.8602941036224365
4177,0.05784313753247261,2.8602941036224365
4178,0.053921569138765335,3.899509906768799
4179,0.05980392172932625,4.88725471496582
4180,0.05539215728640556,5.727941036224365
4181,0.04215686395764351,6.529411792755127
4182,0.03970588371157646,7.213235378265381
4183,0.03872549161314964,7.742647171020508
4184,0.03186274692416191,8.200980186462402
4185,0.026470588520169258,8.446078300476074
4186,0.02500000037252903,8.546568870544434
4187,-0.1044117659330368,8.492647171020508
4188,-0.028921568766236305,8.313725471496582
4189,-0.06470588594675064,7.960784435272217
4190,-0.010784314014017582,7.490196228027344
4191,-0.04803921654820442,6.821078300476074
4192,-0.0416666679084301,6.009803771972656
4193,-0.04362745210528374,5.164215564727783
4194,-0.03921568766236305,4.200980186462402
4195,-0.05882352963089943,3.1470587253570557
4196,-0.062745101749897,2.0098040103912354
4197,-0.06470588594675064,0.904411792755127
4198,-0.06029411777853966,-0.22058823704719543
4199,-0.07205882668495178,-1.3284313678741455
4200,-0.05931372568011284,-2.4191176891326904
4201,-0.05882352963089943,-3.470588207244873
4202,-0.05588235333561897,-4.335784435272217
4203,-0.05833333358168602,-5.174019813537598
4204,-0.05147058889269829,-5.850490093231201
4205,-0.05098039284348488,-6.43137264251709
4206,-0.028431372717022896,-6.811274528503418
4207,-0.027450980618596077,-7.049019813537598
4208,-0.029411764815449715,-7.149509906768799
4209,-0.003921568859368563,-7.036764621734619
4210,-0.008333333767950535,-6.779411792755127
4211,0.0058823530562222,-6.38725471496582
4212,0.014705882407724857,-5.843137264251709
4213,0.01715686358511448,-5.071078300476074
4214,0.028431372717022896,-4.269608020782471
4215,0.044607844203710556,-3.311274528503418
4216,0.04901960864663124,-2.254901885986328
4217,0.053431373089551926,-1.0980392694473267
4218,0.05539215728640556,0.0882352963089943
4219,0.05784313753247261,1.311274528503418
4220,0.06078431382775307,2.441176414489746
4221,0.06421568989753723,3.6446077823638916
4222,0.061764705926179886,4.708333492279053
4223,0.05588235333561897,5.830882549285889
4224,0.05784313753247261,6.688725471496582
4225,0.05147058889269829,7.561274528503418
4226,0.05686274543404579,8.259803771972656
4227,0.0416666679084301,8.816176414489746
4228,0.036274511367082596,9.230392456054688
4229,0.026470588520169258,9.448529243469238
4230,0.02549019642174244,9.458333015441895
4231,0.010294117964804173,9.352941513061523
4232,0.005392157007008791,9.0
4233,-0.0004901961074210703,8.522058486938477
4234,-0.022058824077248573,7.899509906768799
4235,-0.021568628028035164,7.115196228027344
4236,-0.026960784569382668,6.25
4237,-0.045098040252923965,5.198529243469238
4238,-0.053431373089551926,4.088235378265381
4239,-0.06029411777853966,2.8897058963775635
4240,-0.061274509876966476,1.654411792755127
4241,-0.06421568989753723,0.4117647111415863
4242,-0.05980392172932625,-0.8946078419685364
4243,-0.07549019902944565,-2.0784313678741455
4244,-0.062745101749897,-3.2107841968536377
4245,-0.06911765038967133,-4.31862735748291
4246,-0.05882352963089943,-5.281862735748291
4247,-0.05980392172932625,-6.156862735748291
4248,-0.05686274543404579,-6.86274528503418
4249,-0.04852941259741783,-7.480391979217529
4250,-0.0519607849419117,-7.867647171020508
4251,-0.03431372717022896,-8.063725471496582
4252,-0.020588235929608345,-8.134803771972656
4253,-0.015196078456938267,-8.058823585510254
4254,0.0024509804788976908,-7.742647171020508
4255,0.0,-7.252450942993164
4256,0.02401960827410221,-6.622549057006836
4257,0.026470588520169258,-5.803921699523926
4258,0.03921568766236305,-4.892157077789307
4259,0.053431373089551926,-3.8308823108673096
4260,0.046568628400564194,-2.688725471496582
4261,0.05931372568011284,-1.5
4262,0.07107843458652496,-0.25245097279548645
4263,0.05539215728640556,1.0514706373214722
4264,0.07205882668495178,2.284313678741455
4265,0.062254901975393295,3.5465686321258545
4266,0.07009804248809814,4.745098114013672
4267,0.07107843458652496,5.850490093231201
4268,0.05637254938483238,6.875
4269,0.053921569138765335,7.764705657958984
4270,0.04803921654820442,8.566176414489746
4271,0.046078432351350784,9.14950942993164
4272,0.03872549161314964,9.573529243469238
4273,0.028431372717022896,9.86274528503418
4274,0.01274509821087122,9.93137264251709
4275,0.01764705963432789,9.83088207244873
4276,0.0058823530562222,9.607843399047852
4277,-0.0029411765281111,9.132352828979492
4278,-0.028921568766236305,8.54411792755127
4279,-0.023039216175675392,7.776960849761963
4280,-0.03970588371157646,6.857842922210693
4281,-0.04117647185921669,5.833333492279053
4282,-0.054901961237192154,4.735294342041016
4283,-0.05980392172932625,3.566176414489746
4284,-0.0681372582912445,2.2647058963775635
4285,-0.01666666753590107,1.0245097875595093
4286,-0.038235295563936234,-0.2598039209842682
4287,-0.07107843458652496,-1.5416666269302368
4288,-0.052941177040338516,-2.784313678741455
4289,-0.07205882668495178,-3.963235378265381
4290,-0.11372549086809158,-4.965686321258545
4291,-0.08676470816135406,-5.941176414489746
4292,-0.07941176742315292,-6.708333492279053
4293,-0.05245098099112511,-7.421568393707275
4294,-0.045098040252923965,-7.928921699523926
4295,-0.04411764815449715,-8.272058486938477
4296,-0.03186274692416191,-8.470588684082031
4297,-0.02598039247095585,-8.465685844421387
4298,-0.013725490309298038,-8.252450942993164
4299,-0.003921568859368563,-7.933823585510254
4300,0.0,-7.414215564727783
4301,0.0235294122248888,-6.757352828979492
4302,0.01715686358511448,-5.914215564727783
4303,0.03284313902258873,-4.960784435272217
4304,0.03333333507180214,-3.901960849761963
4305,0.0573529414832592,-2.7965686321258545
4306,0.05980392172932625,-1.6078431606292725
4307,0.054901961237192154,-0.3897058963775635
4308,0.05686274543404579,0.9142156839370728
4309,0.05784313753247261,2.1397058963775635
4310,0.06372549384832382,3.3602941036224365
4311,0.06862745434045792,4.514705657958984
4312,0.07058823853731155,5.588235378265381
4313,0.06323529779911041,6.598039150238037
4314,0.05980392172932625,7.44362735748291
4315,-0.01666666753590107,8.183823585510254
4316,0.0730392187833786,8.835783958435059
4317,0.014215686358511448,9.240196228027344
4318,0.03529411926865578,9.52450942993164
4319,0.022549020126461983,9.654411315917969
4320,0.00637254910543561,9.585783958435059
4321,0.005392157007008791,9.382352828979492
4322,-0.018627451732754707,9.014705657958984
4323,-0.01274509821087122,8.465685844421387
4324,-0.02401960827410221,7.828431606292725
4325,-0.035784315317869186,7.029411792755127
4326,-0.045588236302137375,6.134803771972656
4327,-0.04313725605607033,5.129901885986328
4328,-0.062254901975393295,4.078431606292725
4329,-0.04852941259741783,2.8872549533843994
4330,-0.05784313753247261,1.715686321258545
4331,-0.0681372582912445,0.5367646813392639
4332,-0.07156863063573837,-0.595588207244873
4333,-0.07107843458652496,-1.7426470518112183
4334,-0.07401961088180542,-2.8921568393707275
4335,-0.062745101749897,-3.9215686321258545
4336,-0.07745098322629929,-4.816176414489746
4337,-0.046078432351350784,-5.656862735748291
4338,-0.07401961088180542,-6.38725471496582
4339,-0.04362745210528374,-6.958333492279053
4340,-0.036764707416296005,-7.394608020782471
4341,-0.0681372582912445,-7.68137264251709
4342,1.899999976158142,-7.632352828979492
4343,-0.7529411911964417,-7.811274528503418
4344,1.0803921222686768,-7.578431606292725
4345,-0.08480392396450043,-7.254901885986328
4346,0.260294109582901,-6.857842922210693
4347,0.0887254923582077,-6.259803771972656
4348,0.1044117659330368,-5.629901885986328
4349,0.06470588594675064,-4.789215564727783
4350,0.1147058829665184,-3.909313678741455
4351,0.04019607976078987,-2.8897058963775635
4352,0.10049019753932953,-1.8700979948043823
4353,0.05000000074505806,-0.8259803652763367
4354,0.08921568840742111,0.20588235557079315
4355,0.062745101749897,1.2990195751190186
4356,0.07107843458652496,2.3921568393707275
4357,0.06519608199596405,3.3553922176361084
4358,0.05147058889269829,4.38725471496582
4359,0.06029411777853966,5.218137264251709
4360,0.04950980469584465,6.061274528503418
4361,0.037254903465509415,6.725490093231201
4362,0.03186274692416191,7.338235378265381
4363,0.029411764815449715,7.823529243469238
4364,0.028431372717022896,8.21813678741455
4365,0.022058824077248573,8.348039627075195
4366,0.01715686358511448,8.473039627075195
4367,0.015196078456938267,8.426470756530762
4368,0.026960784569382668,8.264705657958984
4369,-0.009803921915590763,7.955882549285889
4370,-0.0117647061124444,7.531862735748291
4371,-0.02598039247095585,7.01225471496582
4372,-0.02598039247095585,6.365196228027344
4373,-0.04068627581000328,5.639705657958984
4374,-0.05049019679427147,4.840686321258545
4375,-0.05686274543404579,3.9852941036224365
4376,-0.054901961237192154,3.125
4377,-0.04901960864663124,2.1985294818878174
4378,-0.0573529414832592,1.183823585510254
4379,-0.06323529779911041,0.2647058963775635
4380,-0.05686274543404579,-0.7083333134651184
4381,-0.06470588594675064,-1.627450942993164
4382,-0.052941177040338516,-2.495098114013672
4383,-0.05539215728640556,-3.308823585510254
4384,-0.05098039284348488,-4.066176414489746
4385,-0.05049019679427147,-4.674019813537598
4386,-0.04803921654820442,-5.23774528503418
4387,-0.04803921654820442,-5.767157077789307
4388,-0.038235295563936234,-6.095588207244873
4389,-0.03235294297337532,-6.404411792755127
4390,-0.02549019642174244,-6.549019813537598
4391,-0.004411764908581972,-6.553921699523926
4392,-0.013725490309298038,-6.475490093231201
4393,-0.003921568859368563,-6.303921699523926
4394,0.005392157007008791,-5.990196228027344
4395,-0.005392157007008791,-5.61274528503418
4396,0.01617647148668766,-5.110294342041016
4397,0.013235294260084629,-4.531862735748291
4398,0.018137255683541298,-3.845588207244873
4399,0.02401960827410221,-3.159313678741455
4400,0.03235294297337532,-2.406862735748291
4401,0.03529411926865578,-1.5833333730697632
4402,0.03970588371157646,-0.7475489974021912
4403,0.038235295563936234,0.10294117778539658
4404,0.045098040252923965,0.9754902124404907
4405,0.036764707416296005,1.8014706373214722
4406,0.04068627581000328,2.6421568393707275
4407,0.05147058889269829,3.4558823108673096
4408,0.04215686395764351,4.191176414489746
4409,0.03431372717022896,4.870098114013672
4410,0.037254903465509415,5.465686321258545
4411,0.029901960864663124,6.024509906768799
4412,0.030392156913876534,6.549019813537598
4413,0.018137255683541298,6.909313678741455
4414,0.020098039880394936,7.198529243469238
4415,0.019607843831181526,7.397058963775635
4416,0.0117647061124444,7.509803771972656
4417,0.009803921915590763,7.465686321258545
4418,0.0029411765281111,7.365196228027344
4419,-0.004411764908581972,7.13725471496582
4420,0.0,6.803921699523926
4421,-0.06666667014360428,6.446078300476074
4422,0.22009803354740143,6.009803771972656
4423,-0.28872549533843994,5.377450942993164
4424,-0.17303921282291412,4.730391979217529
4425,0.15735293924808502,4.115196228027344
4426,-0.24068626761436462,3.3357841968536377
4427,0.046078432351350784,2.590686321258545
4428,-0.07549019902944565,1.7671568393707275
4429,-0.09803921729326248,0.8651960492134094
4430,0.00637254910543561,0.04901960864663124
4431,-0.09705882519483566,-0.7524510025978088
4432,-0.03284313902258873,-1.5686274766921997
4433,-0.04950980469584465,-2.3946077823638916
4434,-0.045098040252923965,-3.1446077823638916
4435,-0.046568628400564194,-3.811274528503418
4436,-0.04950980469584465,-4.480391979217529
4437,-0.04411764815449715,-5.041666507720947
4438,-0.03480392321944237,-5.55637264251709
4439,-0.037254903465509415,-5.921568393707275
4440,-0.0416666679084301,-6.240196228027344
4441,-0.035784315317869186,-6.446078300476074
4442,-0.01568627543747425,-6.558823585510254
4443,-0.018627451732754707,-6.583333492279053
4444,-0.0058823530562222,-6.414215564727783
4445,-0.011274510063230991,-6.240196228027344
4446,-0.00147058826405555,-5.958333492279053
4447,0.006862745154649019,-5.539215564727783
4448,0.01666666753590107,-5.017157077789307
4449,0.01715686358511448,-4.409313678741455
4450,0.02598039247095585,-3.786764621734619
4451,0.03382353112101555,-2.995098114013672
4452,0.04117647185921669,-2.223039150238037
4453,0.037254903465509415,-1.377450942993164
4454,0.036274511367082596,-0.468137264251709
4455,0.05000000074505806,0.406862735748291
4456,0.05637254938483238,1.3259804248809814
4457,0.03382353112101555,2.245098114013672
4458,0.03970588371157646,3.117647171020508
4459,0.053921569138765335,4.031862735748291
4460,0.04019607976078987,4.801470756530762
4461,0.054901961237192154,5.558823585510254
4462,0.04901960864663124,6.245098114013672
4463,0.04362745210528374,6.860294342041016
4464,0.0313725508749485,7.421568393707275
4465,0.029901960864663124,7.813725471496582
4466,0.0313725508749485,8.19362735748291
4467,0.027941176667809486,8.35049057006836
4468,0.013235294260084629,8.428921699523926
4469,0.003921568859368563,8.436274528503418
4470,0.0034313725773245096,8.325980186462402
4471,-0.009313725866377354,8.073529243469238
4472,0.010294117964804173,7.686274528503418
4473,-0.04068627581000328,7.178921699523926
4474,-0.009313725866377354,6.595588207244873
4475,-0.007352941203862429,5.872549057006836
4476,-1.6681373119354248,4.990196228027344
4477,0.8117647171020508,4.323529243469238
4478,-1.4029412269592285,3.345588207244873
4479,0.37156862020492554,2.4191176891326904
4480,-0.3892156779766083,1.4730392694473267
4481,-0.06323529779911041,0.42401960492134094
4482,-0.08284313976764679,-0.5343137383460999
4483,-0.2186274528503418,-1.5759804248809814
4484,-0.04313725605607033,-2.56862735748291
4485,-0.0676470622420311,-3.4901959896087646
4486,-0.14362744987010956,-4.379901885986328
4487,0.004411764908581972,-5.127450942993164
4488,-0.10049019753932953,-5.88725471496582
4489,-0.038235295563936234,-6.514705657958984
4490,-0.05098039284348488,-7.019608020782471
4491,-0.06029411777853966,-7.441176414489746
4492,-0.036274511367082596,-7.68137264251709
4493,-0.028921568766236305,-7.909313678741455
4494,-0.0235294122248888,-7.938725471496582
4495,-0.020098039880394936,-7.779411792755127
4496,-0.009313725866377354,-7.575980186462402
4497,0.0034313725773245096,-7.247549057006836
4498,0.009803921915590763,-6.76225471496582
4499,0.0058823530562222,-6.166666507720947
4500,0.015196078456938267,-5.48774528503418
4501,0.027450980618596077,-4.715686321258545
4502,0.02549019642174244,-3.8210785388946533
4503,0.03382353112101555,-2.8970587253570557
4504,0.037745099514722824,-1.9240195751190186
4505,0.046568628400564194,-0.8651960492134094
4506,0.04313725605607033,0.17892156541347504
4507,0.06470588594675064,1.2671568393707275
4508,0.05098039284348488,2.2941176891326904
4509,0.06470588594675064,3.316176414489746
4510,0.0470588244497776,4.301470756530762
4511,0.06029411777853966,5.235294342041016
4512,0.04950980469584465,6.063725471496582
4513,0.04950980469584465,6.845588207244873
4514,0.04950980469584465,7.519608020782471
4515,0.03970588371157646,8.095588684082031
4516,0.022058824077248573,8.605392456054688
4517,-0.009803921915590763,8.875
4518,0.03529411926865578,9.154411315917969
4519,-0.0117647061124444,9.21813678741455
4520,0.01274509821087122,9.186274528503418
4521,-0.003921568859368563,9.022058486938477
4522,-0.0058823530562222,8.772058486938477
4523,-0.014705882407724857,8.321078300476074
4524,-0.01715686358511448,7.796568393707275
4525,-0.029901960864663124,7.198529243469238
4526,-0.038235295563936234,6.458333492279053
4527,-0.045098040252923965,5.656862735748291
4528,-0.03970588371157646,4.794117450714111
4529,-0.0416666679084301,3.8553922176361084
4530,-0.04362745210528374,2.867647171020508
4531,-0.053921569138765335,1.8872549533843994
4532,-0.05637254938483238,0.904411792755127
4533,-0.04901960864663124,-0.1617647111415863
4534,-0.04313725605607033,-1.1715686321258545
4535,-0.09852941334247589,-2.1372549533843994
4536,-0.013235294260084629,-3.0098040103912354
4537,-0.08284313976764679,-3.867647171020508
4538,-0.03970588371157646,-4.691176414489746
4539,-0.06323529779911041,-5.350490093231201
4540,-0.04803921654820442,-5.985294342041016
4541,-0.04950980469584465,-6.531862735748291
4542,-0.04117647185921669,-6.963235378265381
4543,-0.04215686395764351,-7.272058963775635
4544,-0.03284313902258873,-7.470588207244873
4545,-0.035784315317869186,-7.583333492279053
4546,0.12598039209842682,-7.507352828979492
4547,0.5578431487083435,-7.284313678741455
4548,-0.4696078300476074,-7.139705657958984
4549,0.5446078181266785,-6.784313678741455
4550,-0.14852941036224365,-6.303921699523926
4551,0.14166666567325592,-5.796568393707275
4552,0.07892157137393951,-5.18137264251709
4553,0.05049019679427147,-4.473039150238037
4554,0.1720588207244873,-3.747549057006836
4555,0.09705882519483566,-2.9558823108673096
4556,0.04362745210528374,-2.093137264251709
4557,0.10147058963775635,-1.2401961088180542
4558,0.04852941259741783,-0.3382352888584137
4559,0.06911765038967133,0.529411792755127
4560,0.04264706000685692,1.4191176891326904
4561,0.04362745210528374,2.281862735748291
4562,0.054901961237192154,3.129901885986328
4563,0.05245098099112511,3.872549057006836
4564,0.05147058889269829,4.617647171020508
4565,0.052941177040338516,5.328431606292725
4566,0.03333333507180214,5.884803771972656
4567,0.03431372717022896,6.409313678741455
4568,0.037745099514722824,6.926470756530762
4569,0.02549019642174244,7.254901885986328
4570,0.022549020126461983,7.600490093231201
4571,0.022058824077248573,7.769608020782471
4572,0.005392157007008791,7.892157077789307
4573,0.00637254910543561,7.906862735748291
4574,-0.0004901961074210703,7.897058963775635
4575,0.0004901961074210703,7.676470756530762
4576,0.003921568859368563,7.480391979217529
4577,-0.011274510063230991,7.149509906768799
4578,-0.015196078456938267,6.769608020782471
4579,-0.019607843831181526,6.23774528503418
4580,-0.027450980618596077,5.76225471496582
4581,-0.03382353112101555,5.147058963775635
4582,-0.027941176667809486,4.531862735748291
4583,-0.03333333507180214,3.8578431606292725
4584,-0.03333333507180214,3.125
4585,-0.037745099514722824,2.3627450466156006
4586,-0.044607844203710556,1.5857843160629272
4587,-0.04950980469584465,0.8186274766921997
4588,-0.045588236302137375,0.06372549384832382
4589,-0.04117647185921669,-0.7083333134651184
4590,-0.04313725605607033,-1.4754902124404907
4591,-0.03382353112101555,-2.1470587253570557
4592,-0.04019607976078987,-2.8602941036224365
4593,-0.045588236302137375,-3.5
4594,-0.035784315317869186,-4.134803771972656
4595,-0.04313725605607033,-4.713235378265381
4596,-0.04803921654820442,-5.161764621734619
4597,-0.03529411926865578,-5.600490093231201
4598,-0.03284313902258873,-5.958333492279053
4599,-0.022549020126461983,-6.225490093231201
4600,-0.021078431978821754,-6.468137264251709
4601,-0.0034313725773245096,-6.598039150238037
4602,-0.0049019609577953815,-6.661764621734619
4603,-0.0034313725773245096,-6.593137264251709
4604,0.0,-6.490196228027344
4605,-0.00147058826405555,-6.311274528503418
4606,0.0034313725773245096,-6.022058963775635
4607,0.018137255683541298,-5.661764621734619
4608,0.01715686358511448,-5.232842922210693
4609,0.01274509821087122,-4.742647171020508
4610,0.01617647148668766,-4.161764621734619
4611,0.037254903465509415,-3.536764621734619
4612,0.0235294122248888,-2.867647171020508
4613,0.0416666679084301,-2.120098114013672
4614,0.036274511367082596,-1.3235293626785278
4615,0.036764707416296005,-0.5759803652763367
4616,0.013235294260084629,0.25245097279548645
4617,0.04803921654820442,1.0392156839370728
4618,0.05000000074505806,1.906862735748291
4619,0.03284313902258873,2.7058823108673096
4620,0.036274511367082596,3.536764621734619
4621,0.04068627581000328,4.276960849761963
4622,0.03529411926865578,5.019608020782471
4623,0.038235295563936234,5.691176414489746
4624,0.029411764815449715,6.316176414489746
4625,0.03235294297337532,6.909313678741455
4626,0.03872549161314964,7.401960849761963
4627,0.03284313902258873,7.811274528503418
4628,0.02598039247095585,8.125
4629,0.020588235929608345,8.38725471496582
4630,0.009313725866377354,8.55637264251709
4631,0.0004901961074210703,8.573529243469238
4632,0.0009803922148421407,8.536765098571777
4633,0.0024509804788976908,8.36274528503418
4634,-0.0009803922148421407,8.161765098571777
4635,-0.004411764908581972,7.838235378265381
4636,-0.026470588520169258,7.382352828979492
4637,-0.018137255683541298,6.904411792755127
4638,-0.027941176667809486,6.281862735748291
4639,-0.03480392321944237,5.561274528503418
4640,-0.03431372717022896,4.835784435272217
4641,-0.03970588371157646,4.029411792755127
4642,-0.05686274543404579,3.2058823108673096
4643,-0.03480392321944237,2.279411792755127
4644,-0.06372549384832382,1.3700979948043823
4645,-0.053921569138765335,0.4828431308269501
4646,-0.04950980469584465,-0.4901960790157318
4647,-0.046078432351350784,-1.406862735748291
4648,-0.05980392172932625,-2.2892158031463623
4649,-0.06323529779911041,-3.1470587253570557
4650,-0.04950980469584465,-3.992647171020508
4651,-0.05784313753247261,-4.791666507720947
4652,-0.0573529414832592,-5.509803771972656
4653,-0.053921569138765335,-6.093137264251709
4654,-0.04362745210528374,-6.674019813537598
4655,-0.038235295563936234,-7.102941036224365
4656,-0.026960784569382668,-7.514705657958984
4657,-0.036764707416296005,-7.740196228027344
4658,-0.0235294122248888,-7.899509906768799
4659,-0.02549019642174244,-7.948529243469238
4660,-0.019117647781968117,-7.933823585510254
4661,-0.01568627543747425,-7.75
4662,0.0019607844296842813,-7.455882549285889
4663,0.009313725866377354,-7.139705657958984
4664,0.00637254910543561,-6.654411792755127
4665,0.010784314014017582,-6.105391979217529
4666,0.018137255683541298,-5.51225471496582
4667,0.022549020126461983,-4.823529243469238
4668,0.03284313902258873,-4.044117450714111
4669,0.03284313902258873,-3.2352941036224365
4670,0.04019607976078987,-2.3627450466156006
4671,0.027941176667809486,-1.4950979948043823
4672,0.0416666679084301,-0.595588207244873
4673,0.04754902049899101,0.3137255012989044
4674,0.05882352963089943,1.2598038911819458
4675,0.045588236302137375,2.1127450466156006
4676,0.06421568989753723,3.061274528503418
4677,0.04852941259741783,3.843137264251709
4678,0.05049019679427147,4.688725471496582
4679,0.03970588371157646,5.394608020782471
4680,0.03872549161314964,6.05637264251709
4681,0.05000000074505806,6.656862735748291
4682,0.013725490309298038,7.210784435272217
4683,0.10343137383460999,7.674019813537598
4684,0.07352941483259201,8.03186321258545
4685,0.07254902273416519,8.303921699523926
4686,0.046568628400564194,8.45588207244873
4687,0.028921568766236305,8.52450942993164
4688,0.010294117964804173,8.561274528503418
4689,0.013235294260084629,8.470588684082031
4690,0.0049019609577953815,8.308823585510254
4691,0.005392157007008791,8.022058486938477
4692,-0.0058823530562222,7.703431606292725
4693,-0.008823529817163944,7.274509906768799
4694,-0.009803921915590763,6.799019813537598
4695,-0.018627451732754707,6.242647171020508
4696,-0.009803921915590763,5.625
4697,-0.04117647185921669,4.990196228027344
4698,-0.03235294297337532,4.31862735748291
4699,-0.04362745210528374,3.5833332538604736
4700,-0.04019607976078987,2.840686321258545
4701,-0.038235295563936234,2.1078431606292725
4702,-0.046568628400564194,1.281862735748291
4703,-0.04852941259741783,0.5661764740943909
4704,-0.05098039284348488,-0.1715686321258545
4705,-0.038235295563936234,-0.9485294222831726
4706,-0.037254903465509415,-1.6764706373214722
4707,-0.046078432351350784,-2.2990195751190186
4708,-0.037745099514722824,-2.9803922176361084
4709,-0.03382353112101555,-3.593137264251709
4710,-0.030882352963089943,-4.183823585510254
4711,-0.0573529414832592,-4.647058963775635
4712,0.02450980432331562,-5.13725471496582
4713,-0.04362745210528374,-5.573529243469238
4714,-0.01715686358511448,-5.892157077789307
4715,-0.009803921915590763,-6.225490093231201
4716,-0.02401960827410221,-6.375
4717,-0.0117647061124444,-6.561274528503418
4718,-0.00637254910543561,-6.647058963775635
4719,-0.014705882407724857,-6.666666507720947
4720,-0.0009803922148421407,-6.600490093231201
4721,-0.008333333767950535,-6.534313678741455
4722,0.010294117964804173,-6.299019813537598
4723,0.009313725866377354,-6.071078300476074
4724,0.018627451732754707,-5.752450942993164
4725,0.011274510063230991,-5.406862735748291
4726,0.014215686358511448,-4.982842922210693
4727,0.014705882407724857,-4.460784435272217
4728,0.010294117964804173,-3.9779412746429443
4729,0.019607843831181526,-3.382352828979492
4730,0.02549019642174244,-2.8259804248809814
4731,0.02598039247095585,-2.19362735748291
4732,0.03284313902258873,-1.531862735748291
4733,0.020098039880394936,-0.7965686321258545
4734,0.0416666679084301,-0.11519607901573181
4735,0.03480392321944237,0.593137264251709
4736,0.038235295563936234,1.316176414489746
4737,0.0416666679084301,2.088235378265381
4738,0.03333333507180214,2.811274528503418
4739,0.03235294297337532,3.534313678741455
4740,0.0416666679084301,4.166666507720947
4741,0.045588236302137375,4.845588207244873
4742,0.04901960864663124,5.438725471496582
4743,0.030392156913876534,6.022058963775635
4744,0.036764707416296005,6.558823585510254
4745,0.02598039247095585,7.036764621734619
4746,0.03284313902258873,7.426470756530762
4747,0.020098039880394936,7.786764621734619
4748,0.01274509821087122,8.073529243469238
4749,0.01764705963432789,8.29411792755127
4750,0.008333333767950535,8.414216041564941
4751,0.01715686358511448,8.480392456054688
4752,0.0009803922148421407,8.421568870544434
4753,-0.0004901961074210703,8.328431129455566
4754,-0.0029411765281111,8.129901885986328
4755,-0.006862745154649019,7.901960849761963
4756,-0.015196078456938267,7.55637264251709
4757,-0.004411764908581972,7.120098114013672
4758,-0.019607843831181526,6.605391979217529
4759,-0.02500000037252903,6.053921699523926
4760,-0.027450980618596077,5.416666507720947
4761,-0.04362745210528374,4.757352828979492
4762,-0.03529411926865578,4.044117450714111
4763,-0.03235294297337532,3.286764621734619
4764,-0.04264706000685692,2.4264705181121826
4765,-0.046078432351350784,1.625
4766,-0.04117647185921669,0.813725471496582
4767,-0.04117647185921669,-0.06862745434045792
4768,-0.05147058889269829,-0.936274528503418
4769,-0.05931372568011284,-1.747549057006836
4770,-0.05245098099112511,-2.5808823108673096
4771,-0.05049019679427147,-3.3284313678741455
4772,-0.05049019679427147,-4.115196228027344
4773,-0.062254901975393295,-4.786764621734619
4774,-0.04754902049899101,-5.438725471496582
4775,-0.04215686395764351,-6.036764621734619
4776,-0.04019607976078987,-6.509803771972656
4777,-0.029901960864663124,-6.953431606292725
4778,-0.03235294297337532,-7.325980186462402
4779,-0.020098039880394936,-7.580882549285889
4780,-0.01764705963432789,-7.774509906768799
4781,-0.013725490309298038,-7.867647171020508
4782,-0.021568628028035164,-7.835784435272217
4783,-0.006862745154649019,-7.80637264251709
4784,-0.04803921654820442,-7.598039150238037
4785,0.009313725866377354,-7.360294342041016
4786,-0.019607843831181526,-7.046568393707275
4787,0.008823529817163944,-6.620098114013672
4788,0.009313725866377354,-6.139705657958984
4789,0.018627451732754707,-5.593137264251709
4790,0.01617647148668766,-5.01225471496582
4791,0.022549020126461983,-4.340686321258545
4792,0.027450980618596077,-3.6078431606292725
4793,0.03235294297337532,-2.875
4794,0.030882352963089943,-2.100490093231201
4795,0.04215686395764351,-1.3284313678741455
4796,0.04068627581000328,-0.5196078419685364
4797,0.03382353112101555,0.30392158031463623
4798,0.04264706000685692,1.1078431606292725
4799,0.04068627581000328,1.8504902124404907
4800,0.0049019609577953815,2.661764621734619
4801,0.03284313902258873,3.3651959896087646
4802,0.027941176667809486,4.051470756530762
4803,0.04754902049899101,4.752450942993164
4804,0.03480392321944237,5.291666507720947
4805,0.03284313902258873,5.884803771972656
4806,0.027941176667809486,6.365196228027344
4807,0.03235294297337532,6.845588207244873
4808,0.01715686358511448,7.223039150238037
4809,0.015196078456938267,7.522058963775635
4810,0.018627451732754707,7.769608020782471
4811,0.0117647061124444,7.970588207244873
4812,0.009313725866377354,8.073529243469238
4813,0.009313725866377354,8.164216041564941
4814,0.01274509821087122,8.102941513061523
4815,0.004411764908581972,8.053921699523926
4816,-0.0024509804788976908,7.894608020782471
4817,-0.007843137718737125,7.69362735748291
4818,-0.01617647148668766,7.389705657958984
4819,-0.01764705963432789,7.149509906768799
4820,-0.01617647148668766,6.742647171020508
4821,-0.021078431978821754,6.392157077789307
4822,-0.019607843831181526,5.941176414489746
4823,-0.02401960827410221,5.458333492279053
4824,-0.030392156913876534,4.928921699523926
4825,-0.02500000037252903,4.392157077789307
4826,-0.029901960864663124,3.8308823108673096
4827,-0.03235294297337532,3.213235378265381
4828,-0.03872549161314964,2.598039150238037
4829,-0.03431372717022896,1.938725471496582
4830,-0.046078432351350784,1.3308823108673096
4831,-0.038235295563936234,0.6495097875595093
4832,-0.045098040252923965,0.02450980432331562
4833,-0.05000000074505806,-0.6200980544090271
4834,-0.028921568766236305,-1.2573529481887817
4835,-0.02401960827410221,-1.8553920984268188
4836,1.1426470279693604,-2.2990195751190186
4837,0.9112744927406311,-2.8921568393707275
4838,-0.1352941244840622,-3.6127450466156006
4839,0.8151960968971252,-4.078431606292725
4840,-0.136274516582489,-4.634803771972656
4841,0.21519607305526733,-5.080882549285889
4842,0.07401961088180542,-5.514705657958984
4843,0.00147058826405555,-5.875
4844,0.0676470622420311,-6.215686321258545
4845,-0.014705882407724857,-6.509803771972656
4846,0.03235294297337532,-6.75
4847,-0.005392157007008791,-6.86274528503418
4848,-0.007843137718737125,-7.036764621734619
4849,0.01666666753590107,-7.05637264251709
4850,-0.0009803922148421407,-7.06862735748291
4851,-0.004411764908581972,-7.004901885986328
4852,0.008823529817163944,-6.865196228027344
4853,-0.01274509821087122,-6.691176414489746
4854,0.0004901961074210703,-6.426470756530762
4855,0.018137255683541298,-6.071078300476074
4856,-0.007843137718737125,-5.691176414489746
4857,0.022549020126461983,-5.240196228027344
4858,0.015196078456938267,-4.764705657958984
4859,0.02401960827410221,-4.176470756530762
4860,0.026470588520169258,-3.5759804248809814
4861,0.027450980618596077,-2.9460785388946533
4862,0.029901960864663124,-2.274509906768799
4863,0.0313725508749485,-1.5833333730697632
4864,0.02450980432331562,-0.811274528503418
4865,0.05000000074505806,-0.06372549384832382
4866,0.036764707416296005,0.7034313678741455
4867,0.036764707416296005,1.5
4868,0.04313725605607033,2.252450942993164
4869,0.038235295563936234,3.024509906768799
4870,0.04901960864663124,3.7622549533843994
4871,0.037745099514722824,4.502450942993164
4872,0.03970588371157646,5.18137264251709
4873,0.03921568766236305,5.821078300476074
4874,0.0416666679084301,6.365196228027344
4875,0.03333333507180214,6.985294342041016
4876,0.02549019642174244,7.411764621734619
4877,0.02549019642174244,7.86274528503418
4878,0.021568628028035164,8.245098114013672
4879,0.027450980618596077,8.536765098571777
4880,-0.018137255683541298,8.754901885986328
4881,0.0,8.924019813537598
4882,0.030882352963089943,8.970588684082031
4883,-0.014705882407724857,9.0
4884,0.0024509804788976908,8.884803771972656
4885,-0.013235294260084629,8.740196228027344
4886,-0.01225490216165781,8.48774528503418
4887,-0.011274510063230991,8.18137264251709
4888,-0.019607843831181526,7.801470756530762
4889,-0.022549020126461983,7.382352828979492
4890,-0.021568628028035164,6.904411792755127
4891,-0.022549020126461983,6.316176414489746
4892,-0.027941176667809486,5.794117450714111
4893,-0.03333333507180214,5.11274528503418
4894,-0.04117647185921669,4.48774528503418
4895,-0.035784315317869186,3.8039214611053467
4896,-0.04264706000685692,3.1102941036224365
4897,-0.045588236302137375,2.399509906768799
4898,-0.03921568766236305,1.6470588445663452
4899,-0.046078432351350784,0.904411792755127
4900,-0.05049019679427147,0.18627451360225677
4901,-0.04264706000685692,-0.4828431308269501
4902,-0.03970588371157646,-1.1740195751190186
4903,-0.04313725605607033,-1.8480392694473267
4904,-0.045098040252923965,-2.526960849761963
4905,-0.04313725605607033,-3.061274528503418
4906,-0.03333333507180214,-3.6642158031463623
4907,0.07450980693101883,-4.149509906768799
4908,0.6833333373069763,-4.61274528503418
4909,-0.125,-5.06862735748291
4910,0.1612745076417923,-5.507352828979492
4911,0.135784313082695,-5.803921699523926
4912,-0.06568627804517746,-6.107842922210693
4913,0.0730392187833786,-6.372549057006836
4914,0.04215686395764351,-6.541666507720947
4915,-0.03480392321944237,-6.688725471496582
4916,0.062745101749897,-6.838235378265381
4917,-0.03970588371157646,-6.870098114013672
4918,0.021568628028035164,-6.843137264251709
4919,0.0029411765281111,-6.784313678741455
4920,0.0,-6.696078300476074
4921,0.0,-6.502450942993164
4922,0.00147058826405555,-6.330882549285889
4923,0.0019607844296842813,-6.120098114013672
4924,0.0024509804788976908,-5.813725471496582
4925,-0.0004901961074210703,-5.524509906768799
4926,0.0034313725773245096,-5.13725471496582
4927,0.004411764908581972,-4.786764621734619
4928,0.01225490216165781,-4.350490093231201
4929,0.010784314014017582,-3.93137264251709
4930,0.011274510063230991,-3.44362735748291
4931,0.020098039880394936,-2.968137264251709
4932,0.013725490309298038,-2.399509906768799
4933,0.022058824077248573,-1.872549057006836
4934,0.03480392321944237,-1.2867647409439087
4935,0.028921568766236305,-0.6936274766921997
4936,0.02401960827410221,-0.125
4937,0.03382353112101555,0.5122548937797546
4938,0.021078431978821754,1.1102941036224365
4939,0.030882352963089943,1.7279411554336548
4940,0.029901960864663124,2.30637264251709
4941,0.02401960827410221,2.9264705181121826
4942,0.020588235929608345,3.563725471496582
4943,0.03480392321944237,4.134803771972656
4944,0.02450980432331562,4.671568393707275
4945,0.02549019642174244,5.23774528503418
4946,0.03284313902258873,5.811274528503418
4947,0.030392156913876534,6.274509906768799
4948,0.02549019642174244,6.740196228027344
4949,0.019117647781968117,7.147058963775635
4950,0.020588235929608345,7.578431606292725
4951,0.01666666753590107,7.872549057006836
4952,0.010784314014017582,8.18137264251709
4953,0.01715686358511448,8.379901885986328
4954,0.01715686358511448,8.55637264251709
4955,0.0024509804788976908,8.683823585510254
4956,0.0058823530562222,8.72549057006836
4957,0.0058823530562222,8.713234901428223
4958,-0.007843137718737125,8.634803771972656
4959,-0.008333333767950535,8.497549057006836
4960,-0.01274509821087122,8.284314155578613
4961,-0.013235294260084629,8.046568870544434
4962,-0.021078431978821754,7.740196228027344
4963,-0.013725490309298038,7.296568393707275
4964,-0.028431372717022896,6.904411792755127
4965,-0.029411764815449715,6.36274528503418
4966,-0.02500000037252903,5.830882549285889
4967,-0.036274511367082596,5.247549057006836
4968,-0.0416666679084301,4.602941036224365
4969,-0.026960784569382668,3.995098114013672
4970,-0.5156862735748291,3.242647171020508
4971,-0.8083333373069763,2.5196077823638916
4972,0.4843137264251709,1.875
4973,-1.128921627998352,1.0514706373214722
4974,0.6176470518112183,0.4436274468898773
4975,-0.5377451181411743,-0.3333333432674408
4976,0.1509803980588913,-1.0269607305526733
4977,-0.19558823108673096,-1.75
4978,-0.11519607901573181,-2.4779412746429443
4979,-0.0024509804788976908,-3.0808823108673096
4980,-0.09803921729326248,-3.747549057006836
4981,-0.053921569138765335,-4.301470756530762
4982,-0.03431372717022896,-4.799019813537598
4983,-0.08235294371843338,-5.284313678741455
4984,-0.018627451732754707,-5.718137264251709
4985,-0.05588235333561897,-6.13725471496582
4986,-0.03872549161314964,-6.475490093231201
4987,-0.026960784569382668,-6.705882549285889
4988,-0.022549020126461983,-6.950980186462402
4989,-0.021568628028035164,-7.125
4990,-0.026470588520169258,-7.232842922210693
4991,-0.018627451732754707,-7.311274528503418
4992,-0.0058823530562222,-7.286764621734619
4993,-0.0117647061124444,-7.286764621734619
4994,-0.0034313725773245096,-7.18137264251709
4995,0.0004901961074210703,-7.024509906768799
4996,0.0058823530562222,-6.801470756530762
4997,-0.0024509804788976908,-6.615196228027344
4998,0.003921568859368563,-6.308823585510254
4999,0.006862745154649019,-5.992647171020508
5000,0.008823529817163944,-5.61274528503418
5001,0.014215686358511448,-5.289215564727783
5002,0.021078431978821754,-4.870098114013672
5003,0.018137255683541298,-4.441176414489746
5004,0.018137255683541298,-4.0
5005,0.014705882407724857,-3.504901885986328
5006,0.019607843831181526,-3.031862735748291
5007,0.028431372717022896,-2.5490195751190186
5008,0.03186274692416191,-2.0147058963775635
5009,0.02401960827410221,-1.5220588445663452
5010,0.020588235929608345,-0.9583333134651184
5011,0.01715686358511448,-0.40441176295280457
5012,0.027941176667809486,0.09558823704719543
5013,0.02401960827410221,0.6200980544090271
5014,0.020098039880394936,1.183823585510254
5015,0.026470588520169258,1.6789215803146362
5016,0.023039216175675392,2.245098114013672
5017,0.0313725508749485,2.75
5018,0.0313725508749485,3.2696077823638916
5019,0.01568627543747425,3.7647058963775635
5020,0.02598039247095585,4.289215564727783
5021,-0.018137255683541298,4.747549057006836
5022,0.06911765038967133,5.227941036224365
5023,-0.007843137718737125,5.68137264251709
5024,0.04362745210528374,6.098039150238037
5025,0.013725490309298038,6.504901885986328
5026,0.019607843831181526,6.848039150238037
5027,0.0235294122248888,7.171568393707275
5028,0.010294117964804173,7.482842922210693
5029,0.018137255683541298,7.759803771972656
5030,0.01764705963432789,8.022058486938477
5031,0.015196078456938267,8.159314155578613
5032,0.004411764908581972,8.36274528503418
5033,0.009313725866377354,8.45588207244873
5034,0.0058823530562222,8.482843399047852
5035,0.00637254910543561,8.490196228027344
5036,-0.004411764908581972,8.441176414489746
5037,-0.0058823530562222,8.338234901428223
5038,-0.0049019609577953815,8.230392456054688
5039,-0.01568627543747425,8.03186321258545
5040,-0.018627451732754707,7.713235378265381
5041,-0.022549020126461983,7.473039150238037
5042,-0.022058824077248573,7.075980186462402
5043,0.04362745210528374,6.674019813537598
5044,0.4112745225429535,6.279411792755127
5045,-0.17107842862606049,5.730391979217529
5046,0.062254901975393295,5.154411792755127
5047,0.18039216101169586,4.654411792755127
5048,-0.1764705926179886,4.049019813537598
5049,0.08725490421056747,3.411764621734619
5050,-0.14460784196853638,2.69362735748291
5051,-0.035784315317869186,2.0441176891326904
5052,-0.03431372717022896,1.406862735748291
5053,-0.11568627506494522,0.6985294222831726
5054,-0.004411764908581972,0.0
5055,-0.053431373089551926,-0.6421568393707275
5056,-0.045098040252923965,-1.308823585510254
5057,-0.03284313902258873,-1.9828431606292725
5058,-0.046078432351350784,-2.593137264251709
5059,-0.04117647185921669,-3.247549057006836
5060,-0.04117647185921669,-3.8014705181121826
5061,-0.03872549161314964,-4.325980186462402
5062,-0.04019607976078987,-4.843137264251709
5063,-0.023039216175675392,-5.279411792755127
5064,-0.027450980618596077,-5.683823585510254
5065,-0.026470588520169258,-6.085784435272217
5066,-0.01617647148668766,-6.397058963775635
5067,-0.008333333767950535,-6.678921699523926
5068,-0.02450980432331562,-6.916666507720947
5069,0.009803921915590763,-7.093137264251709
5070,-0.01568627543747425,-7.252450942993164
5071,-0.0058823530562222,-7.281862735748291
5072,-0.006862745154649019,-7.330882549285889
5073,0.006862745154649019,-7.296568393707275
5074,0.00147058826405555,-7.225490093231201
5075,0.0058823530562222,-7.151960849761963
5076,0.008823529817163944,-7.019608020782471
5077,0.0004901961074210703,-6.872549057006836
5078,-0.0009803922148421407,-6.632352828979492
5079,0.004411764908581972,-6.392157077789307
5080,0.0058823530562222,-6.071078300476074
5081,0.0049019609577953815,-5.816176414489746
5082,0.009313725866377354,-5.477941036224365
5083,0.0049019609577953815,-5.066176414489746
5084,0.011274510063230991,-4.710784435272217
5085,0.0117647061124444,-4.370098114013672
5086,0.023039216175675392,-3.9289214611053467
5087,0.02549019642174244,-3.504901885986328
5088,0.023039216175675392,-3.1151959896087646
5089,-0.022058824077248573,-2.6470587253570557
5090,0.019607843831181526,-2.2377450466156006
5091,0.0,-1.7303920984268188
5092,0.007352941203862429,-1.284313678741455
5093,0.0235294122248888,-0.8014705777168274
5094,0.02598039247095585,-0.27941176295280457
5095,0.020098039880394936,0.16911764442920685
5096,0.01666666753590107,0.6593137383460999
5097,0.022549020126461983,1.1127450466156006
5098,0.028921568766236305,1.683823585510254
5099,0.020098039880394936,2.132352828979492
5100,0.02450980432331562,2.651960849761963
5101,0.02450980432331562,3.161764621734619
5102,0.026470588520169258,3.617647171020508
5103,0.027450980618596077,4.110294342041016
5104,0.01666666753590107,4.620098114013672
5105,0.02598039247095585,5.019608020782471
5106,0.02598039247095585,5.492647171020508
5107,0.01764705963432789,5.933823585510254
5108,0.02549019642174244,6.308823585510254
5109,0.030882352963089943,6.705882549285889
5110,0.018137255683541298,7.073529243469238
5111,0.018627451732754707,7.411764621734619
5112,0.022058824077248573,7.747549057006836
5113,0.014215686358511448,8.051470756530762
5114,0.018137255683541298,8.242647171020508
5115,0.014705882407724857,8.438725471496582
5116,-0.022058824077248573,8.539216041564941
5117,-0.009313725866377354,8.674019813537598
5118,0.014705882407724857,8.72549057006836
5119,-0.010784314014017582,8.77450942993164
5120,-0.0024509804788976908,8.752450942993164
5121,-0.0029411765281111,8.644607543945312
5122,-0.0117647061124444,8.522058486938477
5123,-0.008823529817163944,8.299019813537598
5124,-0.013725490309298038,8.071078300476074
5125,0.0004901961074210703,7.784313678741455
5126,-0.02598039247095585,7.502450942993164
5127,-0.01225490216165781,7.122549057006836
5128,-0.04068627581000328,6.705882549285889
5129,-0.03382353112101555,6.26225471496582
5130,-0.027450980618596077,5.75
5131,-0.02549019642174244,5.254901885986328
5132,-0.04754902049899101,4.700980186462402
5133,-0.03529411926865578,4.122549057006836
5134,-0.04019607976078987,3.5196077823638916
5135,-0.03872549161314964,2.963235378265381
5136,-0.03970588371157646,2.284313678741455
5137,-0.03872549161314964,1.7034313678741455
5138,-0.05539215728640556,1.1029411554336548
5139,-0.045098040252923965,0.48774510622024536
5140,-0.04019607976078987,-0.11029411852359772
5141,-0.036274511367082596,-0.6936274766921997
5142,-0.036274511367082596,-1.2671568393707275
5143,-0.038235295563936234,-1.8063725233078003
5144,-0.03872549161314964,-2.367647171020508
5145,-0.03431372717022896,-2.8578431606292725
5146,-0.03970588371157646,-3.313725471496582
5147,-0.03529411926865578,-3.7916667461395264
5148,-0.035784315317869186,-4.198529243469238
5149,-0.026960784569382668,-4.580882549285889
5150,-0.03333333507180214,-4.975490093231201
5151,-0.03186274692416191,-5.284313678741455
5152,-0.029901960864663124,-5.566176414489746
5153,-0.022058824077248573,-5.799019813537598
5154,-0.036274511367082596,-6.036764621734619
5155,-0.02549019642174244,-6.225490093231201
5156,-0.019117647781968117,-6.372549057006836
5157,-0.010294117964804173,-6.56862735748291
5158,-0.0235294122248888,-6.593137264251709
5159,-0.014705882407724857,-6.708333492279053
5160,-0.005392157007008791,-6.732842922210693
5161,-0.010294117964804173,-6.786764621734619
5162,-0.010784314014017582,-6.786764621734619
5163,-0.0004901961074210703,-6.769608020782471
5164,-0.0034313725773245096,-6.740196228027344
5165,-0.010784314014017582,-6.651960849761963
5166,-0.005392157007008791,-6.585784435272217
5167,-0.0019607844296842813,-6.428921699523926
5168,-0.00147058826405555,-6.313725471496582
5169,-0.0009803922148421407,-6.18137264251709
5170,0.005392157007008791,-6.014705657958984
5171,0.0049019609577953815,-5.86274528503418
5172,-0.0029411765281111,-5.607842922210693
5173,0.00637254910543561,-5.338235378265381
5174,0.003921568859368563,-5.071078300476074
5175,0.007843137718737125,-4.808823585510254
5176,0.0058823530562222,-4.475490093231201
5177,0.03284313902258873,-4.127450942993164
5178,0.00147058826405555,-3.80637264251709
5179,0.021568628028035164,-3.4240195751190186
5180,-0.07892157137393951,-2.992647171020508
5181,0.0058823530562222,-2.563725471496582
5182,-0.027941176667809486,-2.0735294818878174
5183,0.030882352963089943,-1.622549057006836
5184,0.006862745154649019,-1.1127450466156006
5185,0.01568627543747425,-0.6200980544090271
5186,0.02500000037252903,-0.05637254938483238
5187,0.04264706000685692,0.4901960790157318
5188,0.026960784569382668,1.029411792755127
5189,0.01715686358511448,1.6495097875595093
5190,0.021078431978821754,2.1470587253570557
5191,0.037254903465509415,2.7303922176361084
5192,0.030392156913876534,3.284313678741455
5193,0.027941176667809486,3.848039150238037
5194,0.03431372717022896,4.389705657958984
5195,0.03480392321944237,4.904411792755127
5196,0.0313725508749485,5.367647171020508
5197,0.028921568766236305,5.901960849761963
5198,0.036274511367082596,6.345588207244873
5199,0.0313725508749485,6.769608020782471
5200,0.028921568766236305,7.174019813537598
5201,0.022549020126461983,7.51225471496582
5202,0.02401960827410221,7.81862735748291
5203,0.022058824077248573,8.08088207244873
5204,0.010784314014017582,8.328431129455566
5205,0.010784314014017582,8.529411315917969
5206,0.006862745154649019,8.710783958435059
5207,0.010294117964804173,8.769607543945312
5208,0.010784314014017582,8.835783958435059
5209,0.015196078456938267,8.796568870544434
5210,0.0,8.789216041564941
5211,0.0,8.698529243469238
5212,0.003921568859368563,8.585783958435059
5213,-0.003921568859368563,8.41911792755127
5214,-0.007843137718737125,8.257352828979492
5215,0.0029411765281111,8.049019813537598
5216,-0.010294117964804173,7.830882549285889
5217,-0.0058823530562222,7.526960849761963
5218,-0.01764705963432789,7.215686321258545
5219,-0.01715686358511448,6.86274528503418
5220,-0.026960784569382668,6.544117450714111
5221,-0.027941176667809486,6.220588207244873
5222,-0.009803921915590763,5.870098114013672
5223,-0.027450980618596077,5.475490093231201
5224,-0.02549019642174244,5.083333492279053
5225,-0.013725490309298038,4.698529243469238
5226,-0.01666666753590107,4.328431606292725
5227,-0.027450980618596077,3.965686321258545
5228,-0.01666666753590107,3.5220587253570557
5229,-0.020588235929608345,3.1397058963775635
5230,-0.013725490309298038,2.723039150238037
5231,-0.03382353112101555,2.340686321258545
5232,-0.011274510063230991,1.9191176891326904
5233,-0.027941176667809486,1.5171568393707275
5234,-0.018627451732754707,1.1470588445663452
5235,-0.02549019642174244,0.7647058963775635
5236,-0.030392156913876534,0.3014705777168274
5237,-0.021568628028035164,-0.03921568766236305
5238,-0.020098039880394936,-0.4264705777168274
5239,-0.02598039247095585,-0.8308823704719543
5240,-0.010294117964804173,-1.2671568393707275
5241,-0.030882352963089943,-1.6078431606292725
5242,-0.02549019642174244,-2.031862735748291
5243,-0.026470588520169258,-2.468137264251709
5244,-0.029411764815449715,-2.840686321258545
5245,-0.027941176667809486,-3.2598040103912354
5246,-0.0235294122248888,-3.632352828979492
5247,-0.029901960864663124,-4.029411792755127
5248,-0.029411764815449715,-4.450980186462402
5249,-0.019117647781968117,-4.784313678741455
5250,-0.022549020126461983,-5.159313678741455
5251,-0.02549019642174244,-5.553921699523926
5252,-0.009313725866377354,-5.835784435272217
5253,-0.015196078456938267,-6.205882549285889
5254,-0.021568628028035164,-6.490196228027344
5255,-0.019117647781968117,-6.774509906768799
5256,-0.02598039247095585,-7.044117450714111
5257,-0.02500000037252903,-7.220588207244873
5258,-0.018627451732754707,-7.441176414489746
5259,-0.01617647148668766,-7.580882549285889
5260,-0.009803921915590763,-7.718137264251709
5261,-0.011274510063230991,-7.772058963775635
5262,-0.0058823530562222,-7.833333492279053
5263,-0.005392157007008791,-7.823529243469238
5264,-0.0004901961074210703,-7.799019813537598
5265,0.0058823530562222,-7.715686321258545
5266,0.0,-7.598039150238037
5267,-0.00147058826405555,-7.458333492279053
5268,0.0,-7.291666507720947
5269,0.005392157007008791,-6.980391979217529
5270,0.00637254910543561,-6.710784435272217
5271,0.005392157007008791,-6.392157077789307
5272,0.01225490216165781,-6.102941036224365
5273,0.0049019609577953815,-5.700980186462402
5274,0.01617647148668766,-5.269608020782471
5275,0.01225490216165781,-4.860294342041016
5276,0.022549020126461983,-4.404411792755127
5277,0.003921568859368563,-3.9852941036224365
5278,0.05980392172932625,-3.5220587253570557
5279,0.019607843831181526,-3.0490195751190186
5280,0.030392156913876534,-2.526960849761963
5281,0.005392157007008791,-2.1348040103912354
5282,0.018627451732754707,-1.5980392694473267
5283,0.027941176667809486,-1.1200979948043823
5284,0.0117647061124444,-0.6960784196853638
5285,0.014705882407724857,-0.2083333283662796
5286,0.026470588520169258,0.25
5287,0.019117647781968117,0.7107843160629272
5288,0.01568627543747425,1.1053920984268188
5289,0.013725490309298038,1.5833333730697632
5290,0.022549020126461983,1.9142156839370728
5291,0.010294117964804173,2.3235294818878174
5292,0.02500000037252903,2.6691176891326904
5293,0.018137255683541298,3.0490195751190186
5294,0.009803921915590763,3.375
5295,0.02401960827410221,3.661764621734619
5296,0.014705882407724857,4.034313678741455
5297,0.01715686358511448,4.289215564727783
5298,0.015196078456938267,4.625
5299,0.015196078456938267,4.875
5300,0.021568628028035164,5.188725471496582
5301,0.0,5.428921699523926
5302,0.0004901961074210703,5.68137264251709
5303,0.009803921915590763,5.977941036224365
5304,0.010294117964804173,6.200980186462402
5305,0.0029411765281111,6.470588207244873
5306,0.008333333767950535,6.669117450714111
5307,0.01568627543747425,6.899509906768799
5308,0.005392157007008791,7.132352828979492
5309,0.01274509821087122,7.350490093231201
5310,0.0009803922148421407,7.541666507720947
5311,0.01715686358511448,7.757352828979492
5312,0.018137255683541298,7.897058963775635
5313,-0.01274509821087122,8.075980186462402
5314,0.01666666753590107,8.22549057006836
5315,0.003921568859368563,8.34313678741455
5316,-0.0024509804788976908,8.41911792755127
5317,0.007352941203862429,8.541666984558105
5318,-0.00637254910543561,8.571078300476074
5319,0.0034313725773245096,8.602941513061523
5320,0.00147058826405555,8.588234901428223
5321,-0.00637254910543561,8.526960372924805
5322,-0.014215686358511448,8.450980186462402
5323,0.015196078456938267,8.340685844421387
5324,-0.03970588371157646,8.183823585510254
5325,0.022058824077248573,8.004901885986328
5326,-0.022058824077248573,7.786764621734619
5327,-0.004411764908581972,7.531862735748291
5328,-0.4583333432674408,7.210784435272217
5329,-1.7833333015441895,6.821078300476074
5330,0.7892156839370728,6.585784435272217
5331,-1.2642157077789307,6.159313678741455
5332,0.19901961088180542,5.796568393707275
5333,-0.28480392694473267,5.448529243469238
5334,-0.0833333358168602,4.914215564727783
5335,-0.12107843160629272,4.492647171020508
5336,-0.08088235557079315,4.049019813537598
5337,-0.09803921729326248,3.5490195751190186
5338,-0.004411764908581972,3.066176414489746
5339,-0.1352941244840622,2.5539214611053467
5340,0.019607843831181526,2.093137264251709
5341,-0.07500000298023224,1.6299020051956177
5342,-0.037254903465509415,1.1102941036224365
5343,-0.03480392321944237,0.6348039507865906
5344,-0.04852941259741783,0.19607843458652496
5345,-0.030392156913876534,-0.2696078419685364
5346,-0.04068627581000328,-0.6348039507865906
5347,-0.03529411926865578,-1.0833333730697632
5348,-0.029901960864663124,-1.4926470518112183
5349,-0.04264706000685692,-1.8284313678741455
5350,-0.020098039880394936,-2.1960785388946533
5351,-0.03431372717022896,-2.598039150238037
5352,-0.02500000037252903,-2.8602941036224365
5353,-0.026960784569382668,-3.161764621734619
5354,-0.026470588520169258,-3.4166667461395264
5355,-0.026470588520169258,-3.7328431606292725
5356,-0.02401960827410221,-3.9240195751190186
5357,-0.02401960827410221,-4.178921699523926
5358,-0.02549019642174244,-4.438725471496582
5359,-0.01666666753590107,-4.625
5360,-0.01274509821087122,-4.81862735748291
5361,-0.022549020126461983,-5.071078300476074
5362,-0.020098039880394936,-5.18137264251709
5363,-0.029901960864663124,-5.416666507720947
5364,-0.01617647148668766,-5.536764621734619
5365,-0.01715686358511448,-5.759803771972656
5366,-0.007352941203862429,-5.936274528503418
5367,-0.026960784569382668,-6.078431606292725
5368,-0.006862745154649019,-6.264705657958984
5369,-0.015196078456938267,-6.424019813537598
5370,-0.01666666753590107,-6.598039150238037
5371,-0.01617647148668766,-6.727941036224365
5372,-0.01715686358511448,-6.877450942993164
5373,-0.0235294122248888,-6.982842922210693
5374,-0.01764705963432789,-7.102941036224365
5375,-0.009313725866377354,-7.186274528503418
5376,-0.004411764908581972,-7.23774528503418
5377,-0.021568628028035164,-7.36274528503418
5378,-0.013235294260084629,-7.424019813537598
5379,-0.015196078456938267,-7.360294342041016
5380,-0.013235294260084629,-7.436274528503418
5381,-0.008333333767950535,-7.365196228027344
5382,-0.00637254910543561,-7.30637264251709
5383,-0.0019607844296842813,-7.213235378265381
5384,-0.0029411765281111,-7.073529243469238
5385,0.0,-6.909313678741455
5386,0.00147058826405555,-6.747549057006836
5387,0.00147058826405555,-6.534313678741455
5388,0.0049019609577953815,-6.272058963775635
5389,0.0029411765281111,-5.94362735748291
5390,0.011274510063230991,-5.708333492279053
5391,0.009803921915590763,-5.350490093231201
5392,0.004411764908581972,-4.970588207244873
5393,0.029901960864663124,-4.585784435272217
5394,-0.0058823530562222,-4.200980186462402
5395,0.036274511367082596,-3.784313678741455
5396,0.010294117964804173,-3.3210785388946533
5397,0.010294117964804173,-2.8946077823638916
5398,0.021568628028035164,-2.436274528503418
5399,0.020098039880394936,-2.0
5400,0.01764705963432789,-1.5539215803146362
5401,0.018137255683541298,-1.0882352590560913
5402,0.022058824077248573,-0.6446078419685364
5403,0.01666666753590107,-0.18627451360225677
5404,0.028431372717022896,0.2598039209842682
5405,-0.027941176667809486,0.6348039507865906
5406,-0.4112745225429535,1.0392156839370728
5407,0.3745098114013672,1.4803920984268188
5408,-0.23284313082695007,1.808823585510254
5409,0.08431372791528702,2.125
5410,0.045588236302137375,2.5220587253570557
5411,-0.0887254923582077,2.8014705181121826
5412,0.01225490216165781,3.125
5413,0.05539215728640556,3.3872549533843994
5414,-0.0519607849419117,3.6691176891326904
5415,0.04019607976078987,3.877450942993164
5416,-0.027450980618596077,4.122549057006836
5417,0.01666666753590107,4.365196228027344
5418,0.0004901961074210703,4.600490093231201
5419,0.013235294260084629,4.796568393707275
5420,-0.004411764908581972,4.985294342041016
5421,0.007843137718737125,5.19362735748291
5422,-0.0024509804788976908,5.399509906768799
5423,0.007352941203862429,5.605391979217529
5424,-0.0029411765281111,5.781862735748291
5425,0.009803921915590763,5.982842922210693
5426,0.004411764908581972,6.196078300476074
5427,0.0058823530562222,6.455882549285889
5428,-0.0024509804788976908,6.627450942993164
5429,0.006862745154649019,6.80637264251709
5430,0.008333333767950535,7.026960849761963
5431,0.00147058826405555,7.245098114013672
5432,0.0029411765281111,7.475490093231201
5433,0.004411764908581972,7.656862735748291
5434,0.0029411765281111,7.801470756530762
5435,0.00147058826405555,8.0
5436,0.014705882407724857,8.196078300476074
5437,0.013725490309298038,8.333333015441895
5438,0.0019607844296842813,8.480392456054688
5439,0.005392157007008791,8.610294342041016
5440,0.004411764908581972,8.727941513061523
5441,0.0009803922148421407,8.789216041564941
5442,0.00147058826405555,8.840685844421387
5443,0.0009803922148421407,8.867647171020508
5444,0.00637254910543561,8.857843399047852
5445,-0.006862745154649019,8.845588684082031
5446,-0.005392157007008791,8.764705657958984
5447,-0.021078431978821754,8.64950942993164
5448,-0.0009803922148421407,8.526960372924805
5449,-0.019117647781968117,8.426470756530762
5450,-0.003921568859368563,8.164216041564941
5451,-0.010784314014017582,7.990196228027344
5452,-0.020588235929608345,7.705882549285889
5453,-0.021078431978821754,7.480391979217529
5454,-0.022058824077248573,7.13725471496582
5455,-0.022549020126461983,6.821078300476074
5456,-0.021568628028035164,6.480391979217529
5457,-0.01715686358511448,6.127450942993164
5458,-0.01568627543747425,5.801470756530762
5459,-0.036764707416296005,5.460784435272217
5460,-0.0049019609577953815,5.041666507720947
5461,-0.04019607976078987,4.674019813537598
5462,0.05931372568011284,4.289215564727783
5463,1.1985293626785278,4.044117450714111
5464,-1.0583332777023315,3.5171568393707275
5465,1.1936274766921997,3.220588207244873
5466,-0.8039215803146362,2.8848040103912354
5467,0.34656861424446106,2.4852941036224365
5468,-0.11862745136022568,2.286764621734619
5469,0.01666666753590107,1.8676470518112183
5470,0.036274511367082596,1.5784313678741455
5471,-0.0573529414832592,1.3284313678741455
5472,-0.01225490216165781,1.0441176891326904
5473,0.045098040252923965,0.7745097875595093
5474,-0.07058823853731155,0.5147058963775635
5475,0.03235294297337532,0.3137255012989044
5476,-0.029901960864663124,0.06372549384832382
5477,-0.005392157007008791,-0.18382352590560913
5478,-0.010784314014017582,-0.406862735748291
5479,-0.03529411926865578,-0.6470588445663452
5480,-0.0049019609577953815,-0.8651960492134094
5481,-0.006862745154649019,-1.1053920984268188
5482,-0.026470588520169258,-1.313725471496582
5483,-0.013725490309298038,-1.5171568393707275
5484,-0.01715686358511448,-1.7696079015731812
5485,-0.014705882407724857,-2.029411792755127
5486,-0.030882352963089943,-2.286764621734619
5487,-0.023039216175675392,-2.598039150238037
5488,-0.02500000037252903,-2.8627450466156006
5489,-0.022549020126461983,-3.1642158031463623
5490,-0.01715686358511448,-3.433823585510254
5491,-0.014705882407724857,-3.7647058963775635
5492,-0.023039216175675392,-4.107842922210693
5493,-0.021078431978821754,-4.43137264251709
5494,-0.028431372717022896,-4.715686321258545
5495,-0.021078431978821754,-5.019608020782471
5496,-0.026960784569382668,-5.377450942993164
5497,-0.026470588520169258,-5.669117450714111
5498,-0.037254903465509415,-5.963235378265381
5499,-0.008823529817163944,-6.30637264251709
5500,-0.0470588244497776,-6.531862735748291
5501,-0.0009803922148421407,-6.803921699523926
5502,-0.03186274692416191,-7.058823585510254
5503,-0.0034313725773245096,-7.311274528503418
5504,-0.019607843831181526,-7.470588207244873
5505,-0.020588235929608345,-7.598039150238037
5506,-0.0034313725773245096,-7.75
5507,-0.003921568859368563,-7.872549057006836
5508,-0.006862745154649019,-7.946078300476074
5509,-0.005392157007008791,-8.014705657958984
5510,-0.0117647061124444,-8.014705657958984
5511,0.0024509804788976908,-7.98774528503418
5512,-0.0049019609577953815,-7.948529243469238
5513,-0.0029411765281111,-7.865196228027344
5514,-0.010784314014017582,-7.757352828979492
5515,-0.0049019609577953815,-7.63725471496582
5516,0.0019607844296842813,-7.534313678741455
5517,0.0009803922148421407,-7.352941036224365
5518,0.007843137718737125,-7.18137264251709
5519,0.00147058826405555,-6.960784435272217
5520,0.0,-6.786764621734619
5521,0.0019607844296842813,-6.583333492279053
5522,0.00147058826405555,-6.424019813537598
5523,0.008823529817163944,-6.154411792755127
5524,0.003921568859368563,-6.004901885986328
5525,0.0049019609577953815,-5.80637264251709
5526,-0.0019607844296842813,-5.593137264251709
5527,0.013235294260084629,-5.394608020782471
5528,0.004411764908581972,-5.235294342041016
5529,0.004411764908581972,-5.073529243469238
5530,-0.015196078456938267,-4.94362735748291
5531,-0.05686274543404579,-4.791666507720947
5532,0.3818627595901489,-4.644608020782471
5533,-0.46176469326019287,-4.517157077789307
5534,0.4230392277240753,-4.397058963775635
5535,-0.2450980395078659,-4.208333492279053
5536,0.09460784494876862,-4.11274528503418
5537,0.006862745154649019,-4.009803771972656
5538,-0.019117647781968117,-3.936274528503418
5539,0.052941177040338516,-3.723039150238037
5540,-0.013725490309298038,-3.6053922176361084
5541,-0.07107843458652496,-3.4191176891326904
5542,-0.05539215728640556,-3.245098114013672
5543,-0.036764707416296005,-3.1102941036224365
5544,-0.046078432351350784,-2.9142158031463623
5545,-0.009803921915590763,-2.691176414489746
5546,-0.011274510063230991,-2.438725471496582
5547,0.007843137718737125,-2.2034313678741455
5548,0.009803921915590763,-1.9215686321258545
5549,0.0029411765281111,-1.6348038911819458
5550,0.019117647781968117,-1.3063725233078003
5551,0.00147058826405555,-1.0147058963775635
5552,0.018137255683541298,-0.6446078419685364
5553,0.013725490309298038,-0.23774509131908417
5554,0.022058824077248573,0.05147058889269829
5555,0.02549019642174244,0.47058823704719543
5556,0.02500000037252903,0.8725489974021912
5557,0.019117647781968117,1.2916666269302368
5558,0.023039216175675392,1.7034313678741455
5559,0.01715686358511448,2.0759804248809814
5560,0.009313725866377354,2.463235378265381
5561,0.021078431978821754,2.9264705181121826
5562,0.03186274692416191,3.3039214611053467
5563,0.01715686358511448,3.656862735748291
5564,0.0235294122248888,3.995098114013672
5565,0.009313725866377354,4.36274528503418
5566,0.01715686358511448,4.602941036224365
5567,0.01568627543747425,4.946078300476074
5568,0.05000000074505806,5.235294342041016
5569,0.01617647148668766,5.465686321258545
5570,0.01225490216165781,5.634803771972656
5571,0.030882352963089943,5.855391979217529
5572,0.0009803922148421407,6.01225471496582
5573,0.01617647148668766,6.164215564727783
5574,0.009803921915590763,6.31862735748291
5575,0.008823529817163944,6.419117450714111
5576,0.005392157007008791,6.416666507720947
5577,-0.0009803922148421407,6.583333492279053
5578,0.0,6.575980186462402
5579,0.00637254910543561,6.632352828979492
5580,-0.010294117964804173,6.674019813537598
5581,0.006862745154649019,6.747549057006836
5582,-0.0004901961074210703,6.708333492279053
5583,0.011274510063230991,6.816176414489746
5584,0.0009803922148421407,6.828431606292725
5585,0.00147058826405555,6.872549057006836
5586,0.009803921915590763,6.906862735748291
5587,-0.005392157007008791,6.997549057006836
5588,0.015196078456938267,7.039215564727783
5589,-0.0019607844296842813,7.132352828979492
5590,0.00147058826405555,7.242647171020508
5591,0.009803921915590763,7.299019813537598
5592,0.006862745154649019,7.492647171020508
5593,0.0024509804788976908,7.593137264251709
5594,0.01764705963432789,7.69362735748291
5595,0.0058823530562222,7.860294342041016
5596,0.009313725866377354,7.985294342041016
5597,0.0117647061124444,8.11274528503418
5598,0.006862745154649019,8.259803771972656
5599,0.013725490309298038,8.401960372924805
5600,0.013725490309298038,8.519607543945312
5601,0.01666666753590107,8.659314155578613
5602,0.0,8.730392456054688
5603,0.005392157007008791,8.865196228027344
5604,0.0,8.877450942993164
5605,0.010784314014017582,8.91911792755127
5606,0.007352941203862429,8.924019813537598
5607,-0.015196078456938267,8.884803771972656
5608,-0.030882352963089943,8.845588684082031
5609,-0.004411764908581972,8.813725471496582
5610,0.011274510063230991,8.686274528503418
5611,-0.015196078456938267,8.553921699523926
5612,-0.011274510063230991,8.377450942993164
5613,-0.01568627543747425,8.267156600952148
5614,-0.03235294297337532,7.982842922210693
5615,0.0004901961074210703,7.816176414489746
5616,-0.03431372717022896,7.544117450714111
5617,-0.022058824077248573,7.267157077789307
5618,-0.0235294122248888,6.973039150238037
5619,-0.0117647061124444,6.676470756530762
5620,-0.022058824077248573,6.433823585510254
5621,-0.027450980618596077,6.078431606292725
5622,-0.022549020126461983,5.813725471496582
5623,-0.02549019642174244,5.529411792755127
5624,-0.021568628028035164,5.205882549285889
5625,-0.02549019642174244,4.953431606292725
5626,-0.02450980432331562,4.69362735748291
5627,-0.01764705963432789,4.477941036224365
5628,-0.01274509821087122,4.188725471496582
5629,-0.020098039880394936,4.019608020782471
5630,-0.01274509821087122,3.8014705181121826
5631,-0.021078431978821754,3.590686321258545
5632,-0.00637254910543561,3.4289214611053467
5633,-0.009803921915590763,3.286764621734619
5634,-0.013235294260084629,3.154411792755127
5635,-0.01274509821087122,3.0514705181121826
5636,-0.020588235929608345,2.970588207244873
5637,-0.0117647061124444,2.8357841968536377
5638,-0.010294117964804173,2.747549057006836
5639,-0.014215686358511448,2.68137264251709
5640,-0.01568627543747425,2.5710785388946533
5641,-0.007843137718737125,2.492647171020508
5642,-0.007843137718737125,2.399509906768799
5643,-0.008823529817163944,2.2647058963775635
5644,-0.014215686358511448,2.1960785388946533
5645,-0.01715686358511448,2.0710785388946533
5646,-0.01225490216165781,1.8578431606292725
5647,-0.01568627543747425,1.6960784196853638
5648,-0.010784314014017582,1.5735293626785278
5649,-0.014215686358511448,1.3700979948043823
5650,-0.0117647061124444,1.1151961088180542
5651,-0.020588235929608345,0.8357843160629272
5652,-0.020588235929608345,0.5808823704719543
5653,-0.018627451732754707,0.27450981736183167
5654,-0.018137255683541298,-0.03921568766236305
5655,-0.03382353112101555,-0.4313725531101227
5656,-0.019117647781968117,-0.7058823704719543
5657,-0.018137255683541298,-1.0441176891326904
5658,-0.026470588520169258,-1.433823585510254
5659,-0.03235294297337532,-1.781862735748291
5660,-0.029901960864663124,-2.090686321258545
5661,-0.020588235929608345,-2.468137264251709
5662,-0.02450980432331562,-2.877450942993164
5663,-0.0235294122248888,-3.1985294818878174
5664,-0.022549020126461983,-3.504901885986328
5665,-0.01568627543747425,-3.845588207244873
5666,-0.022058824077248573,-4.107842922210693
5667,-0.03284313902258873,-4.411764621734619
5668,-0.007843137718737125,-4.602941036224365
5669,-0.0235294122248888,-4.835784435272217
5670,-0.008333333767950535,-5.051470756530762
5671,-0.013725490309298038,-5.225490093231201
5672,-0.10000000149011612,-5.316176414489746
5673,-0.03921568766236305,-5.411764621734619
5674,-0.06029411777853966,-5.529411792755127
5675,-0.0024509804788976908,-5.561274528503418
5676,-0.011274510063230991,-5.632352828979492
5677,-0.009313725866377354,-5.620098114013672
5678,-0.01274509821087122,-5.627450942993164
5679,-0.00147058826405555,-5.632352828979492
5680,-0.0117647061124444,-5.56862735748291
5681,-0.0024509804788976908,-5.580882549285889
5682,-0.008333333767950535,-5.551470756530762
5683,-0.01225490216165781,-5.539215564727783
5684,0.005392157007008791,-5.529411792755127
5685,0.0034313725773245096,-5.539215564727783
5686,-0.0034313725773245096,-5.544117450714111
5687,0.0,-5.583333492279053
5688,-0.0034313725773245096,-5.566176414489746
5689,0.0009803922148421407,-5.627450942993164
5690,-0.0049019609577953815,-5.772058963775635
5691,0.0019607844296842813,-5.801470756530762
5692,-0.003921568859368563,-5.941176414489746
5693,-0.00147058826405555,-6.05637264251709
5694,-0.003921568859368563,-6.183823585510254
5695,0.0,-6.338235378265381
5696,-0.007843137718737125,-6.529411792755127
5697,0.0,-6.718137264251709
5698,-0.014705882407724857,-6.980391979217529
5699,-0.018137255683541298,-7.11274528503418
5700,-0.014215686358511448,-7.330882549285889
5701,-0.008823529817163944,-7.51225471496582
5702,-0.01764705963432789,-7.713235378265381
5703,-0.007843137718737125,-7.875
5704,-0.019117647781968117,-8.036765098571777
5705,-0.004411764908581972,-8.198529243469238
5706,-0.010294117964804173,-8.299019813537598
5707,-0.004411764908581972,-8.379901885986328
5708,-0.0024509804788976908,-8.453431129455566
5709,0.0058823530562222,-8.504901885986328
5710,-0.0034313725773245096,-8.48774528503418
5711,-0.011274510063230991,-8.485294342041016
5712,-0.009313725866377354,-8.463234901428223
5713,-0.003921568859368563,-8.34313678741455
5714,0.009313725866377354,-8.240196228027344
5715,-0.0049019609577953815,-8.117647171020508
5716,0.0024509804788976908,-7.901960849761963
5717,0.013725490309298038,-7.75
5718,0.003921568859368563,-7.563725471496582
5719,0.0029411765281111,-7.31862735748291
5720,0.0049019609577953815,-7.129901885986328
5721,0.022549020126461983,-6.86274528503418
5722,0.0058823530562222,-6.622549057006836
5723,0.008823529817163944,-6.401960849761963
5724,0.01666666753590107,-6.196078300476074
5725,0.007352941203862429,-5.941176414489746
5726,0.011274510063230991,-5.752450942993164
5727,0.020588235929608345,-5.566176414489746
5728,0.007352941203862429,-5.414215564727783
5729,0.006862745154649019,-5.259803771972656
5730,0.007352941203862429,-5.075980186462402
5731,0.0058823530562222,-5.036764621734619
5732,0.009803921915590763,-4.963235378265381
5733,0.0049019609577953815,-4.938725471496582
5734,0.0,-4.916666507720947
5735,-0.0024509804788976908,-4.897058963775635
5736,-0.006862745154649019,-4.867647171020508
5737,-0.0049019609577953815,-4.94362735748291
5738,-0.0009803922148421407,-4.970588207244873
5739,-0.005392157007008791,-5.029411792755127
5740,-0.0029411765281111,-5.066176414489746
5741,-0.008333333767950535,-5.127450942993164
5742,-0.01274509821087122,-5.215686321258545
5743,-0.01568627543747425,-5.257352828979492
5744,-0.03431372717022896,-5.26225471496582
5745,-0.013235294260084629,-5.274509906768799
5746,-0.006862745154649019,-5.323529243469238
5747,-0.01274509821087122,-5.291666507720947
5748,-0.007352941203862429,-5.232842922210693
5749,0.0004901961074210703,-5.125
5750,0.0024509804788976908,-5.073529243469238
5751,0.011274510063230991,-4.909313678741455
5752,-0.006862745154649019,-4.786764621734619
5753,0.010294117964804173,-4.544117450714111
5754,0.010294117964804173,-4.392157077789307
5755,0.010784314014017582,-4.093137264251709
5756,0.022058824077248573,-3.8333332538604736
5757,0.0058823530562222,-3.526960849761963
5758,0.018137255683541298,-3.223039150238037
5759,0.01568627543747425,-2.8897058963775635
5760,0.01617647148668766,-2.598039150238037
5761,0.018627451732754707,-2.2377450466156006
5762,0.013235294260084629,-1.8676470518112183
5763,0.02549019642174244,-1.561274528503418
5764,0.011274510063230991,-1.186274528503418
5765,0.015196078456938267,-0.9166666865348816
5766,0.010294117964804173,-0.5661764740943909
5767,0.028921568766236305,-0.27450981736183167
5768,0.019607843831181526,-0.061274509876966476
5769,0.0,0.14215686917304993
5770,0.01274509821087122,0.37254902720451355
5771,0.01764705963432789,0.5735294222831726
5772,0.015196078456938267,0.7107843160629272
5773,-0.006862745154649019,0.8259803652763367
5774,-0.061274509876966476,0.9289215803146362
5775,0.0416666679084301,0.9607843160629272
5776,-0.013235294260084629,0.9558823704719543
5777,0.0049019609577953815,0.9950980544090271
5778,-0.022549020126461983,0.970588207244873
5779,0.006862745154649019,0.9166666865348816
5780,-0.014215686358511448,0.8700980544090271
5781,-0.02401960827410221,0.8333333134651184
5782,-0.003921568859368563,0.7769607901573181
5783,-0.013725490309298038,0.7156862616539001
5784,-0.008823529817163944,0.6740196347236633
5785,-0.0058823530562222,0.6200980544090271
5786,-0.008823529817163944,0.6225489974021912
5787,0.008823529817163944,0.6519607901573181
5788,-0.004411764908581972,0.6495097875595093
5789,-0.003921568859368563,0.6519607901573181
5790,0.007843137718737125,0.7303921580314636
5791,-0.0019607844296842813,0.8602941036224365
5792,0.00637254910543561,1.0073529481887817
5793,0.0019607844296842813,1.188725471496582
5794,0.0,1.3676470518112183
5795,-0.007352941203862429,1.6053920984268188
5796,0.010784314014017582,1.8700979948043823
5797,-0.00147058826405555,2.151960849761963
5798,0.0019607844296842813,2.44362735748291
5799,0.0058823530562222,2.7328431606292725
5800,0.0049019609577953815,3.100490093231201
5801,0.03529411926865578,3.4264705181121826
5802,-0.030392156913876534,3.757352828979492
5803,0.02500000037252903,4.078431606292725
5804,0.01274509821087122,4.416666507720947
5805,0.00637254910543561,4.700980186462402
5806,0.0313725508749485,4.960784435272217
5807,0.005392157007008791,5.301470756530762
5808,0.013725490309298038,5.490196228027344
5809,0.01568627543747425,5.752450942993164
5810,0.009803921915590763,5.985294342041016
5811,0.019607843831181526,6.139705657958984
5812,0.01274509821087122,6.259803771972656
5813,0.009803921915590763,6.286764621734619
5814,0.004411764908581972,6.323529243469238
5815,-0.0024509804788976908,6.291666507720947
5816,0.018627451732754707,6.335784435272217
5817,-0.04068627581000328,6.303921699523926
5818,0.01715686358511448,6.225490093231201
5819,-0.010294117964804173,6.120098114013672
5820,0.04754902049899101,5.98774528503418
5821,1.770098090171814,5.990196228027344
5822,-0.9235293865203857,5.607842922210693
5823,0.9269607663154602,5.541666507720947
5824,-0.21274510025978088,5.433823585510254
5825,0.08627451211214066,5.198529243469238
5826,0.05931372568011284,5.186274528503418
5827,0.07598039507865906,5.039215564727783
5828,-0.010784314014017582,4.975490093231201
5829,0.05882352963089943,4.892157077789307
5830,-0.02401960827410221,4.843137264251709
5831,0.05784313753247261,4.872549057006836
5832,-0.019117647781968117,4.924019813537598
5833,0.026960784569382668,5.019608020782471
5834,0.0004901961074210703,5.127450942993164
5835,0.009313725866377354,5.26225471496582
5836,0.02500000037252903,5.436274528503418
5837,0.010294117964804173,5.644608020782471
5838,0.01568627543747425,5.889705657958984
5839,0.0034313725773245096,6.142157077789307
5840,0.01225490216165781,6.460784435272217
5841,0.009803921915590763,6.688725471496582
5842,0.018137255683541298,7.01225471496582
5843,0.01764705963432789,7.313725471496582
5844,0.008823529817163944,7.622549057006836
5845,0.01715686358511448,7.852941036224365
5846,0.019117647781968117,8.144607543945312
5847,0.01274509821087122,8.382352828979492
5848,0.007843137718737125,8.60049057006836
5849,0.010784314014017582,8.816176414489746
5850,0.0049019609577953815,8.953431129455566
5851,0.018137255683541298,9.05637264251709
5852,0.01225490216165781,9.174019813537598
5853,0.004411764908581972,9.142156600952148
5854,0.003921568859368563,9.171568870544434
5855,-0.0034313725773245096,9.147058486938477
5856,-0.009803921915590763,9.078431129455566
5857,-0.007843137718737125,8.904411315917969
5858,-0.009803921915590763,8.77450942993164
5859,-0.01274509821087122,8.588234901428223
5860,-0.015196078456938267,8.409314155578613
5861,-0.018627451732754707,8.16911792755127
5862,-0.0117647061124444,7.914215564727783
5863,-0.01617647148668766,7.647058963775635
5864,-0.007352941203862429,7.428921699523926
5865,-0.021568628028035164,7.161764621734619
5866,-0.013725490309298038,6.921568393707275
5867,-0.014215686358511448,6.674019813537598
5868,-0.020098039880394936,6.458333492279053
5869,-0.00147058826405555,6.323529243469238
5870,-0.00637254910543561,6.18137264251709
5871,-0.018627451732754707,6.078431606292725
5872,-0.007352941203862429,6.061274528503418
5873,-0.01225490216165781,6.031862735748291
5874,0.0019607844296842813,6.034313678741455
5875,0.006862745154649019,6.102941036224365
5876,-0.007352941203862429,6.259803771972656
5877,-0.0004901961074210703,6.348039150238037
5878,0.008823529817163944,6.561274528503418
5879,0.0,6.779411792755127
5880,0.005392157007008791,6.982842922210693
5881,0.009803921915590763,7.235294342041016
5882,0.03284313902258873,7.522058963775635
5883,-0.009313725866377354,7.776960849761963
5884,0.02598039247095585,8.078431129455566
5885,-0.036274511367082596,8.379901885986328
5886,-0.4073529541492462,8.546568870544434
5887,0.3799019753932953,8.90686321258545
5888,-0.2553921639919281,9.085783958435059
5889,0.10147058963775635,9.289216041564941
5890,0.026470588520169258,9.389705657958984
5891,-0.0779411792755127,9.497549057006836
5892,0.007352941203862429,9.585783958435059
5893,0.03431372717022896,9.659314155578613
5894,-0.054901961237192154,9.607843399047852
5895,0.03382353112101555,9.58088207244873
5896,-0.04362745210528374,9.446078300476074
5897,0.0,9.269607543945312
5898,-0.015196078456938267,9.075980186462402
5899,-0.01274509821087122,8.811274528503418
5900,-0.018627451732754707,8.549019813537598
5901,-0.01617647148668766,8.264705657958984
5902,-0.013235294260084629,7.94362735748291
5903,-0.02401960827410221,7.649509906768799
5904,-0.020588235929608345,7.279411792755127
5905,-0.022549020126461983,6.928921699523926
5906,-0.013235294260084629,6.639705657958984
5907,-0.011274510063230991,6.291666507720947
5908,-0.02598039247095585,6.004901885986328
5909,-0.01715686358511448,5.735294342041016
5910,-0.014705882407724857,5.473039150238037
5911,-0.019607843831181526,5.325980186462402
5912,-0.013235294260084629,5.176470756530762
5913,-0.030882352963089943,5.100490093231201
5914,0.008333333767950535,4.995098114013672
5915,-0.00637254910543561,5.024509906768799
5916,-0.0004901961074210703,5.093137264251709
5917,-0.008823529817163944,5.176470756530762
5918,0.0024509804788976908,5.348039150238037
5919,-0.0049019609577953815,5.477941036224365
5920,-0.0024509804788976908,5.710784435272217
5921,0.007352941203862429,6.002450942993164
5922,0.011274510063230991,6.232842922210693
5923,0.018627451732754707,6.549019813537598
5924,0.00637254910543561,6.823529243469238
5925,0.015196078456938267,7.151960849761963
5926,0.0049019609577953815,7.411764621734619
5927,0.01225490216165781,7.752450942993164
5928,0.011274510063230991,8.009803771972656
5929,0.01617647148668766,8.291666984558105
5930,0.008823529817163944,8.458333015441895
5931,0.0058823530562222,8.622549057006836
5932,-0.0004901961074210703,8.752450942993164
5933,0.013725490309298038,8.803921699523926
5934,0.008333333767950535,8.786765098571777
5935,0.0024509804788976908,8.730392456054688
5936,0.00637254910543561,8.674019813537598
5937,-0.00147058826405555,8.509803771972656
5938,-0.00637254910543561,8.340685844421387
5939,-0.0034313725773245096,8.053921699523926
5940,-0.009803921915590763,7.786764621734619
5941,-0.010784314014017582,7.448529243469238
5942,-0.02549019642174244,7.090686321258545
5943,0.0034313725773245096,6.649509906768799
5944,-0.03872549161314964,6.272058963775635
5945,-0.01715686358511448,5.88725471496582
5946,-0.02598039247095585,5.463235378265381
5947,-0.023039216175675392,5.049019813537598
5948,-0.023039216175675392,4.669117450714111
5949,-0.02598039247095585,4.357842922210693
5950,-0.04019607976078987,4.014705657958984
5951,-0.008333333767950535,3.7328431606292725
5952,-0.04852941259741783,3.468137264251709
5953,-0.0004901961074210703,3.3235294818878174
5954,-0.018627451732754707,3.2107841968536377
5955,-0.7769607901573181,3.0539214611053467
5956,1.0127451419830322,3.149509906768799
5957,-0.7132353186607361,3.2083332538604736
5958,0.5367646813392639,3.276960849761963
5959,0.007352941203862429,3.4877450466156006
5960,-0.014705882407724857,3.598039150238037
5961,0.14264705777168274,3.899509906768799
5962,-0.09019608050584793,4.215686321258545
5963,0.04950980469584465,4.536764621734619
5964,0.05637254938483238,4.88725471496582
5965,-0.0416666679084301,5.259803771972656
5966,0.07598039507865906,5.588235378265381
5967,-0.022549020126461983,5.973039150238037
5968,0.05147058889269829,6.323529243469238
5969,0.022058824077248573,6.659313678741455
5970,0.01568627543747425,6.985294342041016
5971,0.007352941203862429,7.198529243469238
5972,0.022058824077248573,7.43137264251709
5973,0.006862745154649019,7.590686321258545
5974,0.007352941203862429,7.686274528503418
5975,-0.009313725866377354,7.730391979217529
5976,-0.0009803922148421407,7.68137264251709
5977,-0.0034313725773245096,7.571078300476074
5978,-0.004411764908581972,7.401960849761963
5979,-0.01764705963432789,7.198529243469238
5980,-0.01764705963432789,6.901960849761963
5981,-0.010294117964804173,6.573529243469238
5982,-0.0235294122248888,6.230391979217529
5983,-0.02450980432331562,5.796568393707275
5984,-0.022549020126461983,5.343137264251709
5985,-0.03284313902258873,4.857842922210693
5986,-0.0313725508749485,4.399509906768799
5987,-0.02549019642174244,3.938725471496582
5988,-0.02598039247095585,3.4289214611053467
5989,-0.030882352963089943,2.941176414489746
5990,-0.0235294122248888,2.5490195751190186
5991,-0.038235295563936234,2.149509906768799
5992,-0.037254903465509415,1.840686321258545
5993,-0.062745101749897,1.561274528503418
5994,0.02500000037252903,1.3039215803146362
5995,-0.045588236302137375,1.127450942993164
5996,0.00147058826405555,1.0882352590560913
5997,-0.015196078456938267,0.9926470518112183
5998,-0.010784314014017582,1.0735293626785278
5999,-0.00637254910543561,1.2132352590560913
6000,0.0034313725773245096,1.433823585510254
6001,-0.02401960827410221,1.6470588445663452
6002,-0.01715686358511448,1.9730392694473267
6003,0.013725490309298038,2.343137264251709
6004,0.003921568859368563,2.75
6005,0.01666666753590107,3.1470587253570557
6006,0.009803921915590763,3.625
6007,0.018137255683541298,4.098039150238037
6008,0.023039216175675392,4.563725471496582
6009,0.015196078456938267,4.968137264251709
6010,0.02401960827410221,5.448529243469238
6011,0.02549019642174244,5.860294342041016
6012,0.020588235929608345,6.166666507720947
6013,0.01568627543747425,6.441176414489746
6014,0.021078431978821754,6.705882549285889
6015,0.006862745154649019,6.875
6016,0.006862745154649019,6.916666507720947
6017,0.009313725866377354,6.973039150238037
6018,-0.0049019609577953815,6.906862735748291
6019,-0.00147058826405555,6.735294342041016
6020,-0.011274510063230991,6.549019813537598
6021,-0.019607843831181526,6.218137264251709
6022,-0.019607843831181526,5.875
6023,-0.027450980618596077,5.409313678741455
6024,-0.010784314014017582,4.973039150238037
6025,-0.03970588371157646,4.514705657958984
6026,0.045588236302137375,3.9460785388946533
6027,-0.6514706015586853,3.2965686321258545
6028,0.39411765336990356,2.774509906768799
6029,-0.41960784792900085,2.2377450466156006
6030,0.11372549086809158,1.6519607305526733
6031,-0.12107843160629272,1.1176470518112183
6032,-0.10049019753932953,0.6274510025978088
6033,0.0,0.18627451360225677
6034,-0.07745098322629929,-0.1985294073820114
6035,-0.05931372568011284,-0.4852941036224365
6036,0.01764705963432789,-0.6813725233078003
6037,-0.06715686619281769,-0.8210784196853638
6038,0.014215686358511448,-0.8480392098426819
6039,-0.020588235929608345,-0.8259803652763367
6040,-0.0019607844296842813,-0.7352941036224365
6041,0.026470588520169258,-0.531862735748291
6042,0.006862745154649019,-0.27450981736183167
6043,0.03186274692416191,0.0882352963089943
6044,0.006862745154649019,0.5343137383460999
6045,0.020098039880394936,0.9877451062202454
6046,0.026960784569382668,1.502450942993164
6047,0.01764705963432789,2.0490195751190186
6048,0.01764705963432789,2.6127450466156006
6049,0.023039216175675392,3.2598040103912354
6050,0.023039216175675392,3.8210785388946533
6051,0.036764707416296005,4.370098114013672
6052,0.030392156913876534,4.899509906768799
6053,0.029901960864663124,5.370098114013672
6054,0.02450980432331562,5.81862735748291
6055,0.01715686358511448,6.144608020782471
6056,0.020588235929608345,6.421568393707275
6057,0.015196078456938267,6.600490093231201
6058,0.014215686358511448,6.708333492279053
6059,0.0058823530562222,6.698529243469238
6060,0.01568627543747425,6.593137264251709
6061,-0.007352941203862429,6.426470756530762
6062,0.0004901961074210703,6.178921699523926
6063,-0.014215686358511448,5.779411792755127
6064,-0.021078431978821754,5.345588207244873
6065,-0.0235294122248888,4.81862735748291
6066,-0.022549020126461983,4.259803771972656
6067,-0.026960784569382668,3.6078431606292725
6068,-0.04068627581000328,3.007352828979492
6069,-0.026960784569382668,2.3235294818878174
6070,-0.03284313902258873,1.6348038911819458
6071,-0.035784315317869186,0.906862735748291
6072,-0.03480392321944237,0.2720588147640228
6073,-0.0313725508749485,-0.3014705777168274
6074,-0.04411764815449715,-0.9142156839370728
6075,-0.03333333507180214,-1.4191176891326904
6076,-0.030882352963089943,-1.840686321258545
6077,-0.037745099514722824,-2.1960785388946533
6078,-0.02549019642174244,-2.401960849761963
6079,-0.02549019642174244,-2.620098114013672
6080,-0.01715686358511448,-2.588235378265381
6081,-0.01225490216165781,-2.5490195751190186
6082,0.0009803922148421407,-2.4166667461395264
6083,0.00147058826405555,-2.117647171020508
6084,0.0034313725773245096,-1.781862735748291
6085,0.009313725866377354,-1.2745097875595093
6086,0.0117647061124444,-0.7867646813392639
6087,0.02401960827410221,-0.1764705926179886
6088,0.0313725508749485,0.5024510025978088
6089,0.036274511367082596,1.125
6090,0.03431372717022896,1.877450942993164
6091,0.04117647185921669,2.566176414489746
6092,0.03529411926865578,3.308823585510254
6093,0.0416666679084301,4.029411792755127
6094,0.03921568766236305,4.651960849761963
6095,0.028921568766236305,5.215686321258545
6096,0.026470588520169258,5.747549057006836
6097,0.03284313902258873,6.245098114013672
6098,0.026470588520169258,6.561274528503418
6099,0.013725490309298038,6.821078300476074
6100,0.01617647148668766,6.965686321258545
6101,0.010294117964804173,6.990196228027344
6102,0.006862745154649019,6.901960849761963
6103,0.009313725866377354,6.723039150238037
6104,-0.009313725866377354,6.392157077789307
6105,-0.01225490216165781,5.973039150238037
6106,-0.010784314014017582,5.419117450714111
6107,-0.020588235929608345,4.848039150238037
6108,-0.03186274692416191,4.176470756530762
6109,-0.037745099514722824,3.4142158031463623
6110,-0.046078432351350784,2.6421568393707275
6111,-0.05588235333561897,1.779411792755127
6112,-0.061274509876966476,0.9950980544090271
6113,-0.05784313753247261,0.21568627655506134
6114,-0.06715686619281769,-0.6053921580314636
6115,-0.052941177040338516,-1.3382352590560913
6116,-0.05931372568011284,-2.031862735748291
6117,-0.04313725605607033,-2.6960785388946533
6118,-0.05000000074505806,-3.1960785388946533
6119,-0.03431372717022896,-3.6470587253570557
6120,-0.029411764815449715,-4.024509906768799
6121,-0.030882352963089943,-4.129901885986328
6122,-0.022549020126461983,-4.252450942993164
6123,-0.010294117964804173,-4.196078300476074
6124,-0.007843137718737125,-3.992647171020508
6125,-0.00147058826405555,-3.6960785388946533
6126,0.015196078456938267,-3.2892158031463623
6127,0.010784314014017582,-2.754901885986328
6128,0.01715686358511448,-2.1421568393707275
6129,0.03235294297337532,-1.4436274766921997
6130,0.028431372717022896,-0.656862735748291
6131,0.05049019679427147,0.12745098769664764
6132,0.05147058889269829,1.002450942993164
6133,0.044607844203710556,1.906862735748291
6134,0.05049019679427147,2.7990195751190186
6135,0.04754902049899101,3.659313678741455
6136,0.04754902049899101,4.473039150238037
6137,0.045098040252923965,5.203431606292725
6138,0.03529411926865578,5.894608020782471
6139,0.0416666679084301,6.460784435272217
6140,0.021078431978821754,6.938725471496582
6141,0.035784315317869186,7.335784435272217
6142,0.020588235929608345,7.553921699523926
6143,0.0034313725773245096,7.666666507720947
6144,0.007843137718737125,7.671568393707275
6145,0.0029411765281111,7.468137264251709
6146,-0.0024509804788976908,7.154411792755127
6147,-0.011274510063230991,6.698529243469238
6148,-0.026470588520169258,6.151960849761963
6149,-0.0235294122248888,5.465686321258545
6150,-0.04313725605607033,4.730391979217529
6151,-0.03480392321944237,3.899509906768799
6152,-0.04362745210528374,3.0147058963775635
6153,-0.0573529414832592,2.034313678741455
6154,-0.05000000074505806,1.061274528503418
6155,-0.05686274543404579,0.09313725680112839
6156,-0.06372549384832382,-0.8872548937797546
6157,-0.06568627804517746,-1.7892156839370728
6158,-0.062254901975393295,-2.6789214611053467
6159,-0.053431373089551926,-3.473039150238037
6160,-0.053921569138765335,-4.161764621734619
6161,-0.04264706000685692,-4.76225471496582
6162,-0.04019607976078987,-5.19362735748291
6163,-0.04803921654820442,-5.534313678741455
6164,-0.013725490309298038,-5.713235378265381
6165,-0.02598039247095585,-5.769608020782471
6166,-0.0019607844296842813,-5.644608020782471
6167,0.02549019642174244,-5.365196228027344
6168,0.0,-5.009803771972656
6169,0.07107843458652496,-4.455882549285889
6170,0.03921568766236305,-3.779411792755127
6171,0.06372549384832382,-3.0196077823638916
6172,0.04019607976078987,-2.1446077823638916
6173,0.045588236302137375,-1.2965686321258545
6174,0.05686274543404579,-0.1985294073820114
6175,0.05931372568011284,0.8259803652763367
6176,0.06372549384832382,1.8676470518112183
6177,0.06911765038967133,2.904411792755127
6178,0.06470588594675064,3.879901885986328
6179,0.06470588594675064,4.872549057006836
6180,0.061274509876966476,5.75
6181,0.05588235333561897,6.539215564727783
6182,0.0470588244497776,7.232842922210693
6183,0.04117647185921669,7.752450942993164
6184,0.037745099514722824,8.161765098571777
6185,0.029411764815449715,8.477941513061523
6186,0.019117647781968117,8.563725471496582
6187,0.018627451732754707,8.551470756530762
6188,0.00147058826405555,8.345588684082031
6189,-0.0024509804788976908,7.960784435272217
6190,-0.007352941203862429,7.44362735748291
6191,-0.02401960827410221,6.821078300476074
6192,-0.03970588371157646,6.051470756530762
6193,-0.029901960864663124,5.18137264251709
6194,-0.0470588244497776,4.223039150238037
6195,-0.05784313753247261,3.154411792755127
6196,-0.053921569138765335,2.0441176891326904
6197,-0.0573529414832592,0.8848039507865906
6198,-0.06078431382775307,-0.25
6199,-0.06617647409439087,-1.375
6200,-0.05784313753247261,-2.43137264251709
6201,-0.05784313753247261,-3.4142158031463623
6202,-0.06029411777853966,-4.355391979217529
6203,-0.0573529414832592,-5.156862735748291
6204,-0.046568628400564194,-5.860294342041016
6205,-0.04803921654820442,-6.409313678741455
6206,-0.03382353112101555,-6.781862735748291
6207,-0.03529411926865578,-7.058823585510254
6208,-0.029901960864663124,-7.142157077789307
6209,-0.008823529817163944,-7.034313678741455
6210,-0.007352941203862429,-6.794117450714111
6211,0.010294117964804173,-6.360294342041016
6212,0.020098039880394936,-5.794117450714111
6213,0.015196078456938267,-5.053921699523926
6214,0.029411764815449715,-4.215686321258545
6215,0.046568628400564194,-3.254901885986328
6216,0.04852941259741783,-2.223039150238037
6217,0.04019607976078987,-1.1151961088180542
6218,0.06470588594675064,0.06617647409439087
6219,0.05147058889269829,1.2647058963775635
6220,0.07156863063573837,2.4534313678741455
6221,0.0681372582912445,3.6078431606292725
6222,0.052941177040338516,4.727941036224365
6223,0.03186274692416191,5.779411792755127
6224,0.062254901975393295,6.683823585510254
6225,0.04950980469584465,7.549019813537598
6226,0.04803921654820442,8.23774528503418
6227,0.03872549161314964,8.808823585510254
6228,0.036764707416296005,9.198529243469238
6229,0.027941176667809486,9.384803771972656
6230,0.01715686358511448,9.446078300476074
6231,0.007352941203862429,9.308823585510254
6232,0.0009803922148421407,8.997549057006836
6233,-0.01617647148668766,8.571078300476074
6234,-0.013725490309298038,7.892157077789307
6235,-0.0313725508749485,7.164215564727783
6236,-0.04019607976078987,6.223039150238037
6237,-0.0416666679084301,5.205882549285889
6238,-0.05049019679427147,4.044117450714111
6239,-0.06323529779911041,2.909313678741455
6240,-0.06470588594675064,1.6764706373214722
6241,-0.06568627804517746,0.4215686321258545
6242,-0.061764705926179886,-0.8284313678741455
6243,-0.08088235557079315,-2.063725471496582
6244,-0.06470588594675064,-3.252450942993164
6245,-0.05882352963089943,-4.316176414489746
6246,-0.06372549384832382,-5.296568393707275
6247,-0.05882352963089943,-6.154411792755127
6248,-0.04950980469584465,-6.860294342041016
6249,-0.04852941259741783,-7.446078300476074
6250,-0.05000000074505806,-7.860294342041016
6251,-0.0009803922148421407,-8.120098114013672
6252,-0.01666666753590107,-8.134803771972656
6253,-0.013235294260084629,-7.985294342041016
6254,0.010784314014017582,-7.718137264251709
6255,-0.004411764908581972,-7.242647171020508
6256,0.018627451732754707,-6.602941036224365
6257,0.026470588520169258,-5.830882549285889
6258,0.028431372717022896,-4.879901885986328
6259,0.045098040252923965,-3.845588207244873
6260,0.05049019679427147,-2.7279412746429443
6261,0.04754902049899101,-1.4950979948043823
6262,0.05637254938483238,-0.25245097279548645
6263,0.06519608199596405,1.0539215803146362
6264,0.06519608199596405,2.31862735748291
6265,0.0681372582912445,3.561274528503418
6266,0.06960784643888474,4.708333492279053
6267,0.07205882668495178,5.833333492279053
6268,0.061764705926179886,6.892157077789307
6269,0.035784315317869186,7.752450942993164
6270,0.04901960864663124,8.534314155578613
6271,0.0833333358168602,9.151960372924805
6272,0.027941176667809486,9.541666984558105
6273,0.03921568766236305,9.85049057006836
6274,-0.005392157007008791,9.953431129455566
6275,0.015196078456938267,9.84313678741455
6276,-0.004411764908581972,9.539216041564941
6277,-0.01715686358511448,9.159314155578613
6278,-0.03284313902258873,8.558823585510254
6279,-0.029411764815449715,7.801470756530762
6280,-0.044607844203710556,6.877450942993164
6281,-0.046078432351350784,5.823529243469238
6282,-0.0676470622420311,4.696078300476074
6283,-0.0681372582912445,3.4901959896087646
6284,-0.0676470622420311,2.2647058963775635
6285,-0.062745101749897,0.9656862616539001
6286,-0.07941176742315292,-0.30392158031463623
6287,-0.08088235557079315,-1.5710784196853638
6288,-0.07990196347236633,-2.7941176891326904
6289,-0.07598039507865906,-3.9509804248809814
6290,-0.06911765038967133,-4.985294342041016
6291,-0.06078431382775307,-5.938725471496582
6292,-0.054901961237192154,-6.705882549285889
6293,-0.05784313753247261,-7.43137264251709
6294,-0.05098039284348488,-7.948529243469238
6295,-0.037254903465509415,-8.279411315917969
6296,-0.028431372717022896,-8.458333015441895
6297,-0.020588235929608345,-8.446078300476074
6298,-0.021078431978821754,-8.279411315917969
6299,-0.0058823530562222,-7.936274528503418
6300,0.0024509804788976908,-7.384803771972656
6301,0.011274510063230991,-6.767157077789307
6302,0.019607843831181526,-5.941176414489746
6303,0.02401960827410221,-4.982842922210693
6304,0.046078432351350784,-3.911764621734619
6305,0.05147058889269829,-2.784313678741455
6306,0.05980392172932625,-1.5710784196853638
6307,0.07450980693101883,-0.3284313678741455
6308,0.038235295563936234,0.9019607901573181
6309,0.08235294371843338,2.1470587253570557
6310,0.05245098099112511,3.3651959896087646
6311,0.06519608199596405,4.495098114013672
6312,0.062254901975393295,5.593137264251709
6313,-0.9441176652908325,6.549019813537598
6314,0.954901933670044,7.502450942993164
6315,-0.0882352963089943,8.276960372924805
6316,0.061764705926179886,8.757352828979492
6317,0.27892157435417175,9.272058486938477
6318,0.01715686358511448,9.541666984558105
6319,0.05784313753247261,9.676470756530762
6320,0.0676470622420311,9.602941513061523
6321,-0.05980392172932625,9.397058486938477
6322,0.0681372582912445,9.022058486938477
6323,-0.06617647409439087,8.482843399047852
6324,0.021078431978821754,7.823529243469238
6325,-0.07058823853731155,7.036764621734619
6326,-0.023039216175675392,6.11274528503418
6327,-0.054901961237192154,5.127450942993164
6328,-0.05637254938483238,4.017157077789307
6329,-0.06617647409439087,2.9509804248809814
6330,-0.062745101749897,1.7303920984268188
6331,-0.0681372582912445,0.5367646813392639
6332,-0.06568627804517746,-0.6397058963775635
6333,-0.08039215952157974,-1.75
6334,-0.07401961088180542,-2.8602941036224365
6335,-0.0681372582912445,-3.906862735748291
6336,-0.053431373089551926,-4.825980186462402
6337,-0.053921569138765335,-5.656862735748291
6338,-0.045098040252923965,-6.357842922210693
6339,-0.05000000074505806,-6.938725471496582
6340,-0.0416666679084301,-7.375
6341,-0.03529411926865578,-7.644608020782471
6342,-0.03529411926865578,-7.825980186462402
6343,-0.01568627543747425,-7.779411792755127
6344,-0.01225490216165781,-7.629901885986328
6345,-0.0029411765281111,-7.276960849761963
6346,0.0029411765281111,-6.852941036224365
6347,0.008333333767950535,-6.31862735748291
6348,0.021078431978821754,-5.627450942993164
6349,0.021078431978821754,-4.803921699523926
6350,0.03480392321944237,-3.8872549533843994
6351,0.0416666679084301,-2.9264705181121826
6352,0.03431372717022896,-1.9117647409439087
6353,0.06078431382775307,-0.8382353186607361
6354,0.05000000074505806,0.20588235557079315
6355,0.05882352963089943,1.343137264251709
6356,0.06421568989753723,2.3602941036224365
6357,0.053921569138765335,3.406862735748291
6358,0.04950980469584465,4.367647171020508
6359,0.052941177040338516,5.26225471496582
6360,0.04362745210528374,6.031862735748291
6361,0.04852941259741783,6.754901885986328
6362,0.03921568766236305,7.352941036224365
6363,0.036764707416296005,7.808823585510254
6364,0.02401960827410221,8.154411315917969
6365,0.015196078456938267,8.414216041564941
6366,0.019117647781968117,8.517156600952148
6367,0.0,8.448529243469238
6368,-0.00637254910543561,8.29411792755127
6369,-0.0058823530562222,7.995098114013672
6370,-0.01274509821087122,7.541666507720947
6371,-0.01568627543747425,7.053921699523926
6372,-0.019607843831181526,6.382352828979492
6373,-0.03480392321944237,5.656862735748291
6374,-0.03872549161314964,4.865196228027344
6375,-0.037254903465509415,4.022058963775635
6376,-0.04313725605607033,3.0710785388946533
6377,-0.04852941259741783,2.156862735748291
6378,-0.07696078717708588,1.156862735748291
6379,-0.028921568766236305,0.27941176295280457
6380,-0.0882352963089943,-0.6740196347236633
6381,0.1828431338071823,-1.6151961088180542
6382,0.3906862735748291,-2.4803922176361084
6383,-0.5049019455909729,-3.350490093231201
6384,0.4220588207244873,-4.024509906768799
6385,-0.23774509131908417,-4.696078300476074
6386,0.0573529414832592,-5.276960849761963
6387,0.007352941203862429,-5.740196228027344
6388,-0.06323529779911041,-6.061274528503418
6389,0.00637254910543561,-6.397058963775635
6390,-0.013725490309298038,-6.490196228027344
6391,-0.030392156913876534,-6.583333492279053
6392,0.013235294260084629,-6.450980186462402
6393,-0.0034313725773245096,-6.281862735748291
6394,0.0117647061124444,-6.017157077789307
6395,0.003921568859368563,-5.588235378265381
6396,0.01666666753590107,-5.085784435272217
6397,0.030392156913876534,-4.536764621734619
6398,0.013725490309298038,-3.879901885986328
6399,0.02401960827410221,-3.1642158031463623
6400,0.02401960827410221,-2.399509906768799
6401,0.04117647185921669,-1.5833333730697632
6402,0.04313725605607033,-0.7132353186607361
6403,0.04264706000685692,0.10784313827753067
6404,0.03529411926865578,0.9852941036224365
6405,0.04264706000685692,1.813725471496582
6406,0.046568628400564194,2.651960849761963
6407,0.046568628400564194,3.4289214611053467
6408,0.045588236302137375,4.164215564727783
6409,0.04411764815449715,4.906862735748291
6410,0.046568628400564194,5.492647171020508
6411,0.04215686395764351,6.026960849761963
6412,0.03431372717022896,6.544117450714111
6413,0.02450980432331562,6.906862735748291
6414,0.01617647148668766,7.203431606292725
6415,0.01568627543747425,7.365196228027344
6416,0.0117647061124444,7.475490093231201
6417,-0.0019607844296842813,7.480391979217529
6418,-0.0034313725773245096,7.355391979217529
6419,-0.0024509804788976908,7.176470756530762
6420,-0.0034313725773245096,6.840686321258545
6421,-0.01666666753590107,6.468137264251709
6422,-0.020588235929608345,5.992647171020508
6423,-0.01715686358511448,5.43137264251709
6424,-0.029901960864663124,4.833333492279053
6425,-0.03921568766236305,4.061274528503418
6426,-0.028921568766236305,3.3627450466156006
6427,-0.038235295563936234,2.5465686321258545
6428,-0.03921568766236305,1.7450979948043823
6429,-0.054411765187978745,0.9264705777168274
6430,-0.054411765187978745,0.0833333358168602
6431,-0.04264706000685692,-0.7696078419685364
6432,-0.04803921654820442,-1.593137264251709
6433,-0.05539215728640556,-2.338235378265381
6434,-0.052941177040338516,-3.095588207244873
6435,-0.03970588371157646,-3.8014705181121826
6436,-0.046568628400564194,-4.477941036224365
6437,-0.0416666679084301,-5.036764621734619
6438,-0.04264706000685692,-5.497549057006836
6439,-0.03431372717022896,-5.879901885986328
6440,-0.04950980469584465,-6.259803771972656
6441,0.01568627543747425,-6.446078300476074
6442,-0.01715686358511448,-6.524509906768799
6443,-0.02450980432331562,-6.509803771972656
6444,0.008333333767950535,-6.477941036224365
6445,-0.014215686358511448,-6.220588207244873
6446,0.004411764908581972,-5.936274528503418
6447,0.17843137681484222,-5.529411792755127
6448,-0.6348039507865906,-5.095588207244873
6449,-0.12892156839370728,-4.458333492279053
6450,0.06323529779911041,-3.742647171020508
6451,-0.6617646813392639,-3.127450942993164
6452,0.364705890417099,-2.252450942993164
6453,-0.28823530673980713,-1.3872549533843994
6454,0.16862745583057404,-0.5122548937797546
6455,-0.04068627581000328,0.4117647111415863
6456,-0.019117647781968117,1.2867647409439087
6457,0.11323529481887817,2.2352941036224365
6458,-0.013235294260084629,3.127450942993164
6459,0.04901960864663124,4.007352828979492
6460,0.04362745210528374,4.796568393707275
6461,0.027941176667809486,5.539215564727783
6462,0.06519608199596405,6.296568393707275
6463,0.03235294297337532,6.872549057006836
6464,0.0235294122248888,7.406862735748291
6465,0.03480392321944237,7.852941036224365
6466,0.020098039880394936,8.159314155578613
6467,0.009313725866377354,8.404411315917969
6468,0.0004901961074210703,8.458333015441895
6469,0.02450980432331562,8.450980186462402
6470,0.01715686358511448,8.345588684082031
6471,-0.014705882407724857,8.034314155578613
6472,0.0024509804788976908,7.649509906768799
6473,-0.018627451732754707,7.200980186462402
6474,-0.019607843831181526,6.593137264251709
6475,-0.02549019642174244,5.909313678741455
6476,-0.03970588371157646,5.156862735748291
6477,-0.046568628400564194,4.30637264251709
6478,-0.038235295563936234,3.375
6479,-0.054411765187978745,2.4779412746429443
6480,-0.04803921654820442,1.436274528503418
6481,-0.0519607849419117,0.406862735748291
6482,-0.05686274543404579,-0.5882353186607361
6483,-0.06862745434045792,-1.561274528503418
6484,-0.05980392172932625,-2.534313678741455
6485,-0.06372549384832382,-3.495098114013672
6486,-0.054901961237192154,-4.375
6487,-0.05147058889269829,-5.154411792755127
6488,-0.061274509876966476,-5.884803771972656
6489,-0.04852941259741783,-6.519608020782471
6490,-0.05147058889269829,-7.031862735748291
6491,-0.0235294122248888,-7.394608020782471
6492,-0.08186274766921997,-7.720588207244873
6493,0.006862745154649019,-7.901960849761963
6494,-0.0416666679084301,-7.911764621734619
6495,0.0058823530562222,-7.791666507720947
6496,-0.01715686358511448,-7.61274528503418
6497,0.0029411765281111,-7.254901885986328
6498,0.00147058826405555,-6.767157077789307
6499,0.01274509821087122,-6.169117450714111
6500,0.010294117964804173,-5.490196228027344
6501,0.019607843831181526,-4.740196228027344
6502,0.029901960864663124,-3.816176414489746
6503,0.04019607976078987,-2.899509906768799
6504,0.04264706000685692,-1.8970588445663452
6505,0.05098039284348488,-0.8578431606292725
6506,0.05098039284348488,0.13235294818878174
6507,0.05833333358168602,1.2009804248809814
6508,0.05049019679427147,2.3014705181121826
6509,0.045588236302137375,3.31862735748291
6510,0.052941177040338516,4.264705657958984
6511,0.053431373089551926,5.191176414489746
6512,0.05049019679427147,6.051470756530762
6513,0.04264706000685692,6.860294342041016
6514,0.04313725605607033,7.549019813537598
6515,-0.0058823530562222,8.107843399047852
6516,-0.4019607901573181,8.541666984558105
6517,0.31568628549575806,8.901960372924805
6518,-0.3225490152835846,9.134803771972656
6519,0.06078431382775307,9.16911792755127
6520,0.0117647061124444,9.22549057006836
6521,-0.15343137085437775,9.019607543945312
6522,0.04313725605607033,8.757352828979492
6523,-0.046568628400564194,8.36274528503418
6524,-0.04901960864663124,7.794117450714111
6525,0.014705882407724857,7.183823585510254
6526,-0.08480392396450043,6.492647171020508
6527,-0.010294117964804173,5.664215564727783
6528,-0.05833333358168602,4.789215564727783
6529,-0.04803921654820442,3.8308823108673096
6530,-0.06029411777853966,2.899509906768799
6531,-0.06715686619281769,1.8921568393707275
6532,-0.05147058889269829,0.8627451062202454
6533,-0.06911765038967133,-0.11274509876966476
6534,-0.06568627804517746,-1.1519607305526733
6535,-0.06666667014360428,-2.161764621734619
6536,-0.08088235557079315,-3.0147058963775635
6537,-0.07107843458652496,-3.882352828979492
6538,-0.09460784494876862,-4.674019813537598
6539,-0.061274509876966476,-5.377450942993164
6540,-0.053921569138765335,-6.031862735748291
6541,-0.062745101749897,-6.509803771972656
6542,-0.04411764815449715,-6.960784435272217
6543,-0.03970588371157646,-7.232842922210693
6544,-0.02598039247095585,-7.492647171020508
6545,-0.02500000037252903,-7.55637264251709
6546,-0.013725490309298038,-7.5
6547,-0.009803921915590763,-7.367647171020508
6548,-0.0058823530562222,-7.144608020782471
6549,0.009313725866377354,-6.808823585510254
6550,0.008823529817163944,-6.36274528503418
6551,0.0049019609577953815,-5.769608020782471
6552,0.03235294297337532,-5.188725471496582
6553,0.03186274692416191,-4.5
6554,0.026960784569382668,-3.757352828979492
6555,0.03186274692416191,-2.9877450466156006
6556,0.04117647185921669,-2.0857841968536377
6557,0.03872549161314964,-1.2328431606292725
6558,0.04264706000685692,-0.3186274468898773
6559,0.04313725605607033,0.5343137383460999
6560,0.04019607976078987,1.4264706373214722
6561,0.04362745210528374,2.2377450466156006
6562,0.05245098099112511,3.117647171020508
6563,0.0470588244497776,3.879901885986328
6564,0.04950980469584465,4.627450942993164
6565,0.045588236302137375,5.26225471496582
6566,0.030882352963089943,5.904411792755127
6567,0.03235294297337532,6.448529243469238
6568,0.04411764815449715,6.889705657958984
6569,0.02500000037252903,7.316176414489746
6570,0.02450980432331562,7.573529243469238
6571,0.026470588520169258,7.80637264251709
6572,0.011274510063230991,7.870098114013672
6573,0.013725490309298038,7.938725471496582
6574,0.0034313725773245096,7.848039150238037
6575,0.00637254910543561,7.678921699523926
6576,0.0,7.438725471496582
6577,-0.00637254910543561,7.142157077789307
6578,-0.022058824077248573,6.759803771972656
6579,-0.022058824077248573,6.294117450714111
6580,-0.022058824077248573,5.76225471496582
6581,-0.03431372717022896,5.176470756530762
6582,-0.03970588371157646,4.544117450714111
6583,-0.028431372717022896,3.870098114013672
6584,-0.03382353112101555,3.159313678741455
6585,-0.038235295563936234,2.377450942993164
6586,-0.03284313902258873,1.5833333730697632
6587,-0.04117647185921669,0.8676470518112183
6588,-0.05245098099112511,0.07352941483259201
6589,-0.046568628400564194,-0.7107843160629272
6590,-0.04803921654820442,-1.3970588445663452
6591,-0.054411765187978745,-2.154411792755127
6592,-0.04754902049899101,-2.8357841968536377
6593,-0.03333333507180214,-3.5416667461395264
6594,-0.04215686395764351,-4.142157077789307
6595,-0.0416666679084301,-4.708333492279053
6596,-0.036764707416296005,-5.176470756530762
6597,-0.03529411926865578,-5.598039150238037
6598,-0.04019607976078987,-5.953431606292725
6599,-0.019607843831181526,-6.227941036224365
6600,-0.021568628028035164,-6.416666507720947
6601,-0.01666666753590107,-6.625
6602,-0.014705882407724857,-6.647058963775635
6603,-0.007843137718737125,-6.622549057006836
6604,-0.0029411765281111,-6.514705657958984
6605,0.0009803922148421407,-6.264705657958984
6606,0.008333333767950535,-6.026960849761963
6607,0.006862745154649019,-5.674019813537598
6608,-0.0235294122248888,-5.274509906768799
6609,0.020588235929608345,-4.68137264251709
6610,-0.006862745154649019,-4.171568393707275
6611,0.0058823530562222,-3.5539214611053467
6612,0.009803921915590763,-2.811274528503418
6613,0.010784314014017582,-2.127450942993164
6614,0.03284313902258873,-1.3799020051956177
6615,0.035784315317869186,-0.593137264251709
6616,0.029901960864663124,0.2450980395078659
6617,0.03872549161314964,1.066176414489746
6618,0.04019607976078987,1.8602941036224365
6619,0.03921568766236305,2.713235378265381
6620,0.04411764815449715,3.5441176891326904
6621,0.03921568766236305,4.274509906768799
6622,0.046568628400564194,5.022058963775635
6623,0.045588236302137375,5.715686321258545
6624,0.03529411926865578,6.333333492279053
6625,0.04019607976078987,6.906862735748291
6626,0.03382353112101555,7.397058963775635
6627,0.02500000037252903,7.830882549285889
6628,0.027941176667809486,8.122549057006836
6629,0.010784314014017582,8.394607543945312
6630,0.020098039880394936,8.551470756530762
6631,0.014215686358511448,8.588234901428223
6632,0.003921568859368563,8.546568870544434
6633,0.009313725866377354,8.438725471496582
6634,-0.014215686358511448,8.16911792755127
6635,-0.01225490216165781,7.813725471496582
6636,-0.022549020126461983,7.375
6637,-0.021078431978821754,6.855391979217529
6638,-0.029901960864663124,6.269608020782471
6639,-0.03921568766236305,5.588235378265381
6640,-0.04117647185921669,4.845588207244873
6641,-0.037254903465509415,4.046568393707275
6642,-0.0416666679084301,3.1960785388946533
6643,-0.04264706000685692,2.2696077823638916
6644,-0.05098039284348488,1.3872549533843994
6645,-0.04411764815449715,0.44607841968536377
6646,-0.05833333358168602,-0.5367646813392639
6647,-0.062254901975393295,-1.3799020051956177
6648,-0.06029411777853966,-2.274509906768799
6649,-0.05833333358168602,-3.1470587253570557
6650,-0.061764705926179886,-3.94362735748291
6651,-0.037745099514722824,-4.752450942993164
6652,-0.05588235333561897,-5.475490093231201
6653,-0.04117647185921669,-6.156862735748291
6654,-0.05637254938483238,-6.644608020782471
6655,-0.026960784569382668,-7.129901885986328
6656,-0.04019607976078987,-7.465686321258545
6657,-0.020588235929608345,-7.73774528503418
6658,-0.02500000037252903,-7.93137264251709
6659,-0.018137255683541298,-7.936274528503418
6660,0.01568627543747425,-7.921568393707275
6661,-0.01764705963432789,-7.715686321258545
6662,-0.0117647061124444,-7.465686321258545
6663,0.01274509821087122,-7.105391979217529
6664,0.0019607844296842813,-6.676470756530762
6665,0.029411764815449715,-6.122549057006836
6666,-0.003921568859368563,-5.522058963775635
6667,-0.035784315317869186,-4.855391979217529
6668,0.003921568859368563,-4.017157077789307
6669,0.022549020126461983,-3.247549057006836
6670,0.0058823530562222,-2.3921568393707275
6671,0.03872549161314964,-1.4877450466156006
6672,0.04313725605607033,-0.5514705777168274
6673,0.04019607976078987,0.3480392098426819
6674,0.046568628400564194,1.2303920984268188
6675,0.04313725605607033,2.151960849761963
6676,0.05000000074505806,3.05637264251709
6677,0.0470588244497776,3.8848040103912354
6678,0.037745099514722824,4.656862735748291
6679,0.037745099514722824,5.372549057006836
6680,0.04411764815449715,6.078431606292725
6681,0.04754902049899101,6.651960849761963
6682,0.04117647185921669,7.205882549285889
6683,0.028431372717022896,7.651960849761963
6684,0.02549019642174244,8.03186321258545
6685,0.010784314014017582,8.26225471496582
6686,0.02450980432331562,8.492647171020508
6687,0.013725490309298038,8.541666984558105
6688,0.007352941203862429,8.55637264251709
6689,-0.053431373089551926,8.477941513061523
6690,0.028431372717022896,8.289216041564941
6691,-0.02401960827410221,8.017156600952148
6692,0.0019607844296842813,7.68137264251709
6693,-0.0058823530562222,7.276960849761963
6694,-0.036764707416296005,6.796568393707275
6695,-0.021078431978821754,6.232842922210693
6696,-0.026960784569382668,5.664215564727783
6697,-0.03235294297337532,5.0
6698,-0.028431372717022896,4.325980186462402
6699,-0.044607844203710556,3.617647171020508
6700,-0.03431372717022896,2.8578431606292725
6701,-0.04852941259741783,2.1029412746429443
6702,-0.038235295563936234,1.3186274766921997
6703,-0.04215686395764351,0.561274528503418
6704,-0.028431372717022896,-0.21568627655506134
6705,-0.06078431382775307,-0.9485294222831726
6706,-0.022549020126461983,-1.6348038911819458
6707,-0.05098039284348488,-2.350490093231201
6708,-0.037745099514722824,-3.0
6709,-0.04754902049899101,-3.598039150238037
6710,-0.036274511367082596,-4.203431606292725
6711,-0.036274511367082596,-4.698529243469238
6712,-0.03284313902258873,-5.139705657958984
6713,-0.022058824077248573,-5.561274528503418
6714,-0.036274511367082596,-5.911764621734619
6715,-0.027450980618596077,-6.188725471496582
6716,-0.03333333507180214,-6.416666507720947
6717,-0.018627451732754707,-6.607842922210693
6718,-0.011274510063230991,-6.649509906768799
6719,-0.01764705963432789,-6.654411792755127
6720,-0.0034313725773245096,-6.617647171020508
6721,-0.003921568859368563,-6.48774528503418
6722,-0.00637254910543561,-6.30637264251709
6723,0.0,-6.05637264251709
6724,0.0009803922148421407,-5.75
6725,0.010294117964804173,-5.424019813537598
6726,0.0009803922148421407,-5.014705657958984
6727,0.020098039880394936,-4.490196228027344
6728,0.013725490309298038,-3.968137264251709
6729,0.029411764815449715,-3.4166667461395264
6730,0.02401960827410221,-2.8308823108673096
6731,0.0235294122248888,-2.2083332538604736
6732,0.03382353112101555,-1.4877450466156006
6733,0.02401960827410221,-0.8210784196853638
6734,0.037254903465509415,-0.11519607901573181
6735,0.036764707416296005,0.5833333134651184
6736,0.03529411926865578,1.345588207244873
6737,0.046078432351350784,2.120098114013672
6738,0.036274511367082596,2.8235294818878174
6739,0.03529411926865578,3.4779412746429443
6740,0.037254903465509415,4.151960849761963
6741,0.036274511367082596,4.821078300476074
6742,0.036274511367082596,5.453431606292725
6743,0.030882352963089943,6.026960849761963
6744,0.036274511367082596,6.492647171020508
6745,0.006862745154649019,7.019608020782471
6746,0.03480392321944237,7.433823585510254
6747,0.01764705963432789,7.799019813537598
6748,0.03186274692416191,8.036765098571777
6749,0.01225490216165781,8.311274528503418
6750,0.01666666753590107,8.416666984558105
6751,0.013235294260084629,8.433823585510254
6752,0.01225490216165781,8.441176414489746
6753,0.005392157007008791,8.303921699523926
6754,0.00147058826405555,8.198529243469238
6755,-0.007843137718737125,7.914215564727783
6756,-0.019117647781968117,7.56862735748291
6757,-0.013235294260084629,7.13725471496582
6758,-0.018137255683541298,6.617647171020508
6759,-0.022058824077248573,6.088235378265381
6760,-0.04754902049899101,5.463235378265381
6761,-0.020098039880394936,4.764705657958984
6762,-0.037745099514722824,4.061274528503418
6763,-0.03529411926865578,3.2401959896087646
6764,-0.03872549161314964,2.4485294818878174
6765,-0.04068627581000328,1.6127450466156006
6766,-0.04215686395764351,0.7720588445663452
6767,-0.04901960864663124,-0.10049019753932953
6768,-0.044607844203710556,-0.9289215803146362
6769,-0.04803921654820442,-1.7254902124404907
6770,-0.05245098099112511,-2.5833332538604736
6771,-0.0779411792755127,-3.3308823108673096
6772,-0.0887254923582077,-4.071078300476074
6773,-0.05833333358168602,-4.794117450714111
6774,-0.06029411777853966,-5.463235378265381
6775,-0.04019607976078987,-6.029411792755127
6776,-0.05000000074505806,-6.534313678741455
6777,-0.03529411926865578,-6.960784435272217
6778,-0.02401960827410221,-7.311274528503418
6779,-0.03333333507180214,-7.588235378265381
6780,-0.030392156913876534,-7.784313678741455
6781,-0.010784314014017582,-7.899509906768799
6782,-0.021568628028035164,-7.855391979217529
6783,-0.01225490216165781,-7.808823585510254
6784,-0.00637254910543561,-7.610294342041016
6785,-0.008333333767950535,-7.401960849761963
6786,0.008333333767950535,-7.046568393707275
6787,0.013235294260084629,-6.622549057006836
6788,0.01274509821087122,-6.107842922210693
6789,0.01274509821087122,-5.578431606292725
6790,0.020588235929608345,-4.958333492279053
6791,0.030882352963089943,-4.323529243469238
6792,0.0235294122248888,-3.649509906768799
6793,0.030882352963089943,-2.872549057006836
6794,0.03333333507180214,-2.1078431606292725
6795,0.029901960864663124,-1.3063725233078003
6796,0.0313725508749485,-0.531862735748291
6797,0.04117647185921669,0.29411765933036804
6798,0.037745099514722824,1.0539215803146362
6799,0.035784315317869186,1.8823529481887817
6800,0.045588236302137375,2.6397058963775635
6801,0.04215686395764351,3.3921568393707275
6802,0.029411764815449715,4.078431606292725
6803,0.022058824077248573,4.725490093231201
6804,0.04901960864663124,5.370098114013672
6805,0.008823529817163944,5.872549057006836
6806,0.03480392321944237,6.404411792755127
6807,-0.8200980424880981,6.784313678741455
6808,-0.6676470637321472,7.149509906768799
6809,0.5926470756530762,7.571078300476074
6810,-0.8715686202049255,7.710784435272217
6811,0.4000000059604645,8.007352828979492
6812,-0.1769607812166214,8.083333015441895
6813,-0.0009803922148421407,8.10049057006836
6814,0.0009803922148421407,8.166666984558105
6815,-0.0730392187833786,8.02450942993164
6816,0.01666666753590107,7.914215564727783
6817,-0.03431372717022896,7.727941036224365
6818,-0.036764707416296005,7.458333492279053
6819,-0.02549019642174244,7.107842922210693
6820,-0.03872549161314964,6.757352828979492
6821,-0.02549019642174244,6.357842922210693
6822,-0.03235294297337532,5.946078300476074
6823,-0.045588236302137375,5.441176414489746
6824,-0.036764707416296005,4.960784435272217
6825,-0.037745099514722824,4.377450942993164
6826,-0.02401960827410221,3.7892158031463623
6827,-0.04019607976078987,3.19362735748291
6828,-0.03480392321944237,2.566176414489746
6829,-0.03529411926865578,1.933823585510254
6830,-0.03921568766236305,1.3186274766921997
6831,-0.03921568766236305,0.6691176295280457
6832,-0.03284313902258873,0.022058824077248573
6833,-0.044607844203710556,-0.5833333134651184
6834,-0.037254903465509415,-1.2303920984268188
6835,-0.03921568766236305,-1.8308823108673096
6836,-0.04019607976078987,-2.468137264251709
6837,-0.03480392321944237,-3.0416667461395264
6838,-0.04264706000685692,-3.6348040103912354
6839,-0.03382353112101555,-4.129901885986328
6840,-0.036274511367082596,-4.627450942993164
6841,-0.03872549161314964,-5.107842922210693
6842,-0.03431372717022896,-5.51225471496582
6843,-0.03186274692416191,-5.906862735748291
6844,-0.03284313902258873,-6.264705657958984
6845,-0.011274510063230991,-6.536764621734619
6846,-0.02500000037252903,-6.715686321258545
6847,-0.01666666753590107,-6.901960849761963
6848,-0.020098039880394936,-7.044117450714111
6849,-0.005392157007008791,-7.078431606292725
6850,-0.010294117964804173,-7.085784435272217
6851,-0.010784314014017582,-7.022058963775635
6852,-0.004411764908581972,-6.857842922210693
6853,-0.0058823530562222,-6.683823585510254
6854,0.0049019609577953815,-6.43137264251709
6855,0.00147058826405555,-6.066176414489746
6856,0.008823529817163944,-5.691176414489746
6857,0.01274509821087122,-5.272058963775635
6858,0.023039216175675392,-4.754901885986328
6859,0.01764705963432789,-4.198529243469238
6860,0.019607843831181526,-3.5833332538604736
6861,0.030392156913876534,-2.9215686321258545
6862,0.018627451732754707,-2.2696077823638916
6863,0.02401960827410221,-1.529411792755127
6864,0.029411764815449715,-0.8039215803146362
6865,0.02598039247095585,-0.03921568766236305
6866,0.05098039284348488,0.688725471496582
6867,0.004411764908581972,1.468137264251709
6868,0.0470588244497776,2.247549057006836
6869,0.03235294297337532,3.0098040103912354
6870,0.04313725605607033,3.718137264251709
6871,0.03235294297337532,4.482842922210693
6872,0.04019607976078987,5.183823585510254
6873,0.029901960864663124,5.838235378265381
6874,-0.01715686358511448,6.441176414489746
6875,0.030882352963089943,6.977941036224365
6876,0.02450980432331562,7.453431606292725
6877,0.0058823530562222,7.889705657958984
6878,0.0235294122248888,8.26225471496582
6879,0.010784314014017582,8.522058486938477
6880,0.018137255683541298,8.77450942993164
6881,0.013235294260084629,8.948529243469238
6882,-0.009803921915590763,8.990196228027344
6883,-0.3137255012989044,8.948529243469238
6884,-0.6392157077789307,8.835783958435059
6885,0.27892157435417175,8.740196228027344
6886,-0.42843136191368103,8.436274528503418
6887,0.11421568691730499,8.19362735748291
6888,-0.1563725471496582,7.813725471496582
6889,-0.09656862914562225,7.333333492279053
6890,-0.005392157007008791,6.892157077789307
6891,-0.06911765038967133,6.372549057006836
6892,-0.052941177040338516,5.723039150238037
6893,-0.03235294297337532,5.125
6894,-0.06323529779911041,4.455882549285889
6895,-0.04264706000685692,3.781862735748291
6896,-0.04215686395764351,3.117647171020508
6897,-0.052941177040338516,2.3602941036224365
6898,-0.04411764815449715,1.6421568393707275
6899,-0.06078431382775307,0.938725471496582
6900,-0.03480392321944237,0.18137255311012268
6901,-0.04803921654820442,-0.5367646813392639
6902,-0.08235294371843338,-1.2034313678741455
6903,-0.04362745210528374,-1.8529411554336548
6904,-0.0470588244497776,-2.497549057006836
6905,-0.06568627804517746,-3.0539214611053467
6906,-0.04215686395764351,-3.6789214611053467
6907,-0.046568628400564194,-4.196078300476074
6908,-0.05686274543404579,-4.686274528503418
6909,-0.037254903465509415,-5.142157077789307
6910,-0.04215686395764351,-5.534313678741455
6911,-0.027941176667809486,-5.840686321258545
6912,-0.027941176667809486,-6.149509906768799
6913,-0.03872549161314964,-6.365196228027344
6914,-0.02598039247095585,-6.575980186462402
6915,-0.018137255683541298,-6.700980186462402
6916,-0.020588235929608345,-6.803921699523926
6917,-0.020588235929608345,-6.850490093231201
6918,-0.004411764908581972,-6.835784435272217
6919,-0.008333333767950535,-6.786764621734619
6920,-0.006862745154649019,-6.674019813537598
6921,-0.01274509821087122,-6.507352828979492
6922,-0.011274510063230991,-6.338235378265381
6923,0.0029411765281111,-6.075980186462402
6924,0.003921568859368563,-5.808823585510254
6925,0.0049019609577953815,-5.492647171020508
6926,0.0029411765281111,-5.161764621734619
6927,0.013725490309298038,-4.76225471496582
6928,0.01666666753590107,-4.352941036224365
6929,0.008333333767950535,-3.9215686321258545
6930,0.014705882407724857,-3.409313678741455
6931,0.013725490309298038,-2.93137264251709
6932,0.011274510063230991,-2.3970587253570557
6933,0.020098039880394936,-1.8553920984268188
6934,0.0235294122248888,-1.308823585510254
6935,0.01764705963432789,-0.6960784196853638
6936,0.03186274692416191,-0.09803921729326248
6937,0.018627451732754707,0.4803921580314636
6938,0.029901960864663124,1.093137264251709
6939,0.02401960827410221,1.7230392694473267
6940,0.009803921915590763,2.338235378265381
6941,0.19068627059459686,2.938725471496582
6942,0.28480392694473267,3.5833332538604736
6943,-0.7455882430076599,4.090686321258545
6944,0.800000011920929,4.708333492279053
6945,-0.9544117450714111,5.232842922210693
6946,0.5137255191802979,5.776960849761963
6947,-0.281862735748291,6.286764621734619
6948,0.16274510324001312,6.718137264251709
6949,0.003921568859368563,7.125
6950,-0.0470588244497776,7.492647171020508
6951,0.07450980693101883,7.882352828979492
6952,0.0034313725773245096,8.142156600952148
6953,-0.014215686358511448,8.392156600952148
6954,0.036274511367082596,8.553921699523926
6955,-0.013725490309298038,8.642156600952148
6956,0.014215686358511448,8.715685844421387
6957,0.00637254910543561,8.700980186462402
6958,-0.01715686358511448,8.598039627075195
6959,-0.0019607844296842813,8.485294342041016
6960,-0.01274509821087122,8.284314155578613
6961,-0.01666666753590107,7.980391979217529
6962,-0.01715686358511448,7.69362735748291
6963,-0.02549019642174244,7.299019813537598
6964,-0.02549019642174244,6.843137264251709
6965,-0.026960784569382668,6.357842922210693
6966,-0.03186274692416191,5.855391979217529
6967,-0.029901960864663124,5.23774528503418
6968,-0.01666666753590107,4.622549057006836
6969,-0.07598039507865906,3.965686321258545
6970,0.0,3.313725471496582
6971,-0.07450980693101883,2.56862735748291
6972,-0.028921568766236305,1.8480392694473267
6973,-0.05931372568011284,1.095588207244873
6974,-0.03382353112101555,0.38235294818878174
6975,-0.0470588244497776,-0.375
6976,-0.05245098099112511,-1.0392156839370728
6977,-0.05147058889269829,-1.7573529481887817
6978,-0.037745099514722824,-2.411764621734619
6979,-0.04068627581000328,-3.095588207244873
6980,-0.045098040252923965,-3.7058823108673096
6981,-0.045098040252923965,-4.311274528503418
6982,-0.03970588371157646,-4.813725471496582
6983,-0.044607844203710556,-5.294117450714111
6984,-0.03235294297337532,-5.754901885986328
6985,-0.030882352963089943,-6.117647171020508
6986,-0.026960784569382668,-6.504901885986328
6987,-0.01666666753590107,-6.725490093231201
6988,-0.03333333507180214,-6.94362735748291
6989,-0.01568627543747425,-7.115196228027344
6990,-0.019117647781968117,-7.23774528503418
6991,-0.013235294260084629,-7.321078300476074
6992,-0.003921568859368563,-7.340686321258545
6993,0.0034313725773245096,-7.259803771972656
6994,-0.009803921915590763,-7.174019813537598
6995,0.0024509804788976908,-7.019608020782471
6996,-0.0009803922148421407,-6.843137264251709
6997,-0.0029411765281111,-6.595588207244873
6998,0.0024509804788976908,-6.284313678741455
6999,0.0,-5.997549057006836
7000,0.013725490309298038,-5.649509906768799
7001,0.01568627543747425,-5.252450942993164
7002,0.0058823530562222,-4.86274528503418
7003,0.018137255683541298,-4.455882549285889
7004,0.015196078456938267,-3.9828431606292725
7005,0.02549019642174244,-3.534313678741455
7006,0.02450980432331562,-3.034313678741455
7007,0.02500000037252903,-2.561274528503418
7008,0.022549020126461983,-2.0416667461395264
7009,0.020098039880394936,-1.4632352590560913
7010,0.035784315317869186,-0.9117646813392639
7011,0.15245097875595093,-0.3970588147640228
7012,0.2514705955982208,0.12745098769664764
7013,-0.2906862795352936,0.6348039507865906
7014,0.43431371450424194,1.2009804248809814
7015,-0.22107842564582825,1.6985293626785278
7016,0.16764706373214722,2.2328431606292725
7017,0.026470588520169258,2.784313678741455
7018,0.020588235929608345,3.286764621734619
7019,0.10196078568696976,3.7990195751190186
7020,-0.028431372717022896,4.264705657958984
7021,0.05000000074505806,4.754901885986328
7022,0.029901960864663124,5.213235378265381
7023,0.030392156913876534,5.686274528503418
7024,0.03284313902258873,6.078431606292725
7025,0.022058824077248573,6.473039150238037
7026,-0.06323529779911041,6.865196228027344
7027,-0.04313725605607033,7.164215564727783
7028,-0.02598039247095585,7.448529243469238
7029,-0.0235294122248888,7.764705657958984
7030,-0.0029411765281111,7.98774528503418
7031,-0.003921568859368563,8.196078300476074
7032,0.00637254910543561,8.335783958435059
7033,0.009803921915590763,8.404411315917969
7034,0.014215686358511448,8.477941513061523
7035,0.0004901961074210703,8.485294342041016
7036,0.00147058826405555,8.453431129455566
7037,-0.008823529817163944,8.328431129455566
7038,-0.00147058826405555,8.25
7039,-0.010294117964804173,7.98774528503418
7040,0.005392157007008791,7.732842922210693
7041,-0.005392157007008791,7.428921699523926
7042,-0.01568627543747425,7.107842922210693
7043,-0.01274509821087122,6.676470756530762
7044,-0.01568627543747425,6.205882549285889
7045,-0.021568628028035164,5.698529243469238
7046,-0.01715686358511448,5.166666507720947
7047,-0.023039216175675392,4.61274528503418
7048,-0.036274511367082596,4.007352828979492
7049,-0.044607844203710556,3.3921568393707275
7050,-0.03480392321944237,2.7303922176361084
7051,-0.026960784569382668,2.090686321258545
7052,-0.03970588371157646,1.3872549533843994
7053,-0.036274511367082596,0.7156862616539001
7054,-0.03970588371157646,0.01715686358511448
7055,-0.05049019679427147,-0.6764705777168274
7056,-0.036274511367082596,-1.375
7057,-0.0470588244497776,-1.9926470518112183
7058,-0.04019607976078987,-2.595588207244873
7059,-0.03872549161314964,-3.2083332538604736
7060,-0.03235294297337532,-3.786764621734619
7061,-0.037254903465509415,-4.338235378265381
7062,-0.0313725508749485,-4.816176414489746
7063,-0.029411764815449715,-5.269608020782471
7064,-0.0235294122248888,-5.747549057006836
7065,-0.02598039247095585,-6.063725471496582
7066,-0.0235294122248888,-6.450980186462402
7067,-0.014215686358511448,-6.659313678741455
7068,-0.030882352963089943,-6.889705657958984
7069,-0.021568628028035164,-7.098039150238037
7070,-0.01225490216165781,-7.235294342041016
7071,-0.013725490309298038,-7.325980186462402
7072,-0.0049019609577953815,-7.330882549285889
7073,-0.0029411765281111,-7.294117450714111
7074,-0.0029411765281111,-7.296568393707275
7075,-0.008333333767950535,-7.144608020782471
7076,-0.0009803922148421407,-7.0
7077,0.0,-6.808823585510254
7078,0.005392157007008791,-6.629901885986328
7079,-0.0019607844296842813,-6.355391979217529
7080,-0.0009803922148421407,-6.066176414489746
7081,0.014705882407724857,-5.80637264251709
7082,0.0019607844296842813,-5.438725471496582
7083,0.013725490309298038,-5.127450942993164
7084,0.0,-4.752450942993164
7085,0.026960784569382668,-4.357842922210693
7086,0.03921568766236305,-3.965686321258545
7087,0.07058823853731155,-3.5220587253570557
7088,0.004411764908581972,-3.088235378265381
7089,0.04411764815449715,-2.6642158031463623
7090,0.019607843831181526,-2.223039150238037
7091,0.02401960827410221,-1.7377450466156006
7092,0.021568628028035164,-1.25
7093,0.01715686358511448,-0.7843137383460999
7094,0.04117647185921669,-0.32598039507865906
7095,0.036274511367082596,0.21568627655506134
7096,0.018627451732754707,0.6936274766921997
7097,0.03872549161314964,1.1715686321258545
7098,0.02401960827410221,1.627450942993164
7099,0.026470588520169258,2.1372549533843994
7100,0.029411764815449715,2.625
7101,0.02401960827410221,3.149509906768799
7102,0.027450980618596077,3.6642158031463623
7103,0.026960784569382668,4.06862735748291
7104,0.019117647781968117,4.580882549285889
7105,0.022549020126461983,5.019608020782471
7106,0.02401960827410221,5.531862735748291
7107,0.02598039247095585,5.892157077789307
7108,0.026470588520169258,6.352941036224365
7109,0.011274510063230991,6.732842922210693
7110,0.029411764815449715,7.051470756530762
7111,0.028921568766236305,7.428921699523926
7112,0.02450980432331562,7.723039150238037
7113,0.02500000037252903,8.0
7114,0.03529411926865578,8.240196228027344
7115,0.05098039284348488,8.448529243469238
7116,0.0049019609577953815,8.563725471496582
7117,0.03970588371157646,8.683823585510254
7118,0.00637254910543561,8.764705657958984
7119,0.01715686358511448,8.772058486938477
7120,0.01274509821087122,8.752450942993164
7121,-0.009313725866377354,8.647058486938477
7122,-0.003921568859368563,8.558823585510254
7123,-0.0029411765281111,8.325980186462402
7124,-0.011274510063230991,8.095588684082031
7125,-0.007843137718737125,7.803921699523926
7126,-0.01764705963432789,7.495098114013672
7127,-0.015196078456938267,7.090686321258545
7128,-0.020588235929608345,6.678921699523926
7129,-0.020588235929608345,6.281862735748291
7130,-0.02500000037252903,5.698529243469238
7131,-0.02500000037252903,5.232842922210693
7132,-0.0235294122248888,4.700980186462402
7133,-0.03235294297337532,4.122549057006836
7134,-0.0416666679084301,3.5465686321258545
7135,-0.022058824077248573,2.9534313678741455
7136,-0.035784315317869186,2.311274528503418
7137,-0.01715686358511448,1.7009804248809814
7138,-0.05147058889269829,1.0808823108673096
7139,-0.02598039247095585,0.4632352888584137
7140,-0.027450980618596077,-0.10294117778539658
7141,-0.035784315317869186,-0.6666666865348816
7142,-0.03529411926865578,-1.252450942993164
7143,-0.02401960827410221,-1.8039215803146362
7144,-0.03872549161314964,-2.372549057006836
7145,-0.03284313902258873,-2.8284313678741455
7146,-0.0416666679084301,-3.3210785388946533
7147,-0.035784315317869186,-3.8039214611053467
7148,-0.030882352963089943,-4.220588207244873
7149,-0.035784315317869186,-4.615196228027344
7150,-0.02549019642174244,-4.921568393707275
7151,-0.029901960864663124,-5.259803771972656
7152,-0.019117647781968117,-5.590686321258545
7153,-0.022058824077248573,-5.825980186462402
7154,-0.018137255683541298,-6.017157077789307
7155,-0.02598039247095585,-6.232842922210693
7156,-0.014215686358511448,-6.399509906768799
7157,-0.10735294222831726,-6.465686321258545
7158,-0.03186274692416191,-6.639705657958984
7159,-0.0676470622420311,-6.696078300476074
7160,0.005392157007008791,-6.772058963775635
7161,-0.02401960827410221,-6.823529243469238
7162,-0.015196078456938267,-6.799019813537598
7163,-0.0034313725773245096,-6.757352828979492
7164,-0.009313725866377354,-6.759803771972656
7165,0.0049019609577953815,-6.644608020782471
7166,-0.006862745154649019,-6.558823585510254
7167,-0.0034313725773245096,-6.473039150238037
7168,0.0019607844296842813,-6.350490093231201
7169,0.0004901961074210703,-6.156862735748291
7170,-0.0034313725773245096,-5.997549057006836
7171,0.0009803922148421407,-5.786764621734619
7172,0.013235294260084629,-5.580882549285889
7173,0.0004901961074210703,-5.313725471496582
7174,-0.005392157007008791,-5.115196228027344
7175,0.01274509821087122,-4.779411792755127
7176,0.022549020126461983,-4.455882549285889
7177,0.01568627543747425,-4.139705657958984
7178,0.010294117964804173,-3.779411792755127
7179,0.01617647148668766,-3.3921568393707275
7180,0.02500000037252903,-3.0171568393707275
7181,0.021078431978821754,-2.5539214611053467
7182,0.022549020126461983,-2.0784313678741455
7183,0.018627451732754707,-1.6029411554336548
7184,0.021568628028035164,-1.1323529481887817
7185,0.027450980618596077,-0.563725471496582
7186,0.02598039247095585,-0.0833333358168602
7187,0.027450980618596077,0.4779411852359772
7188,0.027450980618596077,1.0245097875595093
7189,0.026470588520169258,1.593137264251709
7190,0.035784315317869186,2.191176414489746
7191,0.029411764815449715,2.7034313678741455
7192,0.037745099514722824,3.3014705181121826
7193,0.022549020126461983,3.843137264251709
7194,0.037254903465509415,4.379901885986328
7195,0.023039216175675392,4.884803771972656
7196,0.028921568766236305,5.460784435272217
7197,0.0313725508749485,5.884803771972656
7198,0.027941176667809486,6.343137264251709
7199,0.028921568766236305,6.808823585510254
7200,0.021568628028035164,7.186274528503418
7201,0.023039216175675392,7.509803771972656
7202,0.01225490216165781,7.821078300476074
7203,0.02450980432331562,8.11274528503418
7204,0.01274509821087122,8.335783958435059
7205,0.0117647061124444,8.52450942993164
7206,0.006862745154649019,8.661765098571777
7207,0.010784314014017582,8.791666984558105
7208,0.00637254910543561,8.808823585510254
7209,0.007352941203862429,8.821078300476074
7210,0.005392157007008791,8.791666984558105
7211,0.00147058826405555,8.708333015441895
7212,0.00147058826405555,8.59313678741455
7213,-0.0034313725773245096,8.460783958435059
7214,-0.0004901961074210703,8.303921699523926
7215,-0.010784314014017582,8.029411315917969
7216,-0.014705882407724857,7.843137264251709
7217,-0.01764705963432789,7.588235378265381
7218,-0.014705882407724857,7.203431606292725
7219,-0.01568627543747425,6.941176414489746
7220,-0.01617647148668766,6.580882549285889
7221,-0.010294117964804173,6.19362735748291
7222,-0.011274510063230991,5.840686321258545
7223,-0.026960784569382668,5.519608020782471
7224,-0.015196078456938267,5.142157077789307
7225,-0.022058824077248573,4.723039150238037
7226,-0.02598039247095585,4.299019813537598
7227,-0.014705882407724857,3.9509804248809814
7228,-0.03235294297337532,3.55637264251709
7229,-0.021568628028035164,3.132352828979492
7230,-0.02450980432331562,2.7303922176361084
7231,-0.02549019642174244,2.313725471496582
7232,-0.0313725508749485,1.938725471496582
7233,-0.020588235929608345,1.5171568393707275
7234,-0.0235294122248888,1.1372549533843994
7235,-0.028431372717022896,0.7377451062202454
7236,-0.027450980618596077,0.3382352888584137
7237,-0.021568628028035164,-0.019607843831181526
7238,-0.01617647148668766,-0.42401960492134094
7239,-0.028921568766236305,-0.8284313678741455
7240,-0.03529411926865578,-1.2647058963775635
7241,-0.022549020126461983,-1.6323529481887817
7242,-0.022549020126461983,-2.058823585510254
7243,-0.022549020126461983,-2.475490093231201
7244,0.0,-2.870098114013672
7245,-0.03872549161314964,-3.2647058963775635
7246,-0.02598039247095585,-3.627450942993164
7247,-0.036764707416296005,-4.066176414489746
7248,-0.021078431978821754,-4.453431606292725
7249,-0.03480392321944237,-4.789215564727783
7250,-0.03431372717022896,-5.183823585510254
7251,-0.029901960864663124,-5.546568393707275
7252,-0.03186274692416191,-5.867647171020508
7253,-0.02401960827410221,-6.210784435272217
7254,-0.03921568766236305,-6.480391979217529
7255,-0.07941176742315292,-6.747549057006836
7256,-0.019607843831181526,-7.041666507720947
7257,-0.046568628400564194,-7.242647171020508
7258,-0.018627451732754707,-7.453431606292725
7259,-0.03970588371157646,-7.607842922210693
7260,-0.027450980618596077,-7.708333492279053
7261,-0.019117647781968117,-7.752450942993164
7262,-0.022549020126461983,-7.843137264251709
7263,-0.019117647781968117,-7.857842922210693
7264,-0.011274510063230991,-7.816176414489746
7265,-0.021568628028035164,-7.727941036224365
7266,-0.01274509821087122,-7.607842922210693
7267,-0.0004901961074210703,-7.424019813537598
7268,0.00147058826405555,-7.247549057006836
7269,0.006862745154649019,-6.992647171020508
7270,-0.003921568859368563,-6.696078300476074
7271,0.005392157007008791,-6.43137264251709
7272,0.008333333767950535,-6.058823585510254
7273,0.01617647148668766,-5.725490093231201
7274,0.007843137718737125,-5.291666507720947
7275,0.013235294260084629,-4.850490093231201
7276,0.010294117964804173,-4.473039150238037
7277,0.020588235929608345,-4.004901885986328
7278,0.01715686358511448,-3.5539214611053467
7279,0.0235294122248888,-3.0098040103912354
7280,0.026960784569382668,-2.55637264251709
7281,0.0235294122248888,-2.0759804248809814
7282,0.013725490309298038,-1.6176470518112183
7283,0.019607843831181526,-1.125
7284,0.013235294260084629,-0.656862735748291
7285,0.01617647148668766,-0.2132352888584137
7286,0.02500000037252903,0.24754901230335236
7287,0.01617647148668766,0.6911764740943909
7288,0.0235294122248888,1.122549057006836
7289,0.009313725866377354,1.502450942993164
7290,0.01568627543747425,1.9558823108673096
7291,0.015196078456938267,2.3333332538604736
7292,0.021078431978821754,2.7034313678741455
7293,0.009313725866377354,3.058823585510254
7294,0.007843137718737125,3.401960849761963
7295,0.014705882407724857,3.688725471496582
7296,0.03333333507180214,4.007352828979492
7297,0.008333333767950535,4.301470756530762
7298,0.009803921915590763,4.585784435272217
7299,0.029901960864663124,4.870098114013672
7300,-0.015196078456938267,5.156862735748291
7301,-0.01225490216165781,5.421568393707275
7302,0.0029411765281111,5.688725471496582
7303,0.07450980693101883,5.975490093231201
7304,1.8303921222686768,6.333333492279053
7305,-0.5259804129600525,6.463235378265381
7306,0.772549033164978,6.676470756530762
7307,0.07009804248809814,6.980391979217529
7308,0.05833333358168602,7.110294342041016
7309,0.13823530077934265,7.367647171020508
7310,0.10588235408067703,7.526960849761963
7311,-0.008333333767950535,7.76225471496582
7312,0.09607843309640884,7.941176414489746
7313,-0.003921568859368563,8.051470756530762
7314,0.09509804099798203,8.240196228027344
7315,-0.010784314014017582,8.360294342041016
7316,0.035784315317869186,8.44362735748291
7317,0.01617647148668766,8.519607543945312
7318,0.01617647148668766,8.551470756530762
7319,0.010784314014017582,8.571078300476074
7320,0.0058823530562222,8.607843399047852
7321,-0.013725490309298038,8.507352828979492
7322,0.01225490216165781,8.480392456054688
7323,-0.011274510063230991,8.35049057006836
7324,0.0009803922148421407,8.174019813537598
7325,-0.006862745154649019,8.022058486938477
7326,-0.010784314014017582,7.80637264251709
7327,-0.010784314014017582,7.531862735748291
7328,-0.018627451732754707,7.257352828979492
7329,-0.028431372717022896,6.948529243469238
7330,0.013725490309298038,6.583333492279053
7331,-0.015196078456938267,6.188725471496582
7332,-0.037254903465509415,5.80637264251709
7333,-0.01225490216165781,5.416666507720947
7334,-0.036764707416296005,4.933823585510254
7335,-0.028431372717022896,4.473039150238037
7336,-0.023039216175675392,4.009803771972656
7337,-0.030882352963089943,3.5392158031463623
7338,-0.03970588371157646,3.0392158031463623
7339,-0.02549019642174244,2.5392158031463623
7340,-0.03284313902258873,2.058823585510254
7341,-0.027450980618596077,1.6004902124404907
7342,-0.029411764815449715,1.095588207244873
7343,-0.026960784569382668,0.6102941036224365
7344,-0.03872549161314964,0.20588235557079315
7345,-0.03431372717022896,-0.25245097279548645
7346,-0.038235295563936234,-0.6642156839370728
7347,-0.036764707416296005,-1.093137264251709
7348,-0.030882352963089943,-1.497549057006836
7349,-0.028921568766236305,-1.872549057006836
7350,-0.004411764908581972,-2.218137264251709
7351,-0.05000000074505806,-2.5808823108673096
7352,-0.0024509804788976908,-2.840686321258545
7353,-0.036764707416296005,-3.1446077823638916
7354,-0.01764705963432789,-3.441176414489746
7355,-0.027450980618596077,-3.683823585510254
7356,-0.021078431978821754,-3.936274528503418
7357,-0.01764705963432789,-4.156862735748291
7358,-0.03284313902258873,-4.436274528503418
7359,-0.02549019642174244,-4.629901885986328
7360,-0.021568628028035164,-4.830882549285889
7361,-0.03284313902258873,-5.019608020782471
7362,-0.015196078456938267,-5.200980186462402
7363,-0.022058824077248573,-5.350490093231201
7364,-0.01715686358511448,-5.585784435272217
7365,-0.013725490309298038,-5.735294342041016
7366,-0.021078431978821754,-5.919117450714111
7367,-0.02598039247095585,-6.122549057006836
7368,-0.019607843831181526,-6.259803771972656
7369,-0.013235294260084629,-6.399509906768799
7370,-0.011274510063230991,-6.56862735748291
7371,-0.018137255683541298,-6.725490093231201
7372,-0.0235294122248888,-6.850490093231201
7373,-0.01225490216165781,-6.98774528503418
7374,-0.005392157007008791,-7.120098114013672
7375,-0.009313725866377354,-7.227941036224365
7376,-0.04754902049899101,-7.279411792755127
7377,-0.36176469922065735,-7.38725471496582
7378,0.46617648005485535,-7.348039150238037
7379,-0.3441176414489746,-7.394608020782471
7380,0.18333333730697632,-7.401960849761963
7381,-0.04215686395764351,-7.360294342041016
7382,-0.07156863063573837,-7.301470756530762
7383,0.0009803922148421407,-7.176470756530762
7384,0.019607843831181526,-7.095588207244873
7385,-0.05539215728640556,-6.884803771972656
7386,0.026960784569382668,-6.747549057006836
7387,-0.03333333507180214,-6.539215564727783
7388,0.022058824077248573,-6.281862735748291
7389,0.005392157007008791,-5.953431606292725
7390,0.00147058826405555,-5.68137264251709
7391,0.006862745154649019,-5.365196228027344
7392,0.0019607844296842813,-4.963235378265381
7393,0.01617647148668766,-4.61274528503418
7394,0.00637254910543561,-4.191176414489746
7395,0.0024509804788976908,-3.784313678741455
7396,0.00637254910543561,-3.348039150238037
7397,0.022549020126461983,-2.8921568393707275
7398,0.010784314014017582,-2.4509804248809814
7399,0.023039216175675392,-2.0220587253570557
7400,0.01274509821087122,-1.529411792755127
7401,0.0313725508749485,-1.1029411554336548
7402,0.015196078456938267,-0.6274510025978088
7403,0.022058824077248573,-0.17892156541347504
7404,0.015196078456938267,0.2450980395078659
7405,0.021078431978821754,0.6323529481887817
7406,0.013235294260084629,1.0465686321258545
7407,0.019607843831181526,1.4191176891326904
7408,0.010294117964804173,1.7769607305526733
7409,0.0117647061124444,2.1348040103912354
7410,0.021568628028035164,2.507352828979492
7411,0.01274509821087122,2.784313678741455
7412,0.01666666753590107,3.1053922176361084
7413,0.019117647781968117,3.406862735748291
7414,0.013235294260084629,3.6666667461395264
7415,0.008333333767950535,3.8848040103912354
7416,0.008333333767950535,4.132352828979492
7417,0.006862745154649019,4.365196228027344
7418,0.011274510063230991,4.56862735748291
7419,0.008333333767950535,4.754901885986328
7420,0.009803921915590763,4.985294342041016
7421,0.01225490216165781,5.218137264251709
7422,0.013725490309298038,5.426470756530762
7423,0.019607843831181526,5.615196228027344
7424,0.007352941203862429,5.813725471496582
7425,0.01617647148668766,6.036764621734619
7426,0.01225490216165781,6.149509906768799
7427,0.018137255683541298,6.433823585510254
7428,-0.0009803922148421407,6.634803771972656
7429,0.019117647781968117,6.848039150238037
7430,0.007843137718737125,7.036764621734619
7431,0.01274509821087122,7.23774528503418
7432,0.013235294260084629,7.43137264251709
7433,-0.0058823530562222,7.676470756530762
7434,0.026960784569382668,7.870098114013672
7435,-0.0058823530562222,8.02450942993164
7436,0.02549019642174244,8.227941513061523
7437,-0.0024509804788976908,8.357843399047852
7438,-0.8009803891181946,8.441176414489746
7439,0.6857843399047852,8.617647171020508
7440,-0.44607841968536377,8.732843399047852
7441,0.15735293924808502,8.767156600952148
7442,0.20980392396450043,8.877450942993164
7443,-0.1725490242242813,8.84313678741455
7444,0.1774509847164154,8.857843399047852
7445,-0.13431373238563538,8.789216041564941
7446,0.010294117964804173,8.789216041564941
7447,0.05098039284348488,8.700980186462402
7448,-0.07598039507865906,8.51225471496582
7449,0.05049019679427147,8.384803771972656
7450,-0.03872549161314964,8.171568870544434
7451,-0.005392157007008791,7.977941036224365
7452,-0.0058823530562222,7.730391979217529
7453,-0.019117647781968117,7.473039150238037
7454,-0.005392157007008791,7.149509906768799
7455,-0.0117647061124444,6.843137264251709
7456,-0.015196078456938267,6.495098114013672
7457,-0.014215686358511448,6.169117450714111
7458,-0.0029411765281111,5.799019813537598
7459,-0.06568627804517746,5.436274528503418
7460,0.014215686358511448,5.031862735748291
7461,-0.046078432351350784,4.69362735748291
7462,-0.0019607844296842813,4.299019813537598
7463,-0.03235294297337532,3.9191176891326904
7464,-0.026960784569382668,3.56862735748291
7465,-0.020098039880394936,3.2083332538604736
7466,-0.028921568766236305,2.8627450466156006
7467,-0.029411764815449715,2.5196077823638916
7468,-0.020098039880394936,2.218137264251709
7469,-0.01617647148668766,1.872549057006836
7470,-0.02598039247095585,1.627450942993164
7471,-0.02500000037252903,1.3602941036224365
7472,-0.030882352963089943,1.0367647409439087
7473,-0.01764705963432789,0.7990196347236633
7474,-0.01666666753590107,0.5245097875595093
7475,-0.018627451732754707,0.28431373834609985
7476,-0.022549020126461983,0.0882352963089943
7477,-0.02549019642174244,-0.18872548639774323
7478,-0.013725490309298038,-0.43382352590560913
7479,-0.015196078456938267,-0.593137264251709
7480,-0.005392157007008791,-0.8725489974021912
7481,-0.013725490309298038,-1.0833333730697632
7482,-0.010294117964804173,-1.3063725233078003
7483,-0.03333333507180214,-1.5245097875595093
7484,-0.008823529817163944,-1.7769607305526733
7485,-0.027450980618596077,-2.031862735748291
7486,-0.018137255683541298,-2.3210785388946533
7487,-0.022549020126461983,-2.5808823108673096
7488,-0.02401960827410221,-2.8308823108673096
7489,-0.023039216175675392,-3.161764621734619
7490,-0.015196078456938267,-3.4534313678741455
7491,-0.021568628028035164,-3.786764621734619
7492,-0.02450980432331562,-4.100490093231201
7493,-0.02401960827410221,-4.389705657958984
7494,-0.021078431978821754,-4.727941036224365
7495,-0.01666666753590107,-5.049019813537598
7496,-0.02401960827410221,-5.345588207244873
7497,-0.03284313902258873,-5.688725471496582
7498,-0.019117647781968117,-5.955882549285889
7499,-0.019117647781968117,-6.289215564727783
7500,-0.021078431978821754,-6.522058963775635
7501,-0.021568628028035164,-6.823529243469238
7502,-0.020588235929608345,-7.051470756530762
7503,-0.01617647148668766,-7.274509906768799
7504,-0.02598039247095585,-7.428921699523926
7505,-0.01715686358511448,-7.627450942993164
7506,-0.01764705963432789,-7.754901885986328
7507,-0.01666666753590107,-7.86274528503418
7508,-0.010294117964804173,-7.955882549285889
7509,0.005392157007008791,-7.970588207244873
7510,-0.05784313753247261,-8.002450942993164
7511,-0.39901959896087646,-8.022058486938477
7512,-0.053431373089551926,-7.946078300476074
7513,-0.04362745210528374,-7.825980186462402
7514,-0.2539215683937073,-7.840686321258545
7515,0.15392157435417175,-7.651960849761963
7516,-0.21960784494876862,-7.536764621734619
7517,-0.019117647781968117,-7.372549057006836
7518,-0.009803921915590763,-7.188725471496582
7519,-0.05539215728640556,-6.960784435272217
7520,0.029901960864663124,-6.799019813537598
7521,-0.0024509804788976908,-6.627450942993164
7522,0.07254902273416519,-6.382352828979492
7523,0.030882352963089943,-6.196078300476074
7524,0.003921568859368563,-6.004901885986328
7525,0.02549019642174244,-5.786764621734619
7526,-0.0049019609577953815,-5.598039150238037
7527,0.0004901961074210703,-5.401960849761963
7528,0.015196078456938267,-5.23774528503418
7529,-0.0009803922148421407,-5.058823585510254
7530,0.00637254910543561,-4.911764621734619
7531,0.01225490216165781,-4.799019813537598
7532,0.01274509821087122,-4.61274528503418
7533,0.0029411765281111,-4.485294342041016
7534,0.007843137718737125,-4.365196228027344
7535,-0.0009803922148421407,-4.223039150238037
7536,-0.0004901961074210703,-4.117647171020508
7537,0.008333333767950535,-4.0
7538,0.00637254910543561,-3.848039150238037
7539,0.020098039880394936,-3.725490093231201
7540,0.014215686358511448,-3.600490093231201
7541,0.0049019609577953815,-3.468137264251709
7542,0.009313725866377354,-3.2696077823638916
7543,0.010784314014017582,-3.058823585510254
7544,0.0049019609577953815,-2.901960849761963
7545,-0.05784313753247261,-2.7083332538604736
7546,0.0049019609577953815,-2.436274528503418
7547,-0.009313725866377354,-2.2401959896087646
7548,0.007352941203862429,-1.9215686321258545
7549,0.013235294260084629,-1.6715686321258545
7550,0.0029411765281111,-1.375
7551,0.003921568859368563,-1.0196079015731812
7552,0.01666666753590107,-0.6789215803146362
7553,0.01666666753590107,-0.2965686321258545
7554,0.01715686358511448,0.06862745434045792
7555,0.0049019609577953815,0.47058823704719543
7556,0.011274510063230991,0.8676470518112183
7557,0.027941176667809486,1.2892156839370728
7558,0.019607843831181526,1.686274528503418
7559,0.010784314014017582,2.100490093231201
7560,0.028921568766236305,2.5147058963775635
7561,0.0235294122248888,2.875
7562,0.022549020126461983,3.274509906768799
7563,0.02401960827410221,3.6789214611053467
7564,0.029901960864663124,3.9877450466156006
7565,0.013725490309298038,4.328431606292725
7566,0.013725490309298038,4.629901885986328
7567,0.020588235929608345,4.911764621734619
7568,0.02500000037252903,5.19362735748291
7569,0.010294117964804173,5.465686321258545
7570,0.02450980432331562,5.63725471496582
7571,0.014215686358511448,5.828431606292725
7572,0.0058823530562222,6.034313678741455
7573,0.0009803922148421407,6.178921699523926
7574,0.014215686358511448,6.269608020782471
7575,-0.0009803922148421407,6.38725471496582
7576,-0.00147058826405555,6.477941036224365
7577,-0.00147058826405555,6.551470756530762
7578,0.0009803922148421407,6.627450942993164
7579,0.007352941203862429,6.666666507720947
7580,-0.0029411765281111,6.68137264251709
7581,-0.008333333767950535,6.723039150238037
7582,0.003921568859368563,6.710784435272217
7583,0.0049019609577953815,6.789215564727783
7584,0.0029411765281111,6.828431606292725
7585,0.006862745154649019,6.870098114013672
7586,-0.0004901961074210703,6.906862735748291
7587,0.004411764908581972,7.002450942993164
7588,-0.0004901961074210703,7.078431606292725
7589,0.009803921915590763,7.151960849761963
7590,0.0009803922148421407,7.252450942993164
7591,0.009803921915590763,7.338235378265381
7592,0.008823529817163944,7.468137264251709
7593,0.015196078456938267,7.620098114013672
7594,0.00147058826405555,7.772058963775635
7595,0.004411764908581972,7.828431606292725
7596,0.015196078456938267,7.970588207244873
7597,0.0004901961074210703,8.132352828979492
7598,-0.009313725866377354,8.291666984558105
7599,-0.020588235929608345,8.414216041564941
7600,0.011274510063230991,8.553921699523926
7601,-0.018137255683541298,8.676470756530762
7602,-0.00637254910543561,8.769607543945312
7603,-0.0029411765281111,8.789216041564941
7604,-0.01568627543747425,8.879901885986328
7605,-0.006862745154649019,8.921568870544434
7606,-0.009313725866377354,8.94362735748291
7607,-0.004411764908581972,8.909314155578613
7608,-0.007352941203862429,8.879901885986328
7609,-0.021078431978821754,8.816176414489746
7610,0.0029411765281111,8.683823585510254
7611,-0.0049019609577953815,8.573529243469238
7612,-0.013725490309298038,8.414216041564941
7613,-0.014215686358511448,8.196078300476074
7614,-0.020588235929608345,8.01225471496582
7615,-0.013235294260084629,7.745098114013672
7616,-0.019607843831181526,7.534313678741455
7617,-0.0235294122248888,7.267157077789307
7618,-0.01715686358511448,7.017157077789307
7619,-0.01617647148668766,6.705882549285889
7620,-0.007843137718737125,6.419117450714111
7621,-0.018627451732754707,6.105391979217529
7622,-0.03921568766236305,5.799019813537598
7623,-0.019607843831181526,5.507352828979492
7624,-0.02450980432331562,5.223039150238037
7625,-0.009803921915590763,4.973039150238037
7626,-0.027450980618596077,4.68137264251709
7627,0.0029411765281111,4.43137264251709
7628,-0.01715686358511448,4.198529243469238
7629,-0.020588235929608345,4.002450942993164
7630,-0.01274509821087122,3.80637264251709
7631,-0.009803921915590763,3.6053922176361084
7632,-0.021078431978821754,3.4240195751190186
7633,-0.010784314014017582,3.308823585510254
7634,-0.01274509821087122,3.161764621734619
7635,-0.01666666753590107,3.031862735748291
7636,-0.007843137718737125,2.9485294818878174
7637,-0.007352941203862429,2.843137264251709
7638,-0.0049019609577953815,2.7671568393707275
7639,-0.01225490216165781,2.683823585510254
7640,-0.019607843831181526,2.593137264251709
7641,-0.013725490309298038,2.5171568393707275
7642,-0.007352941203862429,2.3970587253570557
7643,-0.0034313725773245096,2.2720587253570557
7644,-0.013235294260084629,2.183823585510254
7645,-0.01274509821087122,2.034313678741455
7646,-0.020098039880394936,1.904411792755127
7647,-0.019117647781968117,1.7450979948043823
7648,-0.01666666753590107,1.5416666269302368
7649,-0.021568628028035164,1.3872549533843994
7650,-0.021568628028035164,1.093137264251709
7651,-0.020098039880394936,0.8235294222831726
7652,-0.009803921915590763,0.5882353186607361
7653,0.013725490309298038,0.2549019753932953
7654,-0.054411765187978745,-0.036764707416296005
7655,-0.008823529817163944,-0.3480392098426819
7656,-0.0573529414832592,-0.7549019455909729
7657,-0.013725490309298038,-1.0710784196853638
7658,-0.04411764815449715,-1.441176414489746
7659,-0.020588235929608345,-1.781862735748291
7660,-0.021568628028035164,-2.161764621734619
7661,-0.01666666753590107,-2.4828431606292725
7662,-0.029901960864663124,-2.8921568393707275
7663,-0.01617647148668766,-3.1985294818878174
7664,-0.021568628028035164,-3.5147058963775635
7665,-0.018137255683541298,-3.882352828979492
7666,-0.021568628028035164,-4.117647171020508
7667,-0.020588235929608345,-4.375
7668,-0.018627451732754707,-4.629901885986328
7669,-0.0117647061124444,-4.860294342041016
7670,-0.01568627543747425,-5.041666507720947
7671,-0.026470588520169258,-5.220588207244873
7672,-0.005392157007008791,-5.328431606292725
7673,-0.015196078456938267,-5.455882549285889
7674,0.008823529817163944,-5.549019813537598
7675,-0.015196078456938267,-5.573529243469238
7676,-0.0049019609577953815,-5.602941036224365
7677,-0.006862745154649019,-5.620098114013672
7678,-0.0004901961074210703,-5.605391979217529
7679,-0.00637254910543561,-5.654411792755127
7680,-0.00147058826405555,-5.622549057006836
7681,0.0034313725773245096,-5.585784435272217
7682,-0.00637254910543561,-5.563725471496582
7683,-0.0049019609577953815,-5.48774528503418
7684,0.0,-5.544117450714111
7685,-0.0004901961074210703,-5.502450942993164
7686,-0.008333333767950535,-5.51225471496582
7687,-0.008333333767950535,-5.546568393707275
7688,-0.007352941203862429,-5.573529243469238
7689,-0.0049019609577953815,-5.617647171020508
7690,0.0019607844296842813,-5.708333492279053
7691,0.0,-5.808823585510254
7692,-0.011274510063230991,-5.93137264251709
7693,-0.006862745154649019,-6.044117450714111
7694,-0.010784314014017582,-6.218137264251709
7695,-0.013725490309298038,-6.384803771972656
7696,-0.008823529817163944,-6.504901885986328
7697,-0.014705882407724857,-6.730391979217529
7698,-0.013725490309298038,-6.928921699523926
7699,-0.006862745154649019,-7.125
7700,-0.00637254910543561,-7.313725471496582
7701,-0.021568628028035164,-7.536764621734619
7702,-0.008823529817163944,-7.75
7703,-0.019117647781968117,-7.884803771972656
7704,-0.01274509821087122,-8.063725471496582
7705,-0.01225490216165781,-8.176470756530762
7706,-0.003921568859368563,-8.291666984558105
7707,-0.0029411765281111,-8.401960372924805
7708,-0.008333333767950535,-8.473039627075195
7709,-0.0019607844296842813,-8.534314155578613
7710,-0.004411764908581972,-8.480392456054688
7711,0.009803921915590763,-8.51225471496582
7712,-0.0019607844296842813,-8.397058486938477
7713,-0.0029411765281111,-8.379901885986328
7714,0.0029411765281111,-8.230392456054688
7715,0.0034313725773245096,-8.095588684082031
7716,0.010294117964804173,-7.985294342041016
7717,-0.0004901961074210703,-7.735294342041016
7718,0.010784314014017582,-7.558823585510254
7719,0.011274510063230991,-7.323529243469238
7720,0.0058823530562222,-7.11274528503418
7721,0.0034313725773245096,-6.852941036224365
7722,0.008333333767950535,-6.575980186462402
7723,0.01274509821087122,-6.448529243469238
7724,0.015196078456938267,-6.156862735748291
7725,0.008823529817163944,-5.948529243469238
7726,0.0058823530562222,-5.774509906768799
7727,0.019117647781968117,-5.51225471496582
7728,0.008333333767950535,-5.394608020782471
7729,-0.013235294260084629,-5.274509906768799
7730,0.008333333767950535,-5.144608020782471
7731,-0.0029411765281111,-5.049019813537598
7732,0.01715686358511448,-4.985294342041016
7733,0.0029411765281111,-4.93137264251709
7734,-0.019607843831181526,-4.872549057006836
7735,0.014705882407724857,-4.904411792755127
7736,-0.014705882407724857,-4.882352828979492
7737,-0.0009803922148421407,-4.924019813537598
7738,0.005392157007008791,-4.936274528503418
7739,-0.003921568859368563,-5.039215564727783
7740,0.0009803922148421407,-5.110294342041016
7741,-0.005392157007008791,-5.134803771972656
7742,-0.005392157007008791,-5.174019813537598
7743,0.0024509804788976908,-5.259803771972656
7744,-0.0029411765281111,-5.279411792755127
7745,0.038235295563936234,-5.311274528503418
7746,0.02500000037252903,-5.311274528503418
7747,0.009803921915590763,-5.26225471496582
7748,-0.004411764908581972,-5.232842922210693
7749,-0.007843137718737125,-5.134803771972656
7750,-0.0049019609577953815,-5.100490093231201
7751,0.0024509804788976908,-4.916666507720947
7752,0.007352941203862429,-4.73774528503418
7753,-0.0024509804788976908,-4.553921699523926
7754,-0.005392157007008791,-4.352941036224365
7755,0.0117647061124444,-4.095588207244873
7756,0.0058823530562222,-3.776960849761963
7757,0.0058823530562222,-3.561274528503418
7758,0.0024509804788976908,-3.2303922176361084
7759,0.008823529817163944,-2.8897058963775635
7760,0.0019607844296842813,-2.563725471496582
7761,-0.04264706000685692,-2.25
7762,0.03970588371157646,-1.8651961088180542
7763,-0.0029411765281111,-1.5465686321258545
7764,0.00637254910543561,-1.183823585510254
7765,0.020098039880394936,-0.8627451062202454
7766,-0.0009803922148421407,-0.593137264251709
7767,0.009803921915590763,-0.3137255012989044
7768,0.007352941203862429,0.0
7769,0.005392157007008791,0.18382352590560913
7770,0.003921568859368563,0.4117647111415863
7771,0.008823529817163944,0.5245097875595093
7772,0.009313725866377354,0.6960784196853638
7773,-0.00147058826405555,0.811274528503418
7774,-0.00147058826405555,0.9166666865348816
7775,-0.0034313725773245096,0.9289215803146362
7776,-0.0019607844296842813,0.9583333134651184
7777,-0.009313725866377354,0.9950980544090271
7778,0.0,0.9828431606292725
7779,0.0,0.9411764740943909
7780,-0.00637254910543561,0.9142156839370728
7781,-0.010784314014017582,0.8235294222831726
7782,-0.015196078456938267,0.7867646813392639
7783,-0.014215686358511448,0.7303921580314636
7784,0.00147058826405555,0.6691176295280457
7785,-0.01225490216165781,0.595588207244873
7786,-0.0004901961074210703,0.6151960492134094
7787,-0.008333333767950535,0.5980392098426819
7788,0.0117647061124444,0.6813725233078003
7789,-0.03382353112101555,0.7083333134651184
7790,0.03382353112101555,0.779411792755127
7791,-0.019117647781968117,0.8823529481887817
7792,0.0034313725773245096,1.0122549533843994
7793,-0.3686274588108063,1.1421568393707275
7794,-1.8852940797805786,1.2426470518112183
7795,0.8098039031028748,1.558823585510254
7796,-1.2348039150238037,1.845588207244873
7797,0.1769607812166214,2.090686321258545
7798,-0.23774509131908417,2.4460785388946533
7799,-0.03186274692416191,2.718137264251709
7800,-0.10000000149011612,3.095588207244873
7801,-0.03235294297337532,3.4485294818878174
7802,-0.05833333358168602,3.7352941036224365
7803,0.029411764815449715,4.083333492279053
7804,-0.062254901975393295,4.409313678741455
7805,0.0117647061124444,4.740196228027344
7806,-0.014705882407724857,5.002450942993164
7807,0.0024509804788976908,5.316176414489746
7808,0.009313725866377354,5.56862735748291
7809,-0.005392157007008791,5.747549057006836
7810,0.0004901961074210703,5.985294342041016
7811,-0.004411764908581972,6.088235378265381
7812,0.0058823530562222,6.218137264251709
7813,-0.0049019609577953815,6.299019813537598
7814,0.0034313725773245096,6.348039150238037
7815,-0.014215686358511448,6.355391979217529
7816,-0.0029411765281111,6.36274528503418
7817,-0.0009803922148421407,6.218137264251709
7818,-0.0034313725773245096,6.200980186462402
7819,0.00147058826405555,6.071078300476074
7820,-0.005392157007008791,5.997549057006836
7821,-0.008333333767950535,5.796568393707275
7822,-0.007352941203862429,5.676470756530762
7823,-0.0024509804788976908,5.549019813537598
7824,-0.014705882407724857,5.411764621734619
7825,-0.010294117964804173,5.274509906768799
7826,-0.007843137718737125,5.129901885986328
7827,-0.005392157007008791,4.995098114013672
7828,-0.0029411765281111,4.975490093231201
7829,0.005392157007008791,4.899509906768799
7830,-0.0029411765281111,4.875
7831,-0.029901960864663124,4.850490093231201
7832,-0.0024509804788976908,4.906862735748291
7833,0.0029411765281111,5.009803771972656
7834,-0.0024509804788976908,5.107842922210693
7835,-0.01568627543747425,5.26225471496582
7836,0.0313725508749485,5.426470756530762
7837,-0.011274510063230991,5.683823585510254
7838,0.02549019642174244,5.906862735748291
7839,-0.00147058826405555,6.166666507720947
7840,0.018137255683541298,6.468137264251709
7841,0.010294117964804173,6.727941036224365
7842,0.01715686358511448,7.017157077789307
7843,0.006862745154649019,7.330882549285889
7844,0.023039216175675392,7.659313678741455
7845,0.01225490216165781,7.884803771972656
7846,0.009803921915590763,8.125
7847,0.01274509821087122,8.397058486938477
7848,-0.007352941203862429,8.625
7849,0.0117647061124444,8.801470756530762
7850,0.007352941203862429,8.982843399047852
7851,0.007352941203862429,9.06862735748291
7852,0.011274510063230991,9.127450942993164
7853,0.0058823530562222,9.191176414489746
7854,-0.02598039247095585,9.117647171020508
7855,-0.272549033164978,9.107843399047852
7856,0.509313702583313,9.058823585510254
7857,-0.3578431308269501,8.924019813537598
7858,0.22598038613796234,8.727941513061523
7859,-0.06666667014360428,8.629901885986328
7860,-0.05245098099112511,8.35049057006836
7861,0.019117647781968117,8.151960372924805
7862,0.007352941203862429,7.911764621734619
7863,-0.03529411926865578,7.598039150238037
7864,0.011274510063230991,7.406862735748291
7865,-0.04068627581000328,7.120098114013672
7866,0.00147058826405555,6.860294342041016
7867,-0.018627451732754707,6.678921699523926
7868,-0.01764705963432789,6.497549057006836
7869,-0.014215686358511448,6.343137264251709
7870,-0.013235294260084629,6.198529243469238
7871,-0.00147058826405555,6.095588207244873
7872,-0.0117647061124444,6.046568393707275
7873,-0.004411764908581972,6.051470756530762
7874,-0.0004901961074210703,6.06862735748291
7875,-0.003921568859368563,6.11274528503418
7876,-0.007352941203862429,6.208333492279053
7877,0.0009803922148421407,6.382352828979492
7878,0.00147058826405555,6.583333492279053
7879,0.014215686358511448,6.745098114013672
7880,0.02401960827410221,6.98774528503418
7881,-0.005392157007008791,7.257352828979492
7882,0.01617647148668766,7.519608020782471
7883,0.013725490309298038,7.821078300476074
7884,0.007352941203862429,8.078431129455566
7885,0.00147058826405555,8.379901885986328
7886,0.022549020126461983,8.605392456054688
7887,0.008333333767950535,8.867647171020508
7888,0.0117647061124444,9.063725471496582
7889,0.007352941203862429,9.279411315917969
7890,0.007843137718737125,9.416666984558105
7891,0.0009803922148421407,9.539216041564941
7892,0.0009803922148421407,9.617647171020508
7893,-0.0019607844296842813,9.654411315917969
7894,0.0,9.602941513061523
7895,0.0004901961074210703,9.522058486938477
7896,-0.007352941203862429,9.426470756530762
7897,-0.013725490309298038,9.242647171020508
7898,-0.01617647148668766,9.085783958435059
7899,-0.009313725866377354,8.875
7900,-0.018627451732754707,8.55637264251709
7901,-0.0235294122248888,8.235294342041016
7902,-0.020588235929608345,7.948529243469238
7903,-0.023039216175675392,7.622549057006836
7904,-0.01764705963432789,7.31862735748291
7905,-0.026960784569382668,6.916666507720947
7906,-0.013725490309298038,6.632352828979492
7907,-0.01568627543747425,6.227941036224365
7908,-0.013725490309298038,6.034313678741455
7909,-0.023039216175675392,5.73774528503418
7910,-0.015196078456938267,5.517157077789307
7911,-0.018137255683541298,5.30637264251709
7912,-0.01274509821087122,5.161764621734619
7913,-0.013235294260084629,5.041666507720947
7914,-0.011274510063230991,5.036764621734619
7915,-0.022058824077248573,5.017157077789307
7916,0.0004901961074210703,5.06862735748291
7917,-0.00147058826405555,5.188725471496582
7918,0.0009803922148421407,5.330882549285889
7919,0.003921568859368563,5.51225471496582
7920,0.003921568859368563,5.691176414489746
7921,0.007352941203862429,5.936274528503418
7922,-0.0009803922148421407,6.245098114013672
7923,0.02500000037252903,6.539215564727783
7924,-0.01274509821087122,6.835784435272217
7925,0.018137255683541298,7.149509906768799
7926,0.005392157007008791,7.458333492279053
7927,0.09754902124404907,7.745098114013672
7928,1.301960825920105,8.127450942993164
7929,-0.9946078658103943,8.23774528503418
7930,1.2362744808197021,8.485294342041016
7931,-0.6872549057006836,8.647058486938477
7932,0.3436274528503418,8.68137264251709
7933,-0.036274511367082596,8.83088207244873
7934,0.046568628400564194,8.813725471496582
7935,0.07647059112787247,8.796568870544434
7936,-0.027450980618596077,8.65686321258545
7937,-0.0004901961074210703,8.536765098571777
7938,0.05931372568011284,8.311274528503418
7939,-0.0470588244497776,8.120098114013672
7940,-0.01666666753590107,7.730391979217529
7941,0.010294117964804173,7.428921699523926
7942,-0.04215686395764351,7.107842922210693
7943,-0.0034313725773245096,6.705882549285889
7944,-0.03382353112101555,6.274509906768799
7945,-0.026470588520169258,5.879901885986328
7946,-0.026960784569382668,5.468137264251709
7947,-0.02450980432331562,5.107842922210693
7948,-0.021568628028035164,4.686274528503418
7949,-0.036274511367082596,4.367647171020508
7950,-0.037254903465509415,4.007352828979492
7951,-0.018627451732754707,3.7279412746429443
7952,-0.027450980618596077,3.5098040103912354
7953,-0.021078431978821754,3.345588207244873
7954,-0.01666666753590107,3.1789214611053467
7955,-0.061764705926179886,3.090686321258545
7956,-0.00637254910543561,3.100490093231201
7957,-0.022058824077248573,3.1666667461395264
7958,-0.01617647148668766,3.2622549533843994
7959,-0.0024509804788976908,3.3897058963775635
7960,-0.0009803922148421407,3.6102941036224365
7961,0.0058823530562222,3.906862735748291
7962,-0.0019607844296842813,4.213235378265381
7963,0.01617647148668766,4.51225471496582
7964,0.003921568859368563,4.865196228027344
7965,0.007352941203862429,5.321078300476074
7966,0.020098039880394936,5.590686321258545
7967,0.013725490309298038,5.982842922210693
7968,0.01568627543747425,6.348039150238037
7969,0.020588235929608345,6.661764621734619
7970,0.021568628028035164,6.970588207244873
7971,0.008333333767950535,7.205882549285889
7972,0.021568628028035164,7.465686321258545
7973,0.004411764908581972,7.571078300476074
7974,0.007352941203862429,7.666666507720947
7975,0.0058823530562222,7.678921699523926
7976,-0.0019607844296842813,7.703431606292725
7977,0.0,7.595588207244873
7978,0.0024509804788976908,7.436274528503418
7979,-0.0024509804788976908,7.213235378265381
7980,-0.008333333767950535,6.919117450714111
7981,-0.007843137718737125,6.625
7982,-0.009313725866377354,6.26225471496582
7983,-0.018627451732754707,5.803921699523926
7984,-0.054411765187978745,5.370098114013672
7985,-0.01274509821087122,4.909313678741455
7986,-0.05637254938483238,4.397058963775635
7987,-0.0313725508749485,3.933823585510254
7988,-0.036764707416296005,3.4215686321258545
7989,-0.035784315317869186,2.9803922176361084
7990,-0.027941176667809486,2.5759804248809814
7991,-0.03382353112101555,2.1789214611053467
7992,-0.0235294122248888,1.811274528503418
7993,-0.07009804248809814,1.558823585510254
7994,0.018627451732754707,1.311274528503418
7995,-0.053431373089551926,1.1078431606292725
7996,-0.0004901961074210703,1.0171568393707275
7997,-0.022549020126461983,1.029411792755127
7998,-0.008823529817163944,1.029411792755127
7999,-0.0024509804788976908,1.2303920984268188
8000,0.00147058826405555,1.404411792755127
8001,0.0019607844296842813,1.6446079015731812
8002,0.010784314014017582,1.9264706373214722
8003,-0.01764705963432789,2.284313678741455
8004,-0.17107842862606049,2.7328431606292725
8005,0.43382352590560913,3.218137264251709
8006,-0.489705890417099,3.593137264251709
8007,0.4058823585510254,4.102941036224365
8008,-0.1926470547914505,4.553921699523926
8009,0.06666667014360428,4.965686321258545
8010,0.04901960864663124,5.433823585510254
8011,-0.007843137718737125,5.833333492279053
8012,0.06519608199596405,6.178921699523926
8013,0.004411764908581972,6.465686321258545
8014,-0.011274510063230991,6.674019813537598
8015,0.038235295563936234,6.840686321258545
8016,-0.0936274528503418,6.875
8017,-0.05098039284348488,6.938725471496582
8018,-0.0676470622420311,6.899509906768799
8019,-0.014215686358511448,6.713235378265381
8020,-0.013725490309298038,6.534313678741455
8021,-0.021078431978821754,6.23774528503418
8022,-0.014705882407724857,5.919117450714111
8023,-0.019607843831181526,5.436274528503418
8024,-0.02450980432331562,5.004901885986328
8025,-0.029411764815449715,4.480391979217529
8026,-0.029411764815449715,3.9264705181121826
8027,-0.027941176667809486,3.348039150238037
8028,-0.027450980618596077,2.781862735748291
8029,-0.03872549161314964,2.2328431606292725
8030,-0.03333333507180214,1.6470588445663452
8031,-0.029411764815449715,1.1666666269302368
8032,-0.035784315317869186,0.6740196347236633
8033,-0.03382353112101555,0.20588235557079315
8034,-0.02450980432331562,-0.1715686321258545
8035,-0.023039216175675392,-0.4166666567325592
8036,-0.01225490216165781,-0.656862735748291
8037,-0.0235294122248888,-0.7916666865348816
8038,-0.010294117964804173,-0.8897058963775635
8039,-0.006862745154649019,-0.8333333134651184
8040,-0.006862745154649019,-0.7352941036224365
8041,-0.0024509804788976908,-0.5367646813392639
8042,0.009313725866377354,-0.25
8043,0.014705882407724857,0.15931372344493866
8044,0.013235294260084629,0.5147058963775635
8045,0.01666666753590107,1.0049020051956177
8046,0.0117647061124444,1.5465686321258545
8047,0.020588235929608345,2.06862735748291
8048,0.008333333767950535,2.595588207244873
8049,0.0470588244497776,3.2622549533843994
8050,0.010784314014017582,3.7941176891326904
8051,0.04411764815449715,4.370098114013672
8052,0.021078431978821754,4.860294342041016
8053,0.018137255683541298,5.372549057006836
8054,0.022549020126461983,5.779411792755127
8055,0.026960784569382668,6.098039150238037
8056,0.029411764815449715,6.399509906768799
8057,0.006862745154649019,6.647058963775635
8058,0.020588235929608345,6.713235378265381
8059,-0.007352941203862429,6.708333492279053
8060,0.01568627543747425,6.678921699523926
8061,-0.009313725866377354,6.458333492279053
8062,-0.007352941203862429,6.191176414489746
8063,-0.011274510063230991,5.769608020782471
8064,-0.019607843831181526,5.343137264251709
8065,-0.02598039247095585,4.830882549285889
8066,-0.028921568766236305,4.252450942993164
8067,-0.028921568766236305,3.617647171020508
8068,-0.035784315317869186,3.0
8069,-0.04215686395764351,2.276960849761963
8070,-0.04264706000685692,1.6004902124404907
8071,-0.04411764815449715,0.9509803652763367
8072,-0.036274511367082596,0.27941176295280457
8073,-0.04313725605607033,-0.3333333432674408
8074,-0.03431372717022896,-0.9313725233078003
8075,-0.0416666679084301,-1.3823529481887817
8076,-0.029901960864663124,-1.8284313678741455
8077,-0.02598039247095585,-2.1789214611053467
8078,-0.013725490309298038,-2.436274528503418
8079,-0.01715686358511448,-2.5490195751190186
8080,-0.01274509821087122,-2.632352828979492
8081,-0.00147058826405555,-2.598039150238037
8082,0.0024509804788976908,-2.4264705181121826
8083,-0.0009803922148421407,-2.095588207244873
8084,0.010294117964804173,-1.7745097875595093
8085,0.026960784569382668,-1.3333333730697632
8086,0.020098039880394936,-0.8014705777168274
8087,0.027450980618596077,-0.17892156541347504
8088,0.029411764815449715,0.4803921580314636
8089,0.03970588371157646,1.1323529481887817
8090,0.0117647061124444,1.8553920984268188
8091,0.021078431978821754,2.6029412746429443
8092,0.01617647148668766,3.2892158031463623
8093,0.013725490309298038,4.022058963775635
8094,0.0235294122248888,4.676470756530762
8095,0.022549020126461983,5.23774528503418
8096,0.021078431978821754,5.754901885986328
8097,0.019117647781968117,6.169117450714111
8098,0.020588235929608345,6.544117450714111
8099,0.028431372717022896,6.848039150238037
8100,0.004411764908581972,6.960784435272217
8101,0.019117647781968117,6.958333492279053
8102,-0.009803921915590763,6.904411792755127
8103,0.0,6.73774528503418
8104,-0.015196078456938267,6.399509906768799
8105,-0.0235294122248888,5.958333492279053
8106,-0.03872549161314964,5.433823585510254
8107,-0.01666666753590107,4.811274528503418
8108,-0.03970588371157646,4.127450942993164
8109,-0.03186274692416191,3.4240195751190186
8110,-0.03872549161314964,2.6372549533843994
8111,-0.046568628400564194,1.8063725233078003
8112,-0.05049019679427147,0.9656862616539001
8113,-0.04362745210528374,0.14950980246067047
8114,-0.05000000074505806,-0.5906862616539001
8115,-0.037254903465509415,-1.375
8116,-0.04950980469584465,-2.0808823108673096
8117,-0.04313725605607033,-2.68137264251709
8118,-0.04852941259741783,-3.2328431606292725
8119,-0.04215686395764351,-3.6348040103912354
8120,-0.03970588371157646,-3.9191176891326904
8121,-0.030392156913876534,-4.166666507720947
8122,-0.01666666753590107,-4.230391979217529
8123,-0.013235294260084629,-4.161764621734619
8124,-0.009803921915590763,-4.019608020782471
8125,-0.0004901961074210703,-3.7279412746429443
8126,0.0004901961074210703,-3.3308823108673096
8127,0.009313725866377354,-2.776960849761963
8128,0.020588235929608345,-2.1691176891326904
8129,0.02598039247095585,-1.4313725233078003
8130,0.03333333507180214,-0.6593137383460999
8131,0.028921568766236305,0.1348039209842682
8132,0.0313725508749485,1.034313678741455
8133,0.0235294122248888,1.9191176891326904
8134,0.036274511367082596,2.7916667461395264
8135,0.03529411926865578,3.688725471496582
8136,0.04068627581000328,4.470588207244873
8137,0.044607844203710556,5.223039150238037
8138,0.03872549161314964,5.906862735748291
8139,0.037254903465509415,6.492647171020508
8140,0.035784315317869186,6.990196228027344
8141,0.023039216175675392,7.289215564727783
8142,0.01666666753590107,7.553921699523926
8143,0.014705882407724857,7.710784435272217
8144,0.009313725866377354,7.627450942993164
8145,0.0049019609577953815,7.458333492279053
8146,-0.008333333767950535,7.164215564727783
8147,-0.028921568766236305,6.732842922210693
8148,-0.022549020126461983,6.183823585510254
8149,-0.027941176667809486,5.482842922210693
8150,-0.01274509821087122,4.742647171020508
8151,-0.022549020126461983,3.9191176891326904
8152,-0.028921568766236305,2.992647171020508
8153,-0.045588236302137375,2.0220587253570557
8154,-0.046568628400564194,1.0759804248809814
8155,-0.054411765187978745,0.07352941483259201
8156,-0.053921569138765335,-0.8578431606292725
8157,-0.053431373089551926,-1.8333333730697632
8158,-0.05245098099112511,-2.6985294818878174
8159,-0.046568628400564194,-3.441176414489746
8160,-0.04803921654820442,-4.161764621734619
8161,-0.04068627581000328,-4.76225471496582
8162,-0.03382353112101555,-5.198529243469238
8163,-0.03186274692416191,-5.509803771972656
8164,-0.018627451732754707,-5.686274528503418
8165,-0.019117647781968117,-5.742647171020508
8166,-0.008333333767950535,-5.674019813537598
8167,-0.0024509804788976908,-5.372549057006836
8168,0.0019607844296842813,-5.002450942993164
8169,0.01568627543747425,-4.458333492279053
8170,0.030392156913876534,-3.7990195751190186
8171,0.022549020126461983,-3.0514705181121826
8172,0.027941176667809486,-2.132352828979492
8173,0.03333333507180214,-1.2426470518112183
8174,0.04068627581000328,-0.22549019753932953
8175,0.04215686395764351,0.8161764740943909
8176,0.04803921654820442,1.8578431606292725
8177,0.05147058889269829,2.838235378265381
8178,0.0936274528503418,3.911764621734619
8179,0.05931372568011284,4.823529243469238
8180,0.05098039284348488,5.713235378265381
8181,0.062254901975393295,6.497549057006836
8182,0.04411764815449715,7.213235378265381
8183,0.0470588244497776,7.754901885986328
8184,0.030882352963089943,8.210783958435059
8185,0.030882352963089943,8.458333015441895
8186,0.027941176667809486,8.60049057006836
8187,0.013235294260084629,8.53186321258545
8188,0.008823529817163944,8.338234901428223
8189,0.0024509804788976908,7.997549057006836
8190,-0.008823529817163944,7.446078300476074
8191,-0.019117647781968117,6.808823585510254
8192,-0.0313725508749485,6.036764621734619
8193,-0.04068627581000328,5.149509906768799
8194,-0.04411764815449715,4.183823585510254
8195,-0.03872549161314964,3.1446077823638916
8196,-0.044607844203710556,2.024509906768799
8197,-0.05147058889269829,0.9142156839370728
8198,-0.05833333358168602,-0.23039215803146362
8199,-0.06323529779911041,-1.3578431606292725
8200,-0.05980392172932625,-2.4142158031463623
8201,-0.05882352963089943,-3.404411792755127
8202,-0.061764705926179886,-4.340686321258545
8203,-0.05980392172932625,-5.200980186462402
8204,-0.05882352963089943,-5.879901885986328
8205,-0.046078432351350784,-6.43137264251709
8206,-0.061274509876966476,-6.816176414489746
8207,-0.00637254910543561,-7.058823585510254
8208,-0.013725490309298038,-7.144608020782471
8209,-0.018627451732754707,-7.053921699523926
8210,0.013235294260084629,-6.759803771972656
8211,-0.013235294260084629,-6.357842922210693
8212,0.01225490216165781,-5.776960849761963
8213,0.019607843831181526,-5.083333492279053
8214,0.023039216175675392,-4.247549057006836
8215,0.04019607976078987,-3.2965686321258545
8216,0.0470588244497776,-2.213235378265381
8217,0.04803921654820442,-1.0857843160629272
8218,0.053431373089551926,0.053921569138765335
8219,0.0573529414832592,1.2892156839370728
8220,0.0519607849419117,2.473039150238037
8221,0.05588235333561897,3.6078431606292725
8222,0.05784313753247261,4.708333492279053
8223,0.061274509876966476,5.796568393707275
8224,0.06078431382775307,6.718137264251709
8225,0.04852941259741783,7.51225471496582
8226,0.04411764815449715,8.247549057006836
8227,0.03970588371157646,8.796568870544434
8228,0.021078431978821754,9.161765098571777
8229,0.02450980432331562,9.409314155578613
8230,0.028921568766236305,9.450980186462402
8231,0.0,9.333333015441895
8232,-0.004411764908581972,9.009803771972656
8233,-0.020098039880394936,8.529411315917969
8234,-0.01617647148668766,7.936274528503418
8235,-0.02500000037252903,7.154411792755127
8236,-0.03235294297337532,6.218137264251709
8237,-0.052941177040338516,5.19362735748291
8238,-0.05784313753247261,4.058823585510254
8239,-0.05539215728640556,2.901960849761963
8240,-0.07598039507865906,1.6813725233078003
8241,-0.07205882668495178,0.4117647111415863
8242,-0.07254902273416519,-0.8504902124404907
8243,-0.06323529779911041,-2.066176414489746
8244,-0.06323529779911041,-3.186274528503418
8245,-0.061764705926179886,-4.303921699523926
8246,-0.06960784643888474,-5.281862735748291
8247,-0.05686274543404579,-6.154411792755127
8248,-0.04264706000685692,-6.894608020782471
8249,-0.05588235333561897,-7.450980186462402
8250,0.0004901961074210703,-7.843137264251709
8251,-0.0416666679084301,-8.105392456054688
8252,-0.008333333767950535,-8.127450942993164
8253,-0.02598039247095585,-8.014705657958984
8254,-0.0009803922148421407,-7.69362735748291
8255,0.005392157007008791,-7.235294342041016
8256,0.008823529817163944,-6.590686321258545
8257,0.01568627543747425,-5.813725471496582
8258,0.01274509821087122,-4.911764621734619
8259,0.046078432351350784,-3.8357841968536377
8260,0.04019607976078987,-2.6789214611053467
8261,0.04852941259741783,-1.5098038911819458
8262,0.054411765187978745,-0.24754901230335236
8263,0.054901961237192154,1.0122549533843994
8264,0.06029411777853966,2.279411792755127
8265,0.06960784643888474,3.524509906768799
8266,0.06029411777853966,4.776960849761963
8267,0.06715686619281769,5.901960849761963
8268,0.05686274543404579,6.867647171020508
8269,0.05098039284348488,7.823529243469238
8270,0.04754902049899101,8.514705657958984
8271,0.037745099514722824,9.176470756530762
8272,0.0313725508749485,9.55637264251709
8273,0.01666666753590107,9.867647171020508
8274,0.01666666753590107,9.928921699523926
8275,0.0024509804788976908,9.875
8276,-0.0024509804788976908,9.620098114013672
8277,-0.005392157007008791,9.134803771972656
8278,-0.021078431978821754,8.534314155578613
8279,-0.04068627581000328,7.752450942993164
8280,-0.027941176667809486,6.833333492279053
8281,-0.05980392172932625,5.835784435272217
8282,-0.045098040252923965,4.718137264251709
8283,-0.05588235333561897,3.529411792755127
8284,-0.08480392396450043,2.252450942993164
8285,-0.07647059112787247,0.9926470518112183
8286,-1.0607843399047852,-0.37254902720451355
8287,0.08970588445663452,-1.561274528503418
8288,0.10490196198225021,-2.6642158031463623
8289,-0.5328431129455566,-3.995098114013672
8290,0.26862746477127075,-4.960784435272217
8291,-0.19950979948043823,-5.950980186462402
8292,-0.06911765038967133,-6.767157077789307
8293,-0.02401960827410221,-7.421568393707275
8294,-0.12647059559822083,-7.919117450714111
8295,0.0,-8.252450942993164
8296,-0.0779411792755127,-8.453431129455566
8297,-0.01225490216165781,-8.470588684082031
8298,-0.02450980432331562,-8.272058486938477
8299,-0.009803921915590763,-7.892157077789307
8300,0.0117647061124444,-7.372549057006836
8301,0.0058823530562222,-6.718137264251709
8302,0.009803921915590763,-5.921568393707275
8303,0.0313725508749485,-4.950980186462402
8304,0.0313725508749485,-3.9264705181121826
8305,0.045098040252923965,-2.8014705181121826
8306,0.046078432351350784,-1.5808823108673096
8307,0.05245098099112511,-0.3382352888584137
8308,0.06323529779911041,0.8774510025978088
8309,0.06519608199596405,2.1740195751190186
8310,0.04852941259741783,3.3308823108673096
8311,0.062745101749897,4.502450942993164
8312,0.06323529779911041,5.563725471496582
8313,0.05049019679427147,6.551470756530762
8314,0.05686274543404579,7.473039150238037
8315,0.04754902049899101,8.171568870544434
8316,0.04803921654820442,8.80637264251709
8317,0.03529411926865578,9.257352828979492
8318,0.03529411926865578,9.563725471496582
8319,0.014215686358511448,9.63725471496582
8320,0.008333333767950535,9.61274528503418
8321,-0.0029411765281111,9.392156600952148
8322,0.0024509804788976908,9.04411792755127
8323,-0.01764705963432789,8.48774528503418
8324,-0.029411764815449715,7.823529243469238
8325,-0.02401960827410221,7.053921699523926
8326,-0.05098039284348488,6.13725471496582
8327,-0.04803921654820442,5.144608020782471
8328,-0.06421568989753723,4.029411792755127
8329,-0.054411765187978745,2.911764621734619
8330,-0.05931372568011284,1.7377450466156006
8331,-0.061274509876966476,0.5392156839370728
8332,-0.06470588594675064,-0.654411792755127
8333,-0.0681372582912445,-1.7941176891326904
8334,-0.0676470622420311,-2.850490093231201
8335,-0.08039215952157974,-3.9215686321258545
8336,-0.06617647409439087,-4.803921699523926
8337,-0.05980392172932625,-5.656862735748291
8338,-0.05245098099112511,-6.325980186462402
8339,-0.053921569138765335,-6.914215564727783
8340,-0.04264706000685692,-7.397058963775635
8341,-0.038235295563936234,-7.629901885986328
8342,-0.03284313902258873,-7.835784435272217
8343,-0.02549019642174244,-7.801470756530762
8344,-0.009803921915590763,-7.615196228027344
8345,-0.010784314014017582,-7.313725471496582
8346,0.008333333767950535,-6.894608020782471
8347,0.008333333767950535,-6.286764621734619
8348,0.018627451732754707,-5.617647171020508
8349,0.026470588520169258,-4.764705657958984
8350,0.027941176667809486,-3.879901885986328
8351,0.036764707416296005,-2.936274528503418
8352,0.0416666679084301,-1.9191176891326904
8353,0.04950980469584465,-0.8088235259056091
8354,0.036764707416296005,0.2598039209842682
8355,0.20980392396450043,1.3651961088180542
8356,0.813725471496582,2.4583332538604736
8357,-0.16519607603549957,3.404411792755127
8358,0.343137264251709,4.36274528503418
8359,0.1921568661928177,5.252450942993164
8360,0.020588235929608345,6.080882549285889
8361,0.14852941036224365,6.76225471496582
8362,0.08921568840742111,7.355391979217529
8363,0.019117647781968117,7.860294342041016
8364,0.09852941334247589,8.15686321258545
8365,-0.0004901961074210703,8.355392456054688
8366,0.026960784569382668,8.517156600952148
8367,0.02549019642174244,8.44362735748291
8368,0.007843137718737125,8.28186321258545
8369,0.0,7.982842922210693
8370,-0.013235294260084629,7.519608020782471
8371,-0.01617647148668766,7.002450942993164
8372,-0.02549019642174244,6.401960849761963
8373,-0.03186274692416191,5.676470756530762
8374,-0.03921568766236305,4.835784435272217
8375,-0.03970588371157646,4.002450942993164
8376,-0.045588236302137375,3.095588207244873
8377,-0.05147058889269829,2.1446077823638916
8378,-0.06029411777853966,1.1813725233078003
8379,-0.05588235333561897,0.2034313678741455
8380,-0.061274509876966476,-0.6985294222831726
8381,-0.06470588594675064,-1.595588207244873
8382,-0.06666667014360428,-2.529411792755127
8383,-0.05833333358168602,-3.2965686321258545
8384,-0.04950980469584465,-4.036764621734619
8385,-0.04852941259741783,-4.705882549285889
8386,-0.03921568766236305,-5.276960849761963
8387,-0.05049019679427147,-5.732842922210693
8388,-0.04215686395764351,-6.073529243469238
8389,-0.02500000037252903,-6.401960849761963
8390,-0.0235294122248888,-6.509803771972656
8391,-0.01225490216165781,-6.546568393707275
8392,-0.021078431978821754,-6.48774528503418
8393,-0.003921568859368563,-6.30637264251709
8394,-0.007843137718737125,-5.985294342041016
8395,0.01617647148668766,-5.600490093231201
8396,-0.010294117964804173,-5.095588207244873
8397,-0.011274510063230991,-4.55637264251709
8398,0.02401960827410221,-3.8848040103912354
8399,0.0235294122248888,-3.188725471496582
8400,0.03529411926865578,-2.411764621734619
8401,0.01666666753590107,-1.595588207244873
8402,0.03235294297337532,-0.7230392098426819
8403,0.03284313902258873,0.09068627655506134
8404,0.03970588371157646,0.9485294222831726
8405,0.037254903465509415,1.8210784196853638
8406,0.05245098099112511,2.6666667461395264
8407,0.04362745210528374,3.3897058963775635
8408,0.037745099514722824,4.188725471496582
8409,0.0416666679084301,4.865196228027344
8410,0.04068627581000328,5.5
8411,0.037254903465509415,6.073529243469238
8412,0.02401960827410221,6.524509906768799
8413,0.02450980432331562,6.875
8414,0.013725490309298038,7.186274528503418
8415,0.02500000037252903,7.399509906768799
8416,-0.004411764908581972,7.421568393707275
8417,0.01225490216165781,7.480391979217529
8418,0.0019607844296842813,7.379901885986328
8419,-0.010784314014017582,7.156862735748291
8420,0.16274510324001312,6.833333492279053
8421,-0.05245098099112511,6.463235378265381
8422,-0.6053921580314636,5.894608020782471
8423,0.5142157077789307,5.397058963775635
8424,-0.9166666865348816,4.683823585510254
8425,0.3686274588108063,4.085784435272217
8426,-0.3857843279838562,3.3308823108673096
8427,0.09264706075191498,2.524509906768799
8428,-0.08480392396450043,1.7769607305526733
8429,-0.11568627506494522,0.875
8430,-0.0019607844296842813,0.06617647409439087
8431,-0.08578431606292725,-0.7867646813392639
8432,-0.06372549384832382,-1.590686321258545
8433,-0.022549020126461983,-2.3897058963775635
8434,-0.05000000074505806,-3.120098114013672
8435,-0.08431372791528702,-3.838235378265381
8436,-0.01568627543747425,-4.455882549285889
8437,-0.07745098322629929,-5.049019813537598
8438,-0.007843137718737125,-5.492647171020508
8439,-0.04019607976078987,-5.914215564727783
8440,-0.027941176667809486,-6.191176414489746
8441,-0.02401960827410221,-6.436274528503418
8442,-0.022549020126461983,-6.553921699523926
8443,-0.026470588520169258,-6.514705657958984
8444,-0.01617647148668766,-6.411764621734619
8445,-0.0019607844296842813,-6.267157077789307
8446,0.0029411765281111,-5.960784435272217
8447,0.009313725866377354,-5.492647171020508
8448,0.0117647061124444,-5.0
8449,0.01568627543747425,-4.455882549285889
8450,0.01715686358511448,-3.7598040103912354
8451,0.02401960827410221,-3.061274528503418
8452,0.027941176667809486,-2.25
8453,0.0313725508749485,-1.3946079015731812
8454,0.046568628400564194,-0.5147058963775635
8455,0.04803921654820442,0.37254902720451355
8456,0.03382353112101555,1.2745097875595093
8457,0.05098039284348488,2.225490093231201
8458,0.04901960864663124,3.127450942993164
8459,0.038235295563936234,4.009803771972656
8460,0.03480392321944237,4.823529243469238
8461,0.05049019679427147,5.575980186462402
8462,0.0313725508749485,6.286764621734619
8463,0.035784315317869186,6.892157077789307
8464,0.028921568766236305,7.404411792755127
8465,0.03284313902258873,7.835784435272217
8466,0.02401960827410221,8.144607543945312
8467,0.013235294260084629,8.365196228027344
8468,0.004411764908581972,8.470588684082031
8469,0.0117647061124444,8.438725471496582
8470,-0.00147058826405555,8.276960372924805
8471,-0.0019607844296842813,8.05637264251709
8472,-0.01274509821087122,7.647058963775635
8473,-0.01666666753590107,7.183823585510254
8474,-0.028431372717022896,6.593137264251709
8475,-0.029411764815449715,5.916666507720947
8476,-0.036764707416296005,5.169117450714111
8477,-0.04803921654820442,4.308823585510254
8478,-0.045588236302137375,3.4215686321258545
8479,-0.04117647185921669,2.404411792755127
8480,-0.04950980469584465,1.465686321258545
8481,-0.05245098099112511,0.4117647111415863
8482,-0.06421568989753723,-0.561274528503418
8483,-0.06029411777853966,-1.5784313678741455
8484,-0.05686274543404579,-2.5514705181121826
8485,-0.06029411777853966,-3.4558823108673096
8486,-0.03921568766236305,-4.335784435272217
8487,-0.08284313976764679,-5.139705657958984
8488,-0.08186274766921997,-5.901960849761963
8489,-0.6647058725357056,-6.571078300476074
8490,0.3950980305671692,-7.036764621734619
8491,-0.4995098114013672,-7.433823585510254
8492,0.17009803652763367,-7.73774528503418
8493,-0.1882352977991104,-7.906862735748291
8494,-0.07745098322629929,-7.94362735748291
8495,0.007843137718737125,-7.779411792755127
8496,-0.05637254938483238,-7.571078300476074
8497,-0.009803921915590763,-7.257352828979492
8498,0.02549019642174244,-6.73774528503418
8499,-0.019117647781968117,-6.227941036224365
8500,0.04117647185921669,-5.48774528503418
8501,0.006862745154649019,-4.700980186462402
8502,0.0024509804788976908,-3.8357841968536377
8503,0.03970588371157646,-2.850490093231201
8504,0.03970588371157646,-1.877450942993164
8505,0.037745099514722824,-0.8848039507865906
8506,0.029901960864663124,0.20588235557079315
8507,0.045588236302137375,1.1985293626785278
8508,0.045098040252923965,2.3014705181121826
8509,0.05049019679427147,3.2720587253570557
8510,-0.053431373089551926,4.257352828979492
8511,0.004411764908581972,5.210784435272217
8512,-0.008823529817163944,6.051470756530762
8513,0.05882352963089943,6.897058963775635
8514,0.027450980618596077,7.558823585510254
8515,0.0470588244497776,8.122549057006836
8516,0.03431372717022896,8.566176414489746
8517,0.03872549161314964,8.924019813537598
8518,0.0313725508749485,9.098039627075195
8519,0.009803921915590763,9.23774528503418
8520,0.008333333767950535,9.223039627075195
8521,0.008333333767950535,9.02450942993164
8522,-0.008333333767950535,8.745098114013672
8523,-0.003921568859368563,8.311274528503418
8524,-0.018627451732754707,7.823529243469238
8525,-0.014215686358511448,7.215686321258545
8526,-0.019607843831181526,6.517157077789307
8527,-0.036764707416296005,5.644608020782471
8528,-0.044607844203710556,4.764705657958984
8529,-0.04362745210528374,3.8333332538604736
8530,-0.04313725605607033,2.8970587253570557
8531,-0.04803921654820442,1.877450942993164
8532,-0.05539215728640556,0.8553921580314636
8533,-0.05588235333561897,-0.14460784196853638
8534,-0.054411765187978745,-1.1666666269302368
8535,-0.052941177040338516,-2.090686321258545
8536,-0.052941177040338516,-3.0122549533843994
8537,-0.053921569138765335,-3.8970587253570557
8538,-0.0519607849419117,-4.644608020782471
8539,-0.04950980469584465,-5.394608020782471
8540,-0.04362745210528374,-5.990196228027344
8541,-0.036274511367082596,-6.546568393707275
8542,-0.03431372717022896,-6.928921699523926
8543,-0.02401960827410221,-7.308823585510254
8544,-0.01666666753590107,-7.48774528503418
8545,-0.021568628028035164,-7.553921699523926
8546,-0.009313725866377354,-7.524509906768799
8547,-0.019117647781968117,-7.392157077789307
8548,0.01274509821087122,-7.122549057006836
8549,-0.007352941203862429,-6.801470756530762
8550,0.009313725866377354,-6.372549057006836
8551,0.010294117964804173,-5.823529243469238
8552,0.020588235929608345,-5.186274528503418
8553,0.01568627543747425,-4.502450942993164
8554,0.02549019642174244,-3.7352941036224365
8555,0.03235294297337532,-2.9534313678741455
8556,0.04362745210528374,-2.088235378265381
8557,0.046078432351350784,-1.220588207244873
8558,0.04117647185921669,-0.3553921580314636
8559,0.04068627581000328,0.5049019455909729
8560,0.04362745210528374,1.4264706373214722
8561,0.03970588371157646,2.2352941036224365
8562,0.04313725605607033,3.0808823108673096
8563,0.04215686395764351,3.870098114013672
8564,0.046568628400564194,4.595588207244873
8565,0.05588235333561897,5.311274528503418
8566,0.045588236302137375,5.94362735748291
8567,0.03284313902258873,6.455882549285889
8568,0.02598039247095585,6.897058963775635
8569,0.03235294297337532,7.281862735748291
8570,0.020588235929608345,7.588235378265381
8571,0.021568628028035164,7.772058963775635
8572,0.01568627543747425,7.906862735748291
8573,0.004411764908581972,7.950980186462402
8574,0.0004901961074210703,7.855391979217529
8575,-0.006862745154649019,7.68137264251709
8576,-0.00147058826405555,7.517157077789307
8577,-0.014215686358511448,7.149509906768799
8578,-0.013725490309298038,6.735294342041016
8579,-0.01715686358511448,6.242647171020508
8580,-0.02500000037252903,5.759803771972656
8581,-0.027941176667809486,5.171568393707275
8582,-0.020098039880394936,4.514705657958984
8583,-0.03480392321944237,3.843137264251709
8584,-0.03529411926865578,3.120098114013672
8585,-0.04803921654820442,2.350490093231201
8586,-0.04362745210528374,1.6176470518112183
8587,-0.08725490421056747,0.8382353186607361
8588,-0.04117647185921669,0.0833333358168602
8589,-0.0416666679084301,-0.6764705777168274
8590,-0.04068627581000328,-1.438725471496582
8591,-0.053431373089551926,-2.1470587253570557
8592,-0.0470588244497776,-2.8897058963775635
8593,-0.045588236302137375,-3.5392158031463623
8594,-0.0519607849419117,-4.11274528503418
8595,-0.05049019679427147,-4.676470756530762
8596,-0.03235294297337532,-5.18137264251709
8597,-0.030392156913876534,-5.595588207244873
8598,-0.04362745210528374,-5.973039150238037
8599,-0.02450980432331562,-6.242647171020508
8600,-0.0416666679084301,-6.446078300476074
8601,-0.01715686358511448,-6.534313678741455
8602,-0.027941176667809486,-6.651960849761963
8603,-0.01666666753590107,-6.595588207244873
8604,-0.009803921915590763,-6.5
8605,-0.0019607844296842813,-6.308823585510254
8606,-0.0019607844296842813,-6.0
8607,0.0,-5.671568393707275
8608,0.019117647781968117,-5.225490093231201
8609,0.01225490216165781,-4.703431606292725
8610,0.015196078456938267,-4.166666507720947
8611,0.020588235929608345,-3.5441176891326904
8612,0.027941176667809486,-2.8333332538604736
8613,-0.0009803922148421407,-2.1102941036224365
8614,0.013725490309298038,-1.3995097875595093
8615,0.035784315317869186,-0.5661764740943909
8616,0.0235294122248888,0.2696078419685364
8617,0.038235295563936234,1.061274528503418
8618,0.03382353112101555,1.8529411554336548
8619,0.035784315317869186,2.723039150238037
8620,0.04754902049899101,3.536764621734619
8621,0.03970588371157646,4.252450942993164
8622,0.03235294297337532,4.977941036224365
8623,0.038235295563936234,5.723039150238037
8624,0.030392156913876534,6.338235378265381
8625,0.03480392321944237,6.899509906768799
8626,0.037254903465509415,7.377450942993164
8627,0.01715686358511448,7.835784435272217
8628,0.014705882407724857,8.144607543945312
8629,0.01617647148668766,8.375
8630,0.019607843831181526,8.566176414489746
8631,0.009803921915590763,8.585783958435059
8632,0.0,8.546568870544434
8633,0.00147058826405555,8.416666984558105
8634,-0.0004901961074210703,8.171568870544434
8635,-0.021568628028035164,7.796568393707275
8636,-0.02598039247095585,7.36274528503418
8637,-0.02500000037252903,6.835784435272217
8638,-0.03480392321944237,6.218137264251709
8639,-0.03284313902258873,5.585784435272217
8640,-0.0313725508749485,4.796568393707275
8641,-0.006862745154649019,4.061274528503418
8642,-0.06323529779911041,3.1642158031463623
8643,-0.029411764815449715,2.316176414489746
8644,-0.02401960827410221,1.3872549533843994
8645,-0.036274511367082596,0.4264705777168274
8646,-0.05049019679427147,-0.47058823704719543
8647,-0.04068627581000328,-1.409313678741455
8648,-0.052941177040338516,-2.3210785388946533
8649,-0.04362745210528374,-3.1985294818878174
8650,-0.05147058889269829,-4.022058963775635
8651,-0.05882352963089943,-4.784313678741455
8652,-0.038235295563936234,-5.477941036224365
8653,-0.054901961237192154,-6.110294342041016
8654,-0.022549020126461983,-6.666666507720947
8655,-0.04950980469584465,-7.090686321258545
8656,-0.014215686358511448,-7.44362735748291
8657,-0.02598039247095585,-7.764705657958984
8658,-0.022058824077248573,-7.904411792755127
8659,-0.010784314014017582,-7.924019813537598
8660,-0.010784314014017582,-7.867647171020508
8661,-0.00147058826405555,-7.740196228027344
8662,0.004411764908581972,-7.475490093231201
8663,0.0009803922148421407,-7.120098114013672
8664,0.008823529817163944,-6.664215564727783
8665,0.019117647781968117,-6.115196228027344
8666,0.010784314014017582,-5.514705657958984
8667,0.022058824077248573,-4.830882549285889
8668,0.04117647185921669,-4.036764621734619
8669,0.021568628028035164,-3.215686321258545
8670,0.045588236302137375,-2.345588207244873
8671,0.03186274692416191,-1.4730392694473267
8672,0.05637254938483238,-0.5539215803146362
8673,0.054411765187978745,0.3480392098426819
8674,0.04313725605607033,1.220588207244873
8675,0.038235295563936234,2.127450942993164
8676,0.046568628400564194,3.0147058963775635
8677,0.06470588594675064,3.843137264251709
8678,0.0470588244497776,4.63725471496582
8679,0.05000000074505806,5.421568393707275
8680,0.04950980469584465,6.049019813537598
8681,0.045098040252923965,6.705882549285889
8682,0.04068627581000328,7.198529243469238
8683,0.0313725508749485,7.671568393707275
8684,0.026960784569382668,8.049019813537598
8685,0.022549020126461983,8.308823585510254
8686,0.01274509821087122,8.470588684082031
8687,0.01617647148668766,8.55637264251709
8688,0.010294117964804173,8.549019813537598
8689,0.005392157007008791,8.453431129455566
8690,-0.0004901961074210703,8.296568870544434
8691,-0.00637254910543561,8.034314155578613
8692,-0.020098039880394936,7.688725471496582
8693,-0.019607843831181526,7.303921699523926
8694,-0.010784314014017582,6.803921699523926
8695,-0.02500000037252903,6.23774528503418
8696,-0.029901960864663124,5.627450942993164
8697,-0.030882352963089943,4.98774528503418
8698,-0.037254903465509415,4.333333492279053
8699,-0.038235295563936234,3.588235378265381
8700,-0.03480392321944237,2.872549057006836
8701,-0.03382353112101555,2.0759804248809814
8702,-0.030882352963089943,1.3848038911819458
8703,-0.061274509876966476,0.595588207244873
8704,-0.02500000037252903,-0.15441176295280457
8705,-0.05245098099112511,-0.9019607901573181
8706,-0.03921568766236305,-1.6715686321258545
8707,-0.05098039284348488,-2.3651959896087646
8708,-0.038235295563936234,-2.9558823108673096
8709,-0.045098040252923965,-3.593137264251709
8710,-0.03921568766236305,-4.198529243469238
8711,-0.037254903465509415,-4.700980186462402
8712,-0.027450980618596077,-5.147058963775635
8713,-0.03284313902258873,-5.595588207244873
8714,-0.030392156913876534,-5.928921699523926
8715,-0.01666666753590107,-6.154411792755127
8716,-0.022549020126461983,-6.424019813537598
8717,-0.01764705963432789,-6.509803771972656
8718,-0.014705882407724857,-6.63725471496582
8719,-0.0058823530562222,-6.659313678741455
8720,-0.007352941203862429,-6.605391979217529
8721,-0.01568627543747425,-6.470588207244873
8722,-0.0004901961074210703,-6.313725471496582
8723,-0.0029411765281111,-6.053921699523926
8724,0.009803921915590763,-5.742647171020508
8725,0.009803921915590763,-5.409313678741455
8726,0.013725490309298038,-4.965686321258545
8727,0.0235294122248888,-4.517157077789307
8728,0.020588235929608345,-3.9901959896087646
8729,0.021568628028035164,-3.4142158031463623
8730,0.029901960864663124,-2.816176414489746
8731,0.036274511367082596,-2.1666667461395264
8732,0.029901960864663124,-1.5
8733,0.029901960864663124,-0.8333333134651184
8734,0.03872549161314964,-0.08088235557079315
8735,0.029901960864663124,0.6323529481887817
8736,0.03529411926865578,1.3284313678741455
8737,0.03529411926865578,2.088235378265381
8738,0.036274511367082596,2.7965686321258545
8739,0.03872549161314964,3.4852941036224365
8740,0.04215686395764351,4.169117450714111
8741,0.03921568766236305,4.80637264251709
8742,0.044607844203710556,5.453431606292725
8743,0.03431372717022896,5.982842922210693
8744,0.0730392187833786,6.544117450714111
8745,0.0681372582912445,7.014705657958984
8746,0.028431372717022896,7.421568393707275
8747,0.030392156913876534,7.80637264251709
8748,0.020588235929608345,8.098039627075195
8749,0.028431372717022896,8.316176414489746
8750,0.01715686358511448,8.401960372924805
8751,0.0117647061124444,8.504901885986328
8752,0.00637254910543561,8.441176414489746
8753,0.0029411765281111,8.308823585510254
8754,-0.0004901961074210703,8.117647171020508
8755,-0.010294117964804173,7.906862735748291
8756,-0.020098039880394936,7.529411792755127
8757,-0.021568628028035164,7.090686321258545
8758,-0.01617647148668766,6.642157077789307
8759,-0.046078432351350784,6.071078300476074
8760,-0.03235294297337532,5.438725471496582
8761,-0.0470588244497776,4.754901885986328
8762,-0.038235295563936234,4.063725471496582
8763,-0.036764707416296005,3.254901885986328
8764,-0.0519607849419117,2.4289214611053467
8765,-0.04950980469584465,1.6200979948043823
8766,-0.05049019679427147,0.7696078419685364
8767,-0.04754902049899101,-0.09803921729326248
8768,-0.045588236302137375,-0.9166666865348816
8769,-0.0519607849419117,-1.7647058963775635
8770,-0.054901961237192154,-2.600490093231201
8771,-0.05637254938483238,-3.377450942993164
8772,-0.05098039284348488,-4.080882549285889
8773,-0.05147058889269829,-4.781862735748291
8774,-0.02401960827410221,-5.428921699523926
8775,-0.05098039284348488,-6.007352828979492
8776,-0.029901960864663124,-6.544117450714111
8777,-0.03529411926865578,-6.950980186462402
8778,-0.027450980618596077,-7.31862735748291
8779,0.1612745076417923,-7.561274528503418
8780,-1.9151960611343384,-7.938725471496582
8781,0.1200980395078659,-8.0
8782,-0.5867646932601929,-7.899509906768799
8783,-0.46617648005485535,-7.877450942993164
8784,-0.061764705926179886,-7.63725471496582
8785,-0.14803922176361084,-7.409313678741455
8786,-0.136274516582489,-7.090686321258545
8787,0.00147058826405555,-6.642157077789307
8788,-0.10098039358854294,-6.151960849761963
8789,0.0470588244497776,-5.598039150238037
8790,-0.05098039284348488,-5.022058963775635
8791,0.018627451732754707,-4.323529243469238
8792,-0.013235294260084629,-3.6102941036224365
8793,0.022549020126461983,-2.8602941036224365
8794,0.021078431978821754,-2.1348040103912354
8795,0.022549020126461983,-1.3284313678741455
8796,0.029411764815449715,-0.5490196347236633
8797,0.03382353112101555,0.28921568393707275
8798,0.0235294122248888,1.090686321258545
8799,0.04215686395764351,1.8553920984268188
8800,0.035784315317869186,2.622549057006836
8801,0.036274511367082596,3.3357841968536377
8802,0.035784315317869186,4.125
8803,0.029901960864663124,4.725490093231201
8804,0.03235294297337532,5.313725471496582
8805,0.029901960864663124,5.875
8806,0.036764707416296005,6.384803771972656
8807,0.028431372717022896,6.843137264251709
8808,0.013725490309298038,7.183823585510254
8809,0.022058824077248573,7.549019813537598
8810,0.009803921915590763,7.808823585510254
8811,0.04313725605607033,7.938725471496582
8812,-0.008823529817163944,8.105392456054688
8813,0.0235294122248888,8.14950942993164
8814,-0.008333333767950535,8.122549057006836
8815,0.0009803922148421407,8.0
8816,0.0004901961074210703,7.899509906768799
8817,-0.010294117964804173,7.720588207244873
8818,-0.013725490309298038,7.43137264251709
8819,-0.006862745154649019,7.149509906768799
8820,-0.018137255683541298,6.813725471496582
8821,-0.015196078456938267,6.394608020782471
8822,-0.023039216175675392,5.894608020782471
8823,-0.027450980618596077,5.424019813537598
8824,-0.022058824077248573,4.914215564727783
8825,-0.061274509876966476,4.355391979217529
8826,-0.046078432351350784,3.786764621734619
8827,-0.02549019642174244,3.188725471496582
8828,-0.05147058889269829,2.620098114013672
8829,-0.03235294297337532,1.9583333730697632
8830,-0.03480392321944237,1.3014706373214722
8831,-0.046078432351350784,0.6789215803146362
8832,-0.036274511367082596,0.009803921915590763
8833,-0.03431372717022896,-0.6102941036224365
8834,-0.04068627581000328,-1.2303920984268188
8835,-0.0416666679084301,-1.8529411554336548
8836,-0.036274511367082596,-2.43137264251709
8837,-0.035784315317869186,-3.031862735748291
8838,-0.035784315317869186,-3.6102941036224365
8839,-0.023039216175675392,-4.159313678741455
8840,-0.035784315317869186,-4.625
8841,-0.03872549161314964,-5.117647171020508
8842,-0.03529411926865578,-5.558823585510254
8843,-0.037745099514722824,-5.889705657958984
8844,-0.014705882407724857,-6.232842922210693
8845,-0.009313725866377354,-6.539215564727783
8846,-0.02500000037252903,-6.747549057006836
8847,-0.019117647781968117,-6.941176414489746
8848,-0.010294117964804173,-7.061274528503418
8849,-0.01568627543747425,-7.046568393707275
8850,-0.0034313725773245096,-7.080882549285889
8851,-0.009803921915590763,-7.024509906768799
8852,0.0,-6.81862735748291
8853,0.030392156913876534,-6.678921699523926
8854,-0.02598039247095585,-6.426470756530762
8855,0.027450980618596077,-6.095588207244873
8856,0.019607843831181526,-5.68137264251709
8857,0.008333333767950535,-5.257352828979492
8858,0.0235294122248888,-4.754901885986328
8859,0.023039216175675392,-4.176470756530762
8860,0.02450980432331562,-3.625
8861,0.030392156913876534,-2.93137264251709
8862,0.026960784569382668,-2.2401959896087646
8863,0.04313725605607033,-1.566176414489746
8864,-0.007352941203862429,-0.781862735748291
8865,0.07058823853731155,-0.06617647409439087
8866,-0.7490196228027344,0.6323529481887817
8867,0.2720588147640228,1.470588207244873
8868,-0.18921568989753723,2.25
8869,0.01715686358511448,2.9901959896087646
8870,0.009803921915590763,3.8259804248809814
8871,-0.04411764815449715,4.514705657958984
8872,0.01715686358511448,5.164215564727783
8873,0.0779411792755127,5.801470756530762
8874,-0.03186274692416191,6.43137264251709
8875,0.061274509876966476,6.928921699523926
8876,0.0058823530562222,7.460784435272217
8877,0.027941176667809486,7.879901885986328
8878,0.014705882407724857,8.245098114013672
8879,0.01274509821087122,8.553921699523926
8880,0.014215686358511448,8.742647171020508
8881,0.011274510063230991,8.89950942993164
8882,-0.00147058826405555,8.970588684082031
8883,0.007843137718737125,8.973039627075195
8884,-0.003921568859368563,8.88725471496582
8885,-0.0058823530562222,8.735294342041016
8886,-0.01764705963432789,8.492647171020508
8887,-0.00637254910543561,8.215685844421387
8888,-0.0313725508749485,7.803921699523926
8889,-0.03284313902258873,7.392157077789307
8890,-0.02450980432331562,6.879901885986328
8891,-0.03235294297337532,6.338235378265381
8892,-0.030392156913876534,5.725490093231201
8893,-0.030392156913876534,5.142157077789307
8894,-0.03529411926865578,4.497549057006836
8895,-0.03970588371157646,3.7696077823638916
8896,-0.03529411926865578,3.093137264251709
8897,-0.04264706000685692,2.3553922176361084
8898,-0.04215686395764351,1.6299020051956177
8899,-0.046568628400564194,0.9191176295280457
8900,-0.045588236302137375,0.1764705926179886
8901,-0.05882352963089943,-0.5098039507865906
8902,-0.05000000074505806,-1.2279411554336548
8903,-0.04215686395764351,-1.8627450466156006
8904,-0.04313725605607033,-2.4877450466156006
8905,-0.0470588244497776,-3.0808823108673096
8906,-0.04411764815449715,-3.661764621734619
8907,-0.030882352963089943,-4.178921699523926
8908,-0.05098039284348488,-4.647058963775635
8909,-0.011274510063230991,-5.120098114013672
8910,-0.04754902049899101,-5.490196228027344
8911,-0.008333333767950535,-5.825980186462402
8912,-0.027941176667809486,-6.129901885986328
8913,-0.003921568859368563,-6.404411792755127
8914,0.9446078538894653,-6.463235378265381
8915,0.2450980395078659,-6.642157077789307
8916,0.25,-6.799019813537598
8917,0.5132352709770203,-6.720588207244873
8918,-0.28431373834609985,-6.875
8919,0.3906862735748291,-6.754901885986328
8920,-0.13235294818878174,-6.705882549285889
8921,0.13676470518112183,-6.519608020782471
8922,0.05882352963089943,-6.301470756530762
8923,-0.009313725866377354,-6.036764621734619
8924,0.05637254938483238,-5.799019813537598
8925,0.0004901961074210703,-5.519608020782471
8926,0.022549020126461983,-5.174019813537598
8927,0.04068627581000328,-4.767157077789307
8928,0.006862745154649019,-4.379901885986328
8929,0.03284313902258873,-3.901960849761963
8930,0.011274510063230991,-3.465686321258545
8931,0.006862745154649019,-2.9264705181121826
8932,0.020588235929608345,-2.399509906768799
8933,0.01617647148668766,-1.8946079015731812
8934,0.02549019642174244,-1.2671568393707275
8935,0.02500000037252903,-0.6789215803146362
8936,0.023039216175675392,-0.10539215803146362
8937,0.02598039247095585,0.5171568393707275
8938,0.0235294122248888,1.0857843160629272
8939,0.027450980618596077,1.683823585510254
8940,0.029901960864663124,2.3039214611053467
8941,0.028921568766236305,2.9583332538604736
8942,0.03235294297337532,3.5392158031463623
8943,0.027941176667809486,4.132352828979492
8944,0.030392156913876534,4.715686321258545
8945,0.029901960864663124,5.242647171020508
8946,0.02500000037252903,5.784313678741455
8947,0.02401960827410221,6.289215564727783
8948,0.029411764815449715,6.75
8949,0.030392156913876534,7.164215564727783
8950,0.03480392321944237,7.539215564727783
8951,0.015196078456938267,7.860294342041016
8952,0.01764705963432789,8.13725471496582
8953,0.01617647148668766,8.348039627075195
8954,0.010784314014017582,8.529411315917969
8955,0.0058823530562222,8.703431129455566
8956,0.01568627543747425,8.703431129455566
8957,0.0049019609577953815,8.696078300476074
8958,-0.014705882407724857,8.610294342041016
8959,0.0004901961074210703,8.473039627075195
8960,0.006862745154649019,8.23774528503418
8961,-0.008333333767950535,8.02450942993164
8962,-0.018137255683541298,7.759803771972656
8963,-0.021078431978821754,7.299019813537598
8964,-0.026960784569382668,6.823529243469238
8965,-0.021078431978821754,6.372549057006836
8966,-0.020098039880394936,5.855391979217529
8967,-0.027941176667809486,5.26225471496582
8968,-0.03872549161314964,4.639705657958984
8969,-0.03333333507180214,3.933823585510254
8970,-0.029411764815449715,3.279411792755127
8971,-0.026470588520169258,2.55637264251709
8972,-0.035784315317869186,1.8799020051956177
8973,-0.04313725605607033,1.1323529481887817
8974,-0.03970588371157646,0.42892158031463623
8975,-0.04411764815449715,-0.33088234066963196
8976,-0.046078432351350784,-1.1078431606292725
8977,-0.06715686619281769,-1.7401961088180542
8978,-0.009803921915590763,-2.433823585510254
8979,-0.07058823853731155,-3.0710785388946533
8980,-0.01225490216165781,-3.6960785388946533
8981,-0.038235295563936234,-4.276960849761963
8982,-0.028921568766236305,-4.776960849761963
8983,-0.04264706000685692,-5.338235378265381
8984,-0.030392156913876534,-5.727941036224365
8985,-0.026470588520169258,-6.13725471496582
8986,-0.021568628028035164,-6.448529243469238
8987,-0.027941176667809486,-6.740196228027344
8988,-0.035784315317869186,-6.948529243469238
8989,-0.2348039150238037,-7.176470756530762
8990,-0.4279411733150482,-7.257352828979492
8991,0.2970588207244873,-7.259803771972656
8992,-0.4632352888584137,-7.325980186462402
8993,0.24068626761436462,-7.257352828979492
8994,-0.24264705181121826,-7.147058963775635
8995,-0.009313725866377354,-6.982842922210693
8996,0.02500000037252903,-6.80637264251709
8997,-0.06421568989753723,-6.571078300476074
8998,0.03431372717022896,-6.31862735748291
8999,-0.023039216175675392,-5.98774528503418
9000,-0.004411764908581972,-5.661764621734619
9001,0.018627451732754707,-5.26225471496582
9002,-0.015196078456938267,-4.897058963775635
9003,0.011274510063230991,-4.473039150238037
9004,0.014215686358511448,-3.9828431606292725
9005,0.010294117964804173,-3.5416667461395264
9006,-0.014705882407724857,-3.0147058963775635
9007,0.019607843831181526,-2.497549057006836
9008,0.014705882407724857,-2.0416667461395264
9009,0.045098040252923965,-1.4558823108673096
9010,0.030392156913876534,-0.9852941036224365
9011,0.045098040252923965,-0.4215686321258545
9012,0.029901960864663124,0.08578431606292725
9013,0.037745099514722824,0.6495097875595093
9014,0.03333333507180214,1.1666666269302368
9015,0.027941176667809486,1.688725471496582
9016,0.02598039247095585,2.2303922176361084
9017,0.029901960864663124,2.757352828979492
9018,0.028921568766236305,3.279411792755127
9019,0.026960784569382668,3.742647171020508
9020,0.019607843831181526,4.264705657958984
9021,0.029411764815449715,4.727941036224365
9022,0.02500000037252903,5.196078300476074
9023,0.019117647781968117,5.671568393707275
9024,0.030392156913876534,6.100490093231201
9025,0.022549020126461983,6.44362735748291
9026,0.023039216175675392,6.816176414489746
9027,0.015196078456938267,7.203431606292725
9028,0.01715686358511448,7.497549057006836
9029,0.027941176667809486,7.747549057006836
9030,-0.0117647061124444,7.985294342041016
9031,0.036274511367082596,8.20588207244873
9032,0.00147058826405555,8.382352828979492
9033,0.009803921915590763,8.433823585510254
9034,0.0024509804788976908,8.480392456054688
9035,0.003921568859368563,8.482843399047852
9036,0.0,8.428921699523926
9037,0.030392156913876534,8.360294342041016
9038,-0.0058823530562222,8.223039627075195
9039,0.00147058826405555,8.01225471496582
9040,-0.008823529817163944,7.754901885986328
9041,-0.019607843831181526,7.438725471496582
9042,-0.01225490216165781,7.05637264251709
9043,-0.009313725866377354,6.661764621734619
9044,-0.01568627543747425,6.186274528503418
9045,-0.028431372717022896,5.705882549285889
9046,-0.02549019642174244,5.205882549285889
9047,-0.026960784569382668,4.622549057006836
9048,-0.03186274692416191,4.024509906768799
9049,-0.022549020126461983,3.409313678741455
9050,-0.036274511367082596,2.752450942993164
9051,-0.03970588371157646,2.063725471496582
9052,-0.03235294297337532,1.372549057006836
9053,-0.03872549161314964,0.7132353186607361
9054,-0.04362745210528374,0.0024509804788976908
9055,-0.028431372717022896,-0.654411792755127
9056,-0.037745099514722824,-1.2990195751190186
9057,-0.037254903465509415,-2.036764621734619
9058,-0.03333333507180214,-2.6421568393707275
9059,-0.046568628400564194,-3.19362735748291
9060,-0.04068627581000328,-3.784313678741455
9061,-0.03872549161314964,-4.343137264251709
9062,-0.03431372717022896,-4.825980186462402
9063,-0.04068627581000328,-5.269608020782471
9064,-0.03529411926865578,-5.725490093231201
9065,-0.027450980618596077,-6.075980186462402
9066,-0.008823529817163944,-6.416666507720947
9067,-0.035784315317869186,-6.688725471496582
9068,-0.004411764908581972,-6.926470756530762
9069,-0.030882352963089943,-7.073529243469238
9070,-0.04313725605607033,-7.205882549285889
9071,-0.020098039880394936,-7.316176414489746
9072,-0.0416666679084301,-7.333333492279053
9073,-0.02500000037252903,-7.299019813537598
9074,-0.021078431978821754,-7.218137264251709
9075,-0.013235294260084629,-7.156862735748291
9076,-0.0049019609577953815,-7.024509906768799
9077,-0.0009803922148421407,-6.840686321258545
9078,-0.004411764908581972,-6.590686321258545
9079,0.0009803922148421407,-6.379901885986328
9080,0.0,-6.100490093231201
9081,0.0049019609577953815,-5.794117450714111
9082,-0.004411764908581972,-5.419117450714111
9083,-0.0029411765281111,-5.100490093231201
9084,0.019117647781968117,-4.69362735748291
9085,0.007843137718737125,-4.392157077789307
9086,0.021078431978821754,-3.9509804248809814
9087,0.0029411765281111,-3.5465686321258545
9088,0.011274510063230991,-3.0710785388946533
9089,0.008333333767950535,-2.6421568393707275
9090,0.01666666753590107,-2.245098114013672
9091,0.021568628028035164,-1.7132352590560913
9092,0.022549020126461983,-1.2426470518112183
9093,0.01715686358511448,-0.7745097875595093
9094,0.013725490309298038,-0.32598039507865906
9095,0.01666666753590107,0.17892156541347504
9096,0.01666666753590107,0.625
9097,0.02450980432331562,1.1029411554336548
9098,0.015196078456938267,1.6617647409439087
9099,0.0235294122248888,2.1470587253570557
9100,0.01764705963432789,2.659313678741455
9101,0.023039216175675392,3.1372549533843994
9102,0.03382353112101555,3.622549057006836
9103,0.020098039880394936,4.142157077789307
9104,0.02401960827410221,4.615196228027344
9105,0.019607843831181526,5.041666507720947
9106,0.01764705963432789,5.517157077789307
9107,0.02549019642174244,5.916666507720947
9108,0.018137255683541298,6.328431606292725
9109,0.021568628028035164,6.688725471496582
9110,0.021568628028035164,7.088235378265381
9111,0.01666666753590107,7.38725471496582
9112,0.004411764908581972,7.696078300476074
9113,0.0117647061124444,7.98774528503418
9114,0.0058823530562222,8.247549057006836
9115,0.01225490216165781,8.416666984558105
9116,0.0,8.588234901428223
9117,0.01764705963432789,8.698529243469238
9118,0.00637254910543561,8.784314155578613
9119,0.010294117964804173,8.791666984558105
9120,-0.00147058826405555,8.708333015441895
9121,-0.00637254910543561,8.654411315917969
9122,-0.0058823530562222,8.522058486938477
9123,-0.007352941203862429,8.34313678741455
9124,-0.013725490309298038,8.061274528503418
9125,-0.02450980432331562,7.808823585510254
9126,-0.013725490309298038,7.492647171020508
9127,-0.013725490309298038,7.095588207244873
9128,-0.018137255683541298,6.700980186462402
9129,-0.029411764815449715,6.218137264251709
9130,-0.026960784569382668,5.740196228027344
9131,-0.028431372717022896,5.218137264251709
9132,-0.029901960864663124,4.671568393707275
9133,-0.03431372717022896,4.142157077789307
9134,-0.03333333507180214,3.5465686321258545
9135,-0.06519608199596405,2.936274528503418
9136,-0.029901960864663124,2.2941176891326904
9137,0.0024509804788976908,1.6960784196853638
9138,-0.03431372717022896,1.1176470518112183
9139,0.013235294260084629,0.4828431308269501
9140,-0.01274509821087122,-0.0833333358168602
9141,-0.015196078456938267,-0.7156862616539001
9142,-0.04215686395764351,-1.2941176891326904
9143,-0.01715686358511448,-1.8480392694473267
9144,-0.03235294297337532,-2.3946077823638916
9145,-0.028431372717022896,-2.8602941036224365
9146,-0.01568627543747425,-3.338235378265381
9147,-0.026470588520169258,-3.80637264251709
9148,-0.03235294297337532,-4.220588207244873
9149,-0.027941176667809486,-4.605391979217529
9150,-0.020098039880394936,-4.904411792755127
9151,-0.029901960864663124,-5.257352828979492
9152,-0.009313725866377354,-5.529411792755127
9153,-0.020588235929608345,-5.823529243469238
9154,-0.00637254910543561,-6.017157077789307
9155,-0.027941176667809486,-6.200980186462402
9156,-0.010294117964804173,-6.365196228027344
9157,-0.013725490309298038,-6.482842922210693
9158,-0.028921568766236305,-6.595588207244873
9159,-0.014215686358511448,-6.700980186462402
9160,-0.009803921915590763,-6.720588207244873
9161,-0.009313725866377354,-6.781862735748291
9162,-0.003921568859368563,-6.784313678741455
9163,-0.007352941203862429,-6.781862735748291
9164,-0.0049019609577953815,-6.713235378265381
9165,-0.0004901961074210703,-6.674019813537598
9166,-0.010294117964804173,-6.571078300476074
9167,0.007352941203862429,-6.473039150238037
9168,-0.0019607844296842813,-6.325980186462402
9169,0.007352941203862429,-6.18137264251709
9170,-0.00637254910543561,-5.995098114013672
9171,0.00637254910543561,-5.803921699523926
9172,0.013725490309298038,-5.580882549285889
9173,0.0034313725773245096,-5.350490093231201
9174,0.007843137718737125,-5.078431606292725
9175,0.0034313725773245096,-4.779411792755127
9176,0.007352941203862429,-4.448529243469238
9177,0.011274510063230991,-4.122549057006836
9178,0.019117647781968117,-3.7720587253570557
9179,0.013725490309298038,-3.3921568393707275
9180,0.014705882407724857,-2.995098114013672
9181,0.018137255683541298,-2.5392158031463623
9182,0.027450980618596077,-2.090686321258545
9183,0.023039216175675392,-1.6029411554336548
9184,0.02500000037252903,-1.1151961088180542
9185,0.027450980618596077,-0.595588207244873
9186,0.021078431978821754,-0.06372549384832382
9187,0.022058824077248573,0.4730392098426819
9188,0.02500000037252903,1.0245097875595093
9189,0.03382353112101555,1.6200979948043823
9190,0.030882352963089943,2.2009804248809814
9191,0.03382353112101555,2.7058823108673096
9192,0.03235294297337532,3.257352828979492
9193,0.026470588520169258,3.848039150238037
9194,0.03235294297337532,4.389705657958984
9195,0.01666666753590107,4.904411792755127
9196,0.026470588520169258,5.411764621734619
9197,0.027450980618596077,5.906862735748291
9198,0.021568628028035164,6.338235378265381
9199,0.02549019642174244,6.776960849761963
9200,0.02500000037252903,7.129901885986328
9201,0.026470588520169258,7.55637264251709
9202,0.01568627543747425,7.845588207244873
9203,0.01764705963432789,8.110294342041016
9204,0.010784314014017582,8.352941513061523
9205,0.00637254910543561,8.514705657958984
9206,0.0058823530562222,8.678921699523926
9207,0.007352941203862429,8.769607543945312
9208,0.00637254910543561,8.801470756530762
9209,0.009803921915590763,8.823529243469238
9210,-0.0034313725773245096,8.821078300476074
9211,0.0,8.703431129455566
9212,-0.0034313725773245096,8.61274528503418
9213,0.0024509804788976908,8.460783958435059
9214,-0.010784314014017582,8.25
9215,-0.010784314014017582,8.05637264251709
9216,-0.019607843831181526,7.779411792755127
9217,-0.004411764908581972,7.531862735748291
9218,-0.005392157007008791,7.223039150238037
9219,-0.00637254910543561,6.924019813537598
9220,-0.014215686358511448,6.575980186462402
9221,-0.019607843831181526,6.215686321258545
9222,-0.027941176667809486,5.833333492279053
9223,-0.020098039880394936,5.495098114013672
9224,-0.030392156913876534,5.127450942993164
9225,-0.01617647148668766,4.725490093231201
9226,-0.037254903465509415,4.335784435272217
9227,-0.01666666753590107,3.875
9228,-0.018627451732754707,3.526960849761963
9229,-0.019607843831181526,3.159313678741455
9230,-0.01617647148668766,2.7107841968536377
9231,-0.02500000037252903,2.2916667461395264
9232,-0.022549020126461983,1.9583333730697632
9233,-0.019117647781968117,1.531862735748291
9234,-0.008823529817163944,1.1299020051956177
9235,-0.021078431978821754,0.7352941036224365
9236,-0.02598039247095585,0.30882352590560913
9237,-0.018627451732754707,-0.05882352963089943
9238,-0.08627451211214066,-0.46568626165390015
9239,-0.054411765187978745,-0.8210784196853638
9240,-0.05000000074505806,-1.2598038911819458
9241,-0.036764707416296005,-1.6495097875595093
9242,-0.02598039247095585,-2.0220587253570557
9243,-0.020098039880394936,-2.4534313678741455
9244,-0.03382353112101555,-2.8578431606292725
9245,-0.010784314014017582,-3.242647171020508
9246,-0.04117647185921669,-3.6348040103912354
9247,-0.020098039880394936,-4.095588207244873
9248,-0.03284313902258873,-4.448529243469238
9249,-0.02450980432331562,-4.828431606292725
9250,-0.02450980432331562,-5.156862735748291
9251,-0.06960784643888474,-5.534313678741455
9252,-0.052941177040338516,-5.897058963775635
9253,-0.026960784569382668,-6.171568393707275
9254,-0.046078432351350784,-6.495098114013672
9255,-0.01764705963432789,-6.786764621734619
9256,-0.02598039247095585,-7.05637264251709
9257,-0.019607843831181526,-7.26225471496582
9258,-0.023039216175675392,-7.44362735748291
9259,-0.023039216175675392,-7.553921699523926
9260,-0.013235294260084629,-7.713235378265381
9261,-0.0117647061124444,-7.786764621734619
9262,-0.007352941203862429,-7.821078300476074
9263,-0.01225490216165781,-7.828431606292725
9264,-0.006862745154649019,-7.81862735748291
9265,0.0009803922148421407,-7.723039150238037
9266,-0.0024509804788976908,-7.585784435272217
9267,-0.01568627543747425,-7.436274528503418
9268,0.03284313902258873,-7.25
9269,-0.037254903465509415,-6.958333492279053
9270,0.029411764815449715,-6.69362735748291
9271,0.00147058826405555,-6.348039150238037
9272,0.09264706075191498,-6.041666507720947
9273,1.7044117450714111,-5.497549057006836
9274,-1.0441176891326904,-5.333333492279053
9275,1.015686273574829,-4.897058963775635
9276,-0.2872548997402191,-4.399509906768799
9277,0.14460784196853638,-4.029411792755127
9278,0.05539215728640556,-3.526960849761963
9279,0.11225490272045135,-3.063725471496582
9280,0.0058823530562222,-2.504901885986328
9281,0.07009804248809814,-2.0833332538604736
9282,0.011274510063230991,-1.5784313678741455
9283,0.08284313976764679,-1.1200979948043823
9284,-0.0004901961074210703,-0.6911764740943909
9285,0.054411765187978745,-0.1715686321258545
9286,0.019607843831181526,0.2598039209842682
9287,0.036764707416296005,0.6715686321258545
9288,0.029411764815449715,1.1200979948043823
9289,0.02450980432331562,1.5049020051956177
9290,0.02549019642174244,1.9191176891326904
9291,0.021078431978821754,2.3014705181121826
9292,0.019607843831181526,2.627450942993164
9293,0.03431372717022896,3.007352828979492
9294,0.01764705963432789,3.345588207244873
9295,0.010294117964804173,3.659313678741455
9296,0.03284313902258873,4.002450942993164
9297,0.03382353112101555,4.321078300476074
9298,0.0024509804788976908,4.593137264251709
9299,0.007352941203862429,4.889705657958984
9300,0.01666666753590107,5.200980186462402
9301,0.011274510063230991,5.441176414489746
9302,0.015196078456938267,5.718137264251709
9303,0.013235294260084629,5.970588207244873
9304,0.0049019609577953815,6.203431606292725
9305,0.0004901961074210703,6.455882549285889
9306,0.0019607844296842813,6.730391979217529
9307,0.015196078456938267,6.909313678741455
9308,0.0058823530562222,7.127450942993164
9309,0.008333333767950535,7.343137264251709
9310,0.0,7.517157077789307
9311,0.00147058826405555,7.75
9312,0.00637254910543561,7.941176414489746
9313,0.007352941203862429,8.110294342041016
9314,0.003921568859368563,8.235294342041016
9315,0.008823529817163944,8.360294342041016
9316,0.009313725866377354,8.436274528503418
9317,0.0029411765281111,8.509803771972656
9318,-0.0058823530562222,8.526960372924805
9319,-0.007352941203862429,8.607843399047852
9320,-0.009313725866377354,8.539216041564941
9321,-0.0058823530562222,8.519607543945312
9322,-0.006862745154649019,8.490196228027344
9323,-0.009803921915590763,8.335783958435059
9324,-0.008333333767950535,8.166666984558105
9325,-0.006862745154649019,8.019607543945312
9326,-0.013235294260084629,7.784313678741455
9327,-0.014215686358511448,7.514705657958984
9328,-0.01715686358511448,7.272058963775635
9329,-0.021568628028035164,6.955882549285889
9330,-0.020588235929608345,6.585784435272217
9331,-0.018137255683541298,6.210784435272217
9332,-0.02598039247095585,5.767157077789307
9333,-0.02549019642174244,5.392157077789307
9334,-0.028921568766236305,4.94362735748291
9335,-0.035784315317869186,4.497549057006836
9336,-0.044607844203710556,4.041666507720947
9337,-0.036274511367082596,3.5220587253570557
9338,-0.037745099514722824,3.0441176891326904
9339,-0.027941176667809486,2.5710785388946533
9340,-0.02500000037252903,2.090686321258545
9341,-0.062745101749897,1.6078431606292725
9342,-0.3607843220233917,1.0759804248809814
9343,0.4490196108818054,0.7132353186607361
9344,-0.3705882430076599,0.21568627655506134
9345,0.17009803652763367,-0.2647058963775635
9346,-0.07205882668495178,-0.6838235259056091
9347,-0.08970588445663452,-1.1102941036224365
9348,-0.02401960827410221,-1.4460784196853638
9349,-0.0009803922148421407,-1.8676470518112183
9350,-0.05000000074505806,-2.2083332538604736
9351,0.009803921915590763,-2.5392158031463623
9352,-0.0681372582912445,-2.8333332538604736
9353,0.0,-3.1470587253570557
9354,-0.036274511367082596,-3.4289214611053467
9355,-0.02549019642174244,-3.68137264251709
9356,-0.018627451732754707,-3.94362735748291
9357,-0.01715686358511448,-4.188725471496582
9358,-0.029411764815449715,-4.375
9359,-0.020098039880394936,-4.602941036224365
9360,-0.02500000037252903,-4.821078300476074
9361,-0.023039216175675392,-5.049019813537598
9362,-0.020098039880394936,-5.203431606292725
9363,-0.009803921915590763,-5.43137264251709
9364,-0.018627451732754707,-5.590686321258545
9365,-0.01715686358511448,-5.727941036224365
9366,-0.01715686358511448,-5.936274528503418
9367,-0.022549020126461983,-6.122549057006836
9368,-0.023039216175675392,-6.267157077789307
9369,-0.010294117964804173,-6.433823585510254
9370,-0.028431372717022896,-6.605391979217529
9371,-0.01715686358511448,-6.752450942993164
9372,-0.01225490216165781,-6.850490093231201
9373,-0.021568628028035164,-7.022058963775635
9374,-0.03284313902258873,-7.095588207244873
9375,-0.005392157007008791,-7.208333492279053
9376,-0.019117647781968117,-7.291666507720947
9377,-0.01666666753590107,-7.335784435272217
9378,-0.014705882407724857,-7.394608020782471
9379,-0.01225490216165781,-7.424019813537598
9380,-0.006862745154649019,-7.43137264251709
9381,-0.0024509804788976908,-7.38725471496582
9382,-0.006862745154649019,-7.338235378265381
9383,0.0004901961074210703,-7.183823585510254
9384,-0.009313725866377354,-7.110294342041016
9385,0.0,-6.924019813537598
9386,0.0029411765281111,-6.708333492279053
9387,-0.0024509804788976908,-6.514705657958984
9388,0.0029411765281111,-6.299019813537598
9389,0.010294117964804173,-5.958333492279053
9390,0.003921568859368563,-5.696078300476074
9391,0.021078431978821754,-5.321078300476074
9392,0.01617647148668766,-4.975490093231201
9393,0.022549020126461983,-4.56862735748291
9394,0.01568627543747425,-4.252450942993164
9395,0.014215686358511448,-3.7720587253570557
9396,0.01715686358511448,-3.3627450466156006
9397,0.020588235929608345,-2.9240195751190186
9398,0.009803921915590763,-2.4534313678741455
9399,0.02500000037252903,-1.9730392694473267
9400,0.01568627543747425,-1.5171568393707275
9401,0.027450980618596077,-1.0416666269302368
9402,0.004411764908581972,-0.6348039507865906
9403,0.044607844203710556,-0.21568627655506134
9404,-0.0004901961074210703,0.23284313082695007
9405,0.037745099514722824,0.6715686321258545
9406,0.0,1.034313678741455
9407,-0.7661764621734619,1.3823529481887817
9408,0.9799019694328308,1.845588207244873
9409,-0.6348039507865906,2.19362735748291
9410,0.47696077823638916,2.463235378265381
9411,0.045588236302137375,2.8872549533843994
9412,-0.037254903465509415,3.063725471496582
9413,0.16911764442920685,3.4215686321258545
9414,-0.09656862914562225,3.6470587253570557
9415,0.06078431382775307,3.8897058963775635
9416,0.08186274766921997,4.147058963775635
9417,-0.08088235557079315,4.348039150238037
9418,0.09607843309640884,4.590686321258545
9419,-0.030882352963089943,4.821078300476074
9420,0.020098039880394936,4.997549057006836
9421,0.023039216175675392,5.19362735748291
9422,-0.014215686358511448,5.357842922210693
9423,0.01225490216165781,5.583333492279053
9424,0.01617647148668766,5.81862735748291
9425,0.0024509804788976908,5.982842922210693
9426,0.02549019642174244,6.208333492279053
9427,0.010294117964804173,6.428921699523926
9428,0.019117647781968117,6.622549057006836
9429,0.00147058826405555,6.843137264251709
9430,0.0117647061124444,7.058823585510254
9431,0.008333333767950535,7.218137264251709
9432,-0.00147058826405555,7.463235378265381
9433,0.010784314014017582,7.664215564727783
9434,0.013725490309298038,7.838235378265381
9435,0.015196078456938267,7.992647171020508
9436,0.008333333767950535,8.215685844421387
9437,0.005392157007008791,8.316176414489746
9438,0.003921568859368563,8.495098114013672
9439,0.0029411765281111,8.639705657958984
9440,0.009313725866377354,8.730392456054688
9441,-0.010294117964804173,8.784314155578613
9442,0.0019607844296842813,8.821078300476074
9443,0.007843137718737125,8.848039627075195
9444,0.0,8.892156600952148
9445,0.013235294260084629,8.857843399047852
9446,-0.009803921915590763,8.779411315917969
9447,-0.0049019609577953815,8.674019813537598
9448,-0.005392157007008791,8.546568870544434
9449,0.003921568859368563,8.392156600952148
9450,-0.0058823530562222,8.14950942993164
9451,-0.013235294260084629,7.975490093231201
9452,-0.01617647148668766,7.703431606292725
9453,-0.0235294122248888,7.441176414489746
9454,-0.014215686358511448,7.149509906768799
9455,-0.021568628028035164,6.870098114013672
9456,-0.0235294122248888,6.524509906768799
9457,-0.02450980432331562,6.149509906768799
9458,-0.02401960827410221,5.779411792755127
9459,-0.014215686358511448,5.446078300476074
9460,-0.013725490309298038,5.071078300476074
9461,-0.030882352963089943,4.639705657958984
9462,-0.018627451732754707,4.338235378265381
9463,-0.021568628028035164,3.9460785388946533
9464,-0.029411764815449715,3.558823585510254
9465,-0.02549019642174244,3.1764705181121826
9466,-0.018627451732754707,2.848039150238037
9467,-0.02598039247095585,2.531862735748291
9468,-0.02450980432331562,2.1960785388946533
9469,-0.05980392172932625,1.904411792755127
9470,-0.00637254910543561,1.5759804248809814
9471,-0.021568628028035164,1.2769607305526733
9472,0.08382353186607361,1.0514706373214722
9473,0.550000011920929,0.8186274766921997
9474,-0.4122548997402191,0.5245097875595093
9475,0.3916666805744171,0.23529411852359772
9476,-0.053921569138765335,0.05882352963089943
9477,0.01568627543747425,-0.20098039507865906
9478,0.09019608050584793,-0.3700980246067047
9479,-0.0416666679084301,-0.6397058963775635
9480,0.0313725508749485,-0.8480392098426819
9481,0.020588235929608345,-1.0882352590560913
9482,-0.061274509876966476,-1.284313678741455
9483,0.0416666679084301,-1.531862735748291
9484,-0.03480392321944237,-1.7671568393707275
9485,0.0004901961074210703,-2.004901885986328
9486,-0.019117647781968117,-2.286764621734619
9487,-0.021078431978821754,-2.5808823108673096
9488,-0.010784314014017582,-2.867647171020508
9489,-0.020588235929608345,-3.159313678741455
9490,-0.027450980618596077,-3.5098040103912354
9491,-0.01617647148668766,-3.774509906768799
9492,-0.021078431978821754,-4.06862735748291
9493,-0.026470588520169258,-4.416666507720947
9494,-0.027941176667809486,-4.732842922210693
9495,-0.020588235929608345,-5.049019813537598
9496,-0.028921568766236305,-5.375
9497,-0.030392156913876534,-5.708333492279053
9498,-0.02549019642174244,-5.960784435272217
9499,-0.03529411926865578,-6.279411792755127
9500,-0.01764705963432789,-6.558823585510254
9501,0.022058824077248573,-6.808823585510254
9502,0.014215686358511448,-6.992647171020508
9503,-0.011274510063230991,-7.281862735748291
9504,-0.0024509804788976908,-7.426470756530762
9505,-0.02401960827410221,-7.674019813537598
9506,-0.019607843831181526,-7.752450942993164
9507,-0.010784314014017582,-7.879901885986328
9508,-0.008823529817163944,-7.985294342041016
9509,-0.01617647148668766,-8.004901885986328
9510,-0.0049019609577953815,-8.02450942993164
9511,-0.00147058826405555,-7.997549057006836
9512,-0.0024509804788976908,-7.941176414489746
9513,0.0058823530562222,-7.872549057006836
9514,0.0009803922148421407,-7.759803771972656
9515,0.006862745154649019,-7.649509906768799
9516,0.0049019609577953815,-7.480391979217529
9517,-0.0024509804788976908,-7.350490093231201
9518,0.009313725866377354,-7.188725471496582
9519,0.00147058826405555,-7.0
9520,0.013235294260084629,-6.769608020782471
9521,0.0024509804788976908,-6.610294342041016
9522,0.005392157007008791,-6.446078300476074
9523,-0.0029411765281111,-6.186274528503418
9524,0.009313725866377354,-5.963235378265381
9525,0.00147058826405555,-5.801470756530762
9526,0.009313725866377354,-5.583333492279053
9527,0.0019607844296842813,-5.446078300476074
9528,0.00637254910543561,-5.220588207244873
9529,0.0034313725773245096,-5.022058963775635
9530,0.010784314014017582,-4.909313678741455
9531,0.018627451732754707,-4.75
9532,-0.0024509804788976908,-4.629901885986328
9533,0.011274510063230991,-4.502450942993164
9534,0.007352941203862429,-4.355391979217529
9535,-0.0029411765281111,-4.245098114013672
9536,0.009803921915590763,-4.100490093231201
9537,0.009313725866377354,-3.9877450466156006
9538,-0.004411764908581972,-3.872549057006836
9539,0.008823529817163944,-3.75
9540,0.0049019609577953815,-3.649509906768799
9541,0.003921568859368563,-3.4460785388946533
9542,0.00637254910543561,-3.2647058963775635
9543,-0.0004901961074210703,-3.098039150238037
9544,0.00637254910543561,-2.901960849761963
9545,0.0117647061124444,-2.6715686321258545
9546,0.010784314014017582,-2.468137264251709
9547,0.007352941203862429,-2.2058823108673096
9548,0.015196078456938267,-1.9117647409439087
9549,0.019607843831181526,-1.6397058963775635
9550,0.006862745154649019,-1.3210784196853638
9551,0.013235294260084629,-1.0147058963775635
9552,0.015196078456938267,-0.6911764740943909
9553,0.02598039247095585,-0.2720588147640228
9554,0.015196078456938267,0.0416666679084301
9555,0.007352941203862429,0.47549018263816833
9556,0.02598039247095585,0.8799019455909729
9557,0.0235294122248888,1.281862735748291
9558,0.01568627543747425,1.7083333730697632
9559,0.022058824077248573,2.095588207244873
9560,0.023039216175675392,2.492647171020508
9561,0.01666666753590107,2.8970587253570557
9562,0.036764707416296005,3.257352828979492
9563,0.02598039247095585,3.6764705181121826
9564,0.01764705963432789,3.965686321258545
9565,0.021568628028035164,4.375
9566,0.013725490309298038,4.600490093231201
9567,0.0235294122248888,4.985294342041016
9568,0.01617647148668766,5.223039150238037
9569,0.01666666753590107,5.475490093231201
9570,0.021078431978821754,5.686274528503418
9571,0.01225490216165781,5.86274528503418
9572,-0.004411764908581972,6.01225471496582
9573,-0.026960784569382668,6.174019813537598
9574,0.004411764908581972,6.30637264251709
9575,-0.019607843831181526,6.340686321258545
9576,-0.00637254910543561,6.507352828979492
9577,-0.008333333767950535,6.571078300476074
9578,-0.014705882407724857,6.571078300476074
9579,-0.0034313725773245096,6.610294342041016
9580,0.0,6.715686321258545
9581,-0.00147058826405555,6.713235378265381
9582,-0.010784314014017582,6.725490093231201
9583,-0.0009803922148421407,6.784313678741455
9584,-0.005392157007008791,6.816176414489746
9585,0.00147058826405555,6.882352828979492
9586,-0.0004901961074210703,6.867647171020508
9587,-0.009803921915590763,6.975490093231201
9588,-0.010294117964804173,7.039215564727783
9589,-0.004411764908581972,7.156862735748291
9590,-0.00147058826405555,7.242647171020508
9591,0.009313725866377354,7.335784435272217
9592,0.009313725866377354,7.44362735748291
9593,-0.0004901961074210703,7.610294342041016
9594,0.007352941203862429,7.723039150238037
9595,0.011274510063230991,7.830882549285889
9596,0.0,7.965686321258545
9597,0.007843137718737125,8.159314155578613
9598,0.0019607844296842813,8.303921699523926
9599,0.006862745154649019,8.424019813537598
9600,0.009313725866377354,8.529411315917969
9601,0.007352941203862429,8.632352828979492
9602,0.007352941203862429,8.754901885986328
9603,-0.0004901961074210703,8.83088207244873
9604,0.0,8.90686321258545
9605,0.00637254910543561,8.904411315917969
9606,-0.0019607844296842813,8.93137264251709
9607,-0.0029411765281111,8.914216041564941
9608,0.0009803922148421407,8.889705657958984
9609,-0.0019607844296842813,8.79411792755127
9610,-0.0009803922148421407,8.710783958435059
9611,-0.013725490309298038,8.553921699523926
9612,-0.007352941203862429,8.382352828979492
9613,-0.00637254910543561,8.174019813537598
9614,-0.01617647148668766,7.995098114013672
9615,-0.007843137718737125,7.784313678741455
9616,-0.019607843831181526,7.549019813537598
9617,-0.019607843831181526,7.299019813537598
9618,-0.00637254910543561,6.98774528503418
9619,-0.02549019642174244,6.723039150238037
9620,-0.01715686358511448,6.424019813537598
9621,-0.021078431978821754,6.107842922210693
9622,-0.009803921915590763,5.833333492279053
9623,-0.02500000037252903,5.504901885986328
9624,-0.01617647148668766,5.215686321258545
9625,-0.014215686358511448,4.965686321258545
9626,-0.013725490309298038,4.720588207244873
9627,-0.01764705963432789,4.43137264251709
9628,-0.022058824077248573,4.242647171020508
9629,-0.0235294122248888,4.002450942993164
9630,-0.013725490309298038,3.808823585510254
9631,-0.008333333767950535,3.620098114013672
9632,0.021568628028035164,3.436274528503418
9633,-0.08137255162000656,3.279411792755127
9634,-0.0049019609577953815,3.188725471496582
9635,-0.03431372717022896,3.0465686321258545
9636,-0.022549020126461983,2.94362735748291
9637,-0.014705882407724857,2.8602941036224365
9638,-0.022549020126461983,2.8235294818878174
9639,-0.0049019609577953815,2.7083332538604736
9640,-0.007352941203862429,2.5759804248809814
9641,0.004411764908581972,2.4828431606292725
9642,-0.006862745154649019,2.379901885986328
9643,-0.0058823530562222,2.316176414489746
9644,-0.007352941203862429,2.2401959896087646
9645,-0.01274509821087122,2.034313678741455
9646,-0.003921568859368563,1.904411792755127
9647,-0.021568628028035164,1.7622549533843994
9648,-0.013725490309298038,1.5980392694473267
9649,-0.011274510063230991,1.2965686321258545
9650,-0.0117647061124444,1.1151961088180542
9651,-0.0117647061124444,0.8504902124404907
9652,-0.013235294260084629,0.5906862616539001
9653,-0.009313725866377354,0.25
9654,-0.010784314014017582,-0.03431372717022896
9655,-0.028431372717022896,-0.3700980246067047
9656,-0.02401960827410221,-0.7083333134651184
9657,-0.01764705963432789,-1.0196079015731812
9658,-0.02500000037252903,-1.4264706373214722
9659,-0.018627451732754707,-1.7965686321258545
9660,-0.019607843831181526,-2.151960849761963
9661,-0.021568628028035164,-2.502450942993164
9662,-0.02401960827410221,-2.8553922176361084
9663,-0.02401960827410221,-3.225490093231201
9664,-0.009313725866377354,-3.5122549533843994
9665,-0.015196078456938267,-3.80637264251709
9666,-0.022058824077248573,-4.110294342041016
9667,-0.018137255683541298,-4.426470756530762
9668,-0.026470588520169258,-4.598039150238037
9669,-0.011274510063230991,-4.899509906768799
9670,-0.008333333767950535,-5.075980186462402
9671,-0.0049019609577953815,-5.18137264251709
9672,-0.01666666753590107,-5.343137264251709
9673,-0.01764705963432789,-5.44362735748291
9674,-0.0034313725773245096,-5.534313678741455
9675,-0.0049019609577953815,-5.571078300476074
9676,-0.007843137718737125,-5.590686321258545
9677,-0.020588235929608345,-5.625
9678,-0.005392157007008791,-5.595588207244873
9679,0.0,-5.607842922210693
9680,-0.004411764908581972,-5.583333492279053
9681,-0.003921568859368563,-5.539215564727783
9682,-0.0004901961074210703,-5.580882549285889
9683,-0.0034313725773245096,-5.544117450714111
9684,-0.0004901961074210703,-5.544117450714111
9685,-0.0019607844296842813,-5.522058963775635
9686,-0.0034313725773245096,-5.492647171020508
9687,0.014215686358511448,-5.517157077789307
9688,-0.007843137718737125,-5.61274528503418
9689,-0.037254903465509415,-5.63725471496582
9690,0.006862745154649019,-5.715686321258545
9691,-0.01764705963432789,-5.840686321258545
9692,-0.028921568766236305,-5.909313678741455
9693,-0.008823529817163944,-6.061274528503418
9694,-0.01568627543747425,-6.220588207244873
9695,-0.013235294260084629,-6.382352828979492
9696,-0.020588235929608345,-6.539215564727783
9697,-0.018137255683541298,-6.747549057006836
9698,-0.01225490216165781,-6.938725471496582
9699,-0.027941176667809486,-7.11274528503418
9700,-0.007352941203862429,-7.328431606292725
9701,-0.01715686358511448,-7.507352828979492
9702,-0.02598039247095585,-7.713235378265381
9703,-0.0058823530562222,-7.924019813537598
9704,-0.01568627543747425,-8.029411315917969
9705,-0.008823529817163944,-8.18137264251709
9706,-0.0024509804788976908,-8.299019813537598
9707,-0.013725490309298038,-8.392156600952148
9708,-0.015196078456938267,-8.473039627075195
9709,-0.009803921915590763,-8.52450942993164
9710,0.0004901961074210703,-8.5
9711,-0.015196078456938267,-8.53186321258545
9712,-0.0019607844296842813,-8.433823585510254
9713,-0.007352941203862429,-8.328431129455566
9714,0.01225490216165781,-8.259803771972656
9715,0.0004901961074210703,-8.095588684082031
9716,0.020098039880394936,-7.950980186462402
9717,-0.04215686395764351,-7.735294342041016
9718,0.014215686358511448,-7.534313678741455
9719,0.0029411765281111,-7.360294342041016
9720,0.0,-7.088235378265381
9721,0.008333333767950535,-6.93137264251709
9722,0.0024509804788976908,-6.666666507720947
9723,0.0029411765281111,-6.394608020782471
9724,0.007352941203862429,-6.196078300476074
9725,0.009803921915590763,-5.980391979217529
9726,0.010784314014017582,-5.786764621734619
9727,0.009803921915590763,-5.578431606292725
9728,0.008333333767950535,-5.375
9729,0.00147058826405555,-5.242647171020508
9730,-0.006862745154649019,-5.147058963775635
9731,0.005392157007008791,-5.066176414489746
9732,0.0029411765281111,-4.955882549285889
9733,0.045098040252923965,-4.946078300476074
9734,0.0004901961074210703,-4.850490093231201
9735,0.009313725866377354,-4.882352828979492
9736,-0.014215686358511448,-4.872549057006836
9737,0.0009803922148421407,-4.921568393707275
9738,-0.00637254910543561,-4.968137264251709
9739,-0.0049019609577953815,-5.049019813537598
9740,-0.003921568859368563,-5.073529243469238
9741,-0.009803921915590763,-5.142157077789307
9742,-0.007352941203862429,-5.196078300476074
9743,-0.018627451732754707,-5.232842922210693
9744,-0.011274510063230991,-5.240196228027344
9745,-0.008823529817163944,-5.301470756530762
9746,-0.006862745154649019,-5.267157077789307
9747,-0.0117647061124444,-5.289215564727783
9748,0.0,-5.240196228027344
9749,-0.01274509821087122,-5.174019813537598
9750,0.007843137718737125,-5.063725471496582
9751,-0.009313725866377354,-4.948529243469238
9752,0.0034313725773245096,-4.769608020782471
9753,0.003921568859368563,-4.566176414489746
9754,-0.003921568859368563,-4.360294342041016
9755,0.007352941203862429,-4.080882549285889
9756,0.01568627543747425,-3.81862735748291
9757,0.0049019609577953815,-3.4828431606292725
9758,0.010294117964804173,-3.242647171020508
9759,0.010784314014017582,-2.8578431606292725
9760,0.023039216175675392,-2.5857841968536377
9761,-0.008823529817163944,-2.19362735748291
9762,0.046568628400564194,-1.875
9763,-0.0049019609577953815,-1.5490195751190186
9764,0.03235294297337532,-1.1985293626785278
9765,0.0019607844296842813,-0.8725489974021912
9766,-0.053921569138765335,-0.5906862616539001
9767,1.9367647171020508,-0.13725490868091583
9768,-0.7215686440467834,-0.03431372717022896
9769,1.076960802078247,0.27450981736183167
9770,-0.07254902273416519,0.46568626165390015
9771,0.24754901230335236,0.5588235259056091
9772,0.07941176742315292,0.75
9773,0.08725490421056747,0.8161764740943909
9774,0.035784315317869186,0.9240196347236633
9775,0.06617647409439087,0.9558823704719543
9776,-0.007843137718737125,0.9950980544090271
9777,0.04411764815449715,0.9754902124404907
9778,-0.013725490309298038,0.968137264251709
9779,0.01225490216165781,0.9313725233078003
9780,0.0049019609577953815,0.9166666865348816
9781,-0.0009803922148421407,0.8186274766921997
9782,0.003921568859368563,0.7720588445663452
9783,-0.003921568859368563,0.7230392098426819
9784,0.0004901961074210703,0.6470588445663452
9785,-0.008333333767950535,0.6225489974021912
9786,-0.015196078456938267,0.6348039507865906
9787,-0.0009803922148421407,0.6053921580314636
9788,-0.004411764908581972,0.6151960492134094
9789,-0.0029411765281111,0.6813725233078003
9790,-0.0034313725773245096,0.7475489974021912
9791,-0.0029411765281111,0.8774510025978088
9792,-0.004411764908581972,1.0171568393707275
9793,0.004411764908581972,1.2058823108673096
9794,0.009313725866377354,1.3970588445663452
9795,-0.0009803922148421407,1.6200979948043823
9796,0.008823529817163944,1.877450942993164
9797,0.0034313725773245096,2.1348040103912354
9798,0.01225490216165781,2.438725471496582
9799,0.01274509821087122,2.745098114013672
9800,0.003921568859368563,3.0514705181121826
9801,0.013235294260084629,3.4142158031463623
9802,0.0117647061124444,3.7377450466156006
9803,0.010784314014017582,4.053921699523926
9804,0.03235294297337532,4.406862735748291
9805,0.003921568859368563,4.735294342041016
9806,0.023039216175675392,4.990196228027344
9807,0.00147058826405555,5.291666507720947
9808,0.007352941203862429,5.585784435272217
9809,0.01225490216165781,5.791666507720947
9810,0.008823529817163944,5.948529243469238
9811,0.007843137718737125,6.142157077789307
9812,0.0029411765281111,6.166666507720947
9813,0.004411764908581972,6.308823585510254
9814,0.010784314014017582,6.343137264251709
9815,0.0009803922148421407,6.370098114013672
9816,-0.0049019609577953815,6.352941036224365
9817,-0.007352941203862429,6.301470756530762
9818,0.0009803922148421407,6.178921699523926
9819,-0.009313725866377354,6.100490093231201
9820,-0.010294117964804173,5.950980186462402
9821,-0.010294117964804173,5.872549057006836
9822,-0.011274510063230991,5.727941036224365
9823,-0.0034313725773245096,5.51225471496582
9824,-0.007352941203862429,5.409313678741455
9825,-0.0019607844296842813,5.291666507720947
9826,-0.013235294260084629,5.159313678741455
9827,-0.00147058826405555,5.051470756530762
9828,-0.05000000074505806,4.965686321258545
9829,-0.5137255191802979,4.894608020782471
9830,0.11568627506494522,4.872549057006836
9831,-0.1196078434586525,4.911764621734619
9832,-0.09754902124404907,4.86274528503418
9833,0.0779411792755127,5.017157077789307
9834,-0.13774509727954865,5.071078300476074
9835,-0.0313725508749485,5.242647171020508
9836,0.036274511367082596,5.475490093231201
9837,-0.05980392172932625,5.651960849761963
9838,0.030392156913876534,5.921568393707275
9839,-0.018627451732754707,6.127450942993164
9840,0.007352941203862429,6.411764621734619
9841,0.013725490309298038,6.688725471496582
9842,0.014705882407724857,6.970588207244873
9843,0.010294117964804173,7.272058963775635
9844,0.014705882407724857,7.580882549285889
9845,0.009803921915590763,7.877450942993164
9846,0.0019607844296842813,8.15686321258545
9847,0.01715686358511448,8.389705657958984
9848,0.008333333767950535,8.617647171020508
9849,0.009313725866377354,8.789216041564941
9850,0.0117647061124444,8.94362735748291
9851,0.009313725866377354,9.083333015441895
9852,-0.00147058826405555,9.164216041564941
9853,0.01274509821087122,9.220588684082031
9854,0.006862745154649019,9.19362735748291
9855,-0.0029411765281111,9.14950942993164
9856,-0.003921568859368563,9.053921699523926
9857,-0.01617647148668766,8.909314155578613
9858,-0.013725490309298038,8.801470756530762
9859,-0.008823529817163944,8.583333015441895
9860,-0.0117647061124444,8.36274528503418
9861,-0.01666666753590107,8.139705657958984
9862,-0.007352941203862429,7.904411792755127
9863,-0.021078431978821754,7.666666507720947
9864,-0.022549020126461983,7.377450942993164
9865,-0.01274509821087122,7.090686321258545
9866,-0.01617647148668766,6.877450942993164
9867,-0.008823529817163944,6.676470756530762
9868,-0.021078431978821754,6.5
9869,-0.027450980618596077,6.411764621734619
9870,-0.023039216175675392,6.203431606292725
9871,-0.022058824077248573,6.134803771972656
9872,-0.01225490216165781,6.036764621734619
9873,-0.011274510063230991,6.044117450714111
9874,-0.010784314014017582,6.05637264251709
9875,-0.0024509804788976908,6.125
9876,-0.0029411765281111,6.240196228027344
9877,-0.0019607844296842813,6.340686321258545
9878,-0.0034313725773245096,6.593137264251709
9879,-0.003921568859368563,6.718137264251709
9880,0.008823529817163944,7.024509906768799
9881,0.0,7.230391979217529
9882,0.011274510063230991,7.534313678741455
9883,0.01764705963432789,7.813725471496582
9884,0.01568627543747425,8.085783958435059
9885,0.014705882407724857,8.352941513061523
9886,0.0029411765281111,8.639705657958984
9887,0.007843137718737125,8.879901885986328
9888,0.008333333767950535,9.090685844421387
9889,0.007843137718737125,9.286765098571777
9890,0.01225490216165781,9.411765098571777
9891,0.0009803922148421407,9.549019813537598
9892,0.0,9.590685844421387
9893,0.005392157007008791,9.651960372924805
9894,-0.010784314014017582,9.620098114013672
9895,0.0,9.55637264251709
9896,-0.01715686358511448,9.470588684082031
9897,0.01274509821087122,9.254901885986328
9898,-0.029901960864663124,9.085783958435059
9899,0.0,8.86274528503418
9900,0.02500000037252903,8.553921699523926
9901,-1.6553921699523926,8.151960372924805
9902,0.8397058844566345,7.924019813537598
9903,-1.3553920984268188,7.571078300476074
9904,0.35686275362968445,7.220588207244873
9905,-0.3186274468898773,6.965686321258545
9906,-0.03333333507180214,6.610294342041016
9907,-0.11274509876966476,6.316176414489746
9908,-0.12352941185235977,5.975490093231201
9909,-0.010784314014017582,5.789215564727783
9910,-0.046568628400564194,5.480391979217529
9911,-0.08529412001371384,5.30637264251709
9912,0.02549019642174244,5.161764621734619
9913,-0.07009804248809814,5.044117450714111
9914,-0.0004901961074210703,5.041666507720947
9915,-0.023039216175675392,5.009803771972656
9916,-0.026470588520169258,5.075980186462402
9917,0.0004901961074210703,5.178921699523926
9918,-0.0029411765281111,5.328431606292725
9919,0.0049019609577953815,5.450980186462402
9920,0.005392157007008791,5.725490093231201
9921,0.003921568859368563,5.980391979217529
9922,0.011274510063230991,6.227941036224365
9923,0.0019607844296842813,6.529411792755127
9924,0.011274510063230991,6.882352828979492
9925,0.008823529817163944,7.164215564727783
9926,0.013725490309298038,7.44362735748291
9927,0.013235294260084629,7.769608020782471
9928,0.008823529817163944,8.026960372924805
9929,0.005392157007008791,8.230392456054688
9930,0.008823529817163944,8.441176414489746
9931,0.010784314014017582,8.590685844421387
9932,0.0,8.747549057006836
9933,0.005392157007008791,8.811274528503418
9934,0.004411764908581972,8.80637264251709
9935,0.03235294297337532,8.77450942993164
9936,-0.01617647148668766,8.710783958435059
9937,0.003921568859368563,8.490196228027344
9938,-0.0019607844296842813,8.340685844421387
9939,-0.014705882407724857,8.03186321258545
9940,-0.018137255683541298,7.784313678741455
9941,-0.01764705963432789,7.446078300476074
9942,-0.021078431978821754,7.066176414489746
9943,-0.020588235929608345,6.732842922210693
9944,-0.026470588520169258,6.303921699523926
9945,-0.01666666753590107,5.901960849761963
9946,-0.018627451732754707,5.465686321258545
9947,-0.03186274692416191,5.073529243469238
9948,-0.02500000037252903,4.691176414489746
9949,-0.027450980618596077,4.311274528503418
9950,-0.018627451732754707,4.026960849761963
9951,-0.023039216175675392,3.742647171020508
9952,-0.01617647148668766,3.526960849761963
9953,-0.01666666753590107,3.3259804248809814
9954,-0.018137255683541298,3.2034313678741455
9955,-0.00637254910543561,3.122549057006836
9956,-0.006862745154649019,3.1102941036224365
9957,-0.004411764908581972,3.1470587253570557
9958,-0.0049019609577953815,3.257352828979492
9959,-0.0004901961074210703,3.4215686321258545
9960,-0.004411764908581972,3.6421568393707275
9961,0.010294117964804173,3.8970587253570557
9962,0.006862745154649019,4.169117450714111
9963,0.006862745154649019,4.544117450714111
9964,-0.007352941203862429,4.892157077789307
9965,0.028431372717022896,5.215686321258545
9966,0.0029411765281111,5.605391979217529
9967,0.037254903465509415,6.004901885986328
9968,-0.0049019609577953815,6.325980186462402
9969,0.02500000037252903,6.683823585510254
9970,0.007843137718737125,6.955882549285889
9971,0.009803921915590763,7.23774528503418
9972,0.01274509821087122,7.409313678741455
9973,0.01225490216165781,7.598039150238037
9974,0.0004901961074210703,7.656862735748291
9975,-0.0004901961074210703,7.752450942993164
9976,-0.00147058826405555,7.688725471496582
9977,-0.013725490309298038,7.61274528503418
9978,0.1818627417087555,7.419117450714111
9979,0.15539215505123138,7.25
9980,-0.2593137323856354,6.897058963775635
9981,0.45147058367729187,6.661764621734619
9982,-0.2799019515514374,6.171568393707275
9983,0.20490196347236633,5.823529243469238
9984,-0.09656862914562225,5.370098114013672
9985,-0.011274510063230991,4.894608020782471
9986,0.03431372717022896,4.382352828979492
9987,-0.07598039507865906,3.8553922176361084
9988,0.00147058826405555,3.473039150238037
9989,-0.027941176667809486,3.0171568393707275
9990,-0.03970588371157646,2.534313678741455
9991,-0.018137255683541298,2.2083332538604736
9992,-0.044607844203710556,1.8357843160629272
9993,-0.027450980618596077,1.5269607305526733
9994,-0.02598039247095585,1.3259804248809814
9995,-0.030392156913876534,1.1348038911819458
9996,-0.08578431606292725,1.090686321258545
9997,-0.0936274528503418,1.0220588445663452
9998,-0.04117647185921669,1.058823585510254
9999,-0.06470588594675064,1.2058823108673096
10000,-0.029411764815449715,1.3872549533843994
10001,-0.011274510063230991,1.659313678741455
10002,-0.0009803922148421407,1.9632352590560913
10003,0.003921568859368563,2.350490093231201
10004,0.014705882407724857,2.723039150238037
10005,0.0049019609577953815,3.1789214611053467
10006,0.021078431978821754,3.6127450466156006
10007,0.028431372717022896,4.058823585510254
10008,0.0235294122248888,4.519608020782471
10009,0.020588235929608345,4.985294342041016
10010,0.026960784569382668,5.43137264251709
10011,0.0235294122248888,5.821078300476074
10012,0.020098039880394936,6.115196228027344
10013,0.018627451732754707,6.43137264251709
10014,0.02549019642174244,6.696078300476074
10015,0.013725490309298038,6.850490093231201
10016,0.0029411765281111,6.94362735748291
10017,0.0019607844296842813,6.968137264251709
10018,0.01764705963432789,6.88725471496582
10019,-0.026470588520169258,6.732842922210693
10020,-0.0049019609577953815,6.561274528503418
10021,-0.010294117964804173,6.220588207244873
10022,-0.011274510063230991,5.872549057006836
10023,-0.022549020126461983,5.463235378265381
10024,-0.01568627543747425,4.975490093231201
10025,-0.03382353112101555,4.509803771972656
10026,-0.03284313902258873,3.9215686321258545
10027,-0.03186274692416191,3.382352828979492
10028,-0.02401960827410221,2.7647058963775635
10029,-0.03529411926865578,2.213235378265381
10030,-0.03431372717022896,1.6666666269302368
10031,-0.03284313902258873,1.1151961088180542
10032,-0.030392156913876534,0.6176470518112183
10033,-0.026960784569382668,0.16421568393707275
10034,-0.03284313902258873,-0.1568627506494522
10035,-0.01617647148668766,-0.44117647409439087
10036,-0.022549020126461983,-0.688725471496582
10037,-0.019607843831181526,-0.8235294222831726
10038,-0.010294117964804173,-0.8700980544090271
10039,-0.007352941203862429,-0.8676470518112183
10040,0.0019607844296842813,-0.7524510025978088
10041,-0.006862745154649019,-0.4852941036224365
10042,0.010784314014017582,-0.22794117033481598
10043,0.008823529817163944,0.08088235557079315
10044,0.006862745154649019,0.5098039507865906
10045,0.011274510063230991,1.031862735748291
10046,0.02450980432331562,1.534313678741455
10047,0.018137255683541298,2.0784313678741455
10048,0.037745099514722824,2.6764705181121826
10049,0.02598039247095585,3.223039150238037
10050,0.037745099514722824,3.8039214611053467
10051,0.029411764815449715,4.348039150238037
10052,0.028921568766236305,4.860294342041016
10053,0.03431372717022896,5.379901885986328
10054,0.026470588520169258,5.801470756530762
10055,0.027450980618596077,6.132352828979492
10056,0.026470588520169258,6.426470756530762
10057,0.01225490216165781,6.615196228027344
10058,0.020588235929608345,6.696078300476074
10059,0.008823529817163944,6.688725471496582
10060,0.0034313725773245096,6.634803771972656
10061,-0.004411764908581972,6.470588207244873
10062,-0.00637254910543561,6.208333492279053
10063,-0.019607843831181526,5.791666507720947
10064,-0.018627451732754707,5.352941036224365
10065,-0.02450980432331562,4.843137264251709
10066,-0.03382353112101555,4.272058963775635
10067,-0.027450980618596077,3.6151959896087646
10068,-0.028431372717022896,2.975490093231201
10069,-0.02598039247095585,2.286764621734619
10070,-0.02598039247095585,1.627450942993164
10071,-0.005392157007008791,0.9632353186607361
10072,-0.04117647185921669,0.2769607901573181
10073,-0.027450980618596077,-0.3651960790157318
10074,-0.04068627581000328,-0.9558823704719543
10075,-0.026960784569382668,-1.4215686321258545
10076,-0.037254903465509415,-1.8039215803146362
10077,-0.02549019642174244,-2.188725471496582
10078,-0.018627451732754707,-2.43137264251709
10079,-0.020588235929608345,-2.593137264251709
10080,-0.01568627543747425,-2.5833332538604736
10081,-0.008333333767950535,-2.5808823108673096
10082,-0.0117647061124444,-2.433823585510254
10083,-0.0029411765281111,-2.100490093231201
10084,0.0049019609577953815,-1.8014706373214722
10085,0.010294117964804173,-1.3039215803146362
10086,0.01764705963432789,-0.7647058963775635
10087,0.007843137718737125,-0.19607843458652496
10088,0.023039216175675392,0.49264705181121826
10089,0.0235294122248888,1.1789215803146362
10090,0.026960784569382668,1.8700979948043823
10091,0.019117647781968117,2.5808823108673096
10092,0.035784315317869186,3.338235378265381
10093,0.044607844203710556,4.019608020782471
10094,0.03431372717022896,4.642157077789307
10095,0.03480392321944237,5.213235378265381
10096,0.018627451732754707,5.774509906768799
10097,0.02598039247095585,6.240196228027344
10098,0.030392156913876534,6.598039150238037
10099,0.014705882407724857,6.848039150238037
10100,0.00637254910543561,6.946078300476074
10101,0.01225490216165781,6.980391979217529
10102,0.007843137718737125,6.899509906768799
10103,-0.008823529817163944,6.686274528503418
10104,-0.0049019609577953815,6.399509906768799
10105,-0.01274509821087122,5.93137264251709
10106,-0.01764705963432789,5.463235378265381
10107,-0.030882352963089943,4.850490093231201
10108,-0.035784315317869186,4.166666507720947
10109,-0.03970588371157646,3.404411792755127
10110,-0.05000000074505806,2.622549057006836
10111,-0.05539215728640556,1.813725471496582
10112,-0.045588236302137375,1.0
10113,-0.04901960864663124,0.1666666716337204
10114,-0.04852941259741783,-0.595588207244873
10115,-0.05833333358168602,-1.3553920984268188
10116,-0.04313725605607033,-2.063725471496582
10117,-0.04950980469584465,-2.686274528503418
10118,-0.03529411926865578,-3.1691176891326904
10119,-0.037745099514722824,-3.6127450466156006
10120,-0.021568628028035164,-3.9607841968536377
10121,-0.0024509804788976908,-4.159313678741455
10122,-0.04215686395764351,-4.254901885986328
10123,-0.015196078456938267,-4.174019813537598
10124,0.0029411765281111,-4.026960849761963
10125,-0.02401960827410221,-3.659313678741455
10126,0.014215686358511448,-3.31862735748291
10127,-0.08725490421056747,-2.757352828979492
10128,0.013235294260084629,-2.1470587253570557
10129,-0.018137255683541298,-1.4632352590560913
10130,0.05098039284348488,-0.6397058963775635
10131,0.02500000037252903,0.1764705926179886
10132,0.035784315317869186,1.0171568393707275
10133,0.04362745210528374,1.9215686321258545
10134,0.046078432351350784,2.8014705181121826
10135,0.04068627581000328,3.683823585510254
10136,0.04950980469584465,4.453431606292725
10137,0.04362745210528374,5.247549057006836
10138,0.04411764815449715,5.88725471496582
10139,0.04411764815449715,6.485294342041016
10140,0.030392156913876534,6.950980186462402
10141,0.03382353112101555,7.343137264251709
10142,0.037254903465509415,7.585784435272217
10143,0.022549020126461983,7.661764621734619
10144,0.010294117964804173,7.661764621734619
10145,0.006862745154649019,7.441176414489746
10146,-0.008823529817163944,7.159313678741455
10147,-0.011274510063230991,6.769608020782471
10148,-0.0117647061124444,6.18137264251709
10149,0.003921568859368563,5.492647171020508
10150,-0.0416666679084301,4.727941036224365
10151,-0.03480392321944237,3.8946077823638916
10152,-0.02598039247095585,3.0122549533843994
10153,-0.05833333358168602,2.031862735748291
10154,-0.04901960864663124,1.058823585510254
10155,-0.05245098099112511,0.026960784569382668
10156,-0.054901961237192154,-0.8651960492134094
10157,-0.037745099514722824,-1.7941176891326904
10158,-0.05931372568011284,-2.6764705181121826
10159,-0.05049019679427147,-3.4803922176361084
10160,-0.045098040252923965,-4.142157077789307
10161,-0.04264706000685692,-4.740196228027344
10162,-0.037745099514722824,-5.191176414489746
10163,-0.026470588520169258,-5.541666507720947
10164,-0.03333333507180214,-5.691176414489746
10165,-0.006862745154649019,-5.742647171020508
10166,-0.013725490309298038,-5.647058963775635
10167,-0.0004901961074210703,-5.365196228027344
10168,-0.0019607844296842813,-4.985294342041016
10169,0.014215686358511448,-4.458333492279053
10170,0.019117647781968117,-3.8357841968536377
10171,0.02500000037252903,-3.05637264251709
10172,0.03235294297337532,-2.149509906768799
10173,0.03970588371157646,-1.2401961088180542
10174,0.045098040252923965,-0.2720588147640228
10175,0.05931372568011284,0.7916666865348816
10176,0.053921569138765335,1.8823529481887817
10177,0.0573529414832592,2.875
10178,0.01617647148668766,3.901960849761963
10179,0.05539215728640556,4.884803771972656
10180,0.05000000074505806,5.742647171020508
10181,0.062745101749897,6.522058963775635
10182,0.03921568766236305,7.210784435272217
10183,0.0519607849419117,7.781862735748291
10184,0.036764707416296005,8.154411315917969
10185,0.030882352963089943,8.46813678741455
10186,0.014215686358511448,8.590685844421387
10187,-0.0034313725773245096,8.541666984558105
10188,0.008333333767950535,8.31862735748291
10189,-0.006862745154649019,7.958333492279053
10190,-0.020098039880394936,7.458333492279053
10191,-0.020098039880394936,6.81862735748291
10192,-0.03921568766236305,6.039215564727783
10193,-0.022058824077248573,5.159313678741455
10194,-0.044607844203710556,4.191176414489746
10195,-0.04950980469584465,3.129901885986328
10196,-0.06029411777853966,2.031862735748291
10197,-0.061764705926179886,0.8848039507865906
10198,-0.062745101749897,-0.18627451360225677
10199,-0.05784313753247261,-1.3333333730697632
10200,-0.05931372568011284,-2.436274528503418
10201,-0.05686274543404579,-3.401960849761963
10202,-0.04852941259741783,-4.355391979217529
10203,-0.05882352963089943,-5.142157077789307
10204,-0.04215686395764351,-5.867647171020508
10205,-0.04117647185921669,-6.404411792755127
10206,-0.037745099514722824,-6.796568393707275
10207,-0.02598039247095585,-7.06862735748291
10208,-0.010294117964804173,-7.13725471496582
10209,-0.019117647781968117,-7.051470756530762
10210,0.0009803922148421407,-6.774509906768799
10211,0.011274510063230991,-6.355391979217529
10212,0.009313725866377354,-5.808823585510254
10213,0.01568627543747425,-5.031862735748291
10214,0.029901960864663124,-4.240196228027344
10215,0.03235294297337532,-3.2696077823638916
10216,0.04803921654820442,-2.2377450466156006
10217,0.044607844203710556,-1.125
10218,0.05049019679427147,0.11274509876966476
10219,0.06029411777853966,1.2671568393707275
10220,0.062254901975393295,2.497549057006836
10221,0.07254902273416519,3.617647171020508
10222,0.05931372568011284,4.732842922210693
10223,0.05931372568011284,5.794117450714111
10224,0.053921569138765335,6.725490093231201
10225,0.06323529779911041,7.524509906768799
10226,0.08382353186607361,8.272058486938477
10227,0.04019607976078987,8.83088207244873
10228,0.045098040252923965,9.18137264251709
10229,0.013725490309298038,9.40686321258545
10230,0.019607843831181526,9.458333015441895
10231,0.0004901961074210703,9.299019813537598
10232,0.011274510063230991,9.026960372924805
10233,-0.0313725508749485,8.573529243469238
10234,-0.018627451732754707,7.894608020782471
10235,-0.03872549161314964,7.13725471496582
10236,-0.037254903465509415,6.215686321258545
10237,-0.05098039284348488,5.198529243469238
10238,-0.05049019679427147,4.058823585510254
10239,-0.061274509876966476,2.9166667461395264
10240,-0.06666667014360428,1.656862735748291
10241,-0.06715686619281769,0.43382352590560913
10242,-0.06568627804517746,-0.8284313678741455
10243,-0.07647059112787247,-2.0857841968536377
10244,-0.06078431382775307,-3.188725471496582
10245,-0.07500000298023224,-4.257352828979492
10246,-0.07500000298023224,-5.291666507720947
10247,-0.05784313753247261,-6.13725471496582
10248,-0.062745101749897,-6.884803771972656
10249,-0.05245098099112511,-7.421568393707275
10250,-0.03970588371157646,-7.897058963775635
10251,-0.038235295563936234,-8.090685844421387
10252,-0.026960784569382668,-8.154411315917969
10253,-0.020588235929608345,-8.002450942993164
10254,0.005392157007008791,-7.73774528503418
10255,-0.011274510063230991,-7.215686321258545
10256,0.04411764815449715,-6.610294342041016
10257,0.009803921915590763,-5.794117450714111
10258,0.04068627581000328,-4.879901885986328
10259,-0.770588219165802,-3.936274528503418
10260,-0.9436274766921997,-2.784313678741455
10261,0.7411764860153198,-1.4583333730697632
10262,-0.9852941036224365,-0.2867647111415863
10263,0.44019606709480286,1.061274528503418
10264,-0.15882353484630585,2.3014705181121826
10265,0.07941176742315292,3.5539214611053467
10266,0.03970588371157646,4.73774528503418
10267,-0.00637254910543561,5.865196228027344
10268,0.0730392187833786,6.828431606292725
10269,0.04117647185921669,7.794117450714111
10270,0.020588235929608345,8.563725471496582
10271,0.044607844203710556,9.159314155578613
10272,0.01568627543747425,9.607843399047852
10273,0.01617647148668766,9.85049057006836
10274,0.01617647148668766,9.916666984558105
10275,0.0009803922148421407,9.83088207244873
10276,-0.005392157007008791,9.575980186462402
10277,-0.019117647781968117,9.095588684082031
10278,-0.004411764908581972,8.54411792755127
10279,-0.03235294297337532,7.742647171020508
10280,-0.04264706000685692,6.857842922210693
10281,-0.046078432351350784,5.81862735748291
10282,-0.04950980469584465,4.742647171020508
10283,-0.05833333358168602,3.470588207244873
10284,-0.06617647409439087,2.2622549533843994
10285,-0.0730392187833786,0.9975489974021912
10286,-0.054411765187978745,-0.30882352590560913
10287,-0.09656862914562225,-1.5465686321258545
10288,-0.053431373089551926,-2.7647058963775635
10289,-0.07009804248809814,-3.8946077823638916
10290,-0.06715686619281769,-5.039215564727783
10291,-0.06715686619281769,-5.914215564727783
10292,-0.0519607849419117,-6.73774528503418
10293,-0.0519607849419117,-7.44362735748291
10294,-0.04264706000685692,-7.938725471496582
10295,-0.035784315317869186,-8.272058486938477
10296,-0.027941176667809486,-8.465685844421387
10297,-0.020588235929608345,-8.446078300476074
10298,-0.007843137718737125,-8.272058486938477
10299,-0.008823529817163944,-7.899509906768799
10300,0.0058823530562222,-7.379901885986328
10301,0.008823529817163944,-6.688725471496582
10302,0.0235294122248888,-5.911764621734619
10303,0.02500000037252903,-4.98774528503418
10304,0.036764707416296005,-3.9215686321258545
10305,0.04803921654820442,-2.7892158031463623
10306,0.052941177040338516,-1.6200979948043823
10307,0.044607844203710556,-0.34558823704719543
10308,0.06323529779911041,0.9142156839370728
10309,0.054901961237192154,2.120098114013672
10310,0.05637254938483238,3.3259804248809814
10311,0.06862745434045792,4.534313678741455
10312,0.07156863063573837,5.595588207244873
10313,0.054901961237192154,6.580882549285889
10314,0.037745099514722824,7.475490093231201
10315,0.05588235333561897,8.20588207244873
10316,0.04264706000685692,8.821078300476074
10317,0.026960784569382668,9.269607543945312
10318,0.029901960864663124,9.52450942993164
10319,0.01715686358511448,9.651960372924805
10320,0.015196078456938267,9.64950942993164
10321,0.010784314014017582,9.367647171020508
10322,-0.007843137718737125,9.03186321258545
10323,-0.01764705963432789,8.53186321258545
10324,-0.02500000037252903,7.852941036224365
10325,-0.036764707416296005,7.022058963775635
10326,-0.036764707416296005,6.159313678741455
10327,-0.052941177040338516,5.129901885986328
10328,-0.052941177040338516,4.024509906768799
10329,-0.07401961088180542,2.899509906768799
10330,-0.2955882251262665,1.6691176891326904
10331,-0.8127450942993164,0.45098039507865906
10332,0.25245097279548645,-0.6372548937797546
10333,-0.5029411911964417,-1.8308823108673096
10334,0.011274510063230991,-2.936274528503418
10335,-0.13333334028720856,-3.8848040103912354
10336,-0.125490203499794,-4.840686321258545
10337,-0.0730392187833786,-5.622549057006836
10338,-0.05147058889269829,-6.345588207244873
10339,-0.10833333432674408,-6.928921699523926
10340,-0.013725490309298038,-7.397058963775635
10341,-0.07696078717708588,-7.688725471496582
10342,-0.027941176667809486,-7.799019813537598
10343,-0.03431372717022896,-7.794117450714111
10344,-0.02401960827410221,-7.625
10345,-0.0049019609577953815,-7.360294342041016
10346,0.013235294260084629,-6.870098114013672
10347,0.0058823530562222,-6.259803771972656
10348,0.01764705963432789,-5.575980186462402
10349,0.02549019642174244,-4.774509906768799
10350,0.037254903465509415,-3.877450942993164
10351,0.03333333507180214,-2.995098114013672
10352,0.046078432351350784,-1.8921568393707275
10353,0.04215686395764351,-0.8235294222831726
10354,0.054901961237192154,0.23774509131908417
10355,0.054411765187978745,1.2990195751190186
10356,0.05588235333561897,2.367647171020508
10357,0.05882352963089943,3.370098114013672
10358,0.05588235333561897,4.372549057006836
10359,0.05000000074505806,5.210784435272217
10360,0.0416666679084301,6.026960849761963
10361,0.0416666679084301,6.767157077789307
10362,0.03333333507180214,7.384803771972656
10363,0.05882352963089943,7.811274528503418
10364,0.02401960827410221,8.171568870544434
10365,0.018137255683541298,8.389705657958984
10366,0.03284313902258873,8.482843399047852
10367,-0.008823529817163944,8.477941513061523
10368,0.0019607844296842813,8.259803771972656
10369,-0.0034313725773245096,7.953431606292725
10370,-0.0049019609577953815,7.600490093231201
10371,-0.01617647148668766,6.995098114013672
10372,-0.030392156913876534,6.392157077789307
10373,-0.036764707416296005,5.688725471496582
10374,-0.037745099514722824,4.865196228027344
10375,-0.04362745210528374,4.022058963775635
10376,-0.04852941259741783,3.0539214611053467
10377,-0.053431373089551926,2.1446077823638916
10378,-0.05980392172932625,1.154411792755127
10379,-0.06078431382775307,0.23039215803146362
10380,-0.053431373089551926,-0.686274528503418
10381,-0.05980392172932625,-1.6176470518112183
10382,-0.05098039284348488,-2.473039150238037
10383,-0.06372549384832382,-3.308823585510254
10384,-0.05049019679427147,-4.058823585510254
10385,-0.046078432351350784,-4.678921699523926
10386,-0.0470588244497776,-5.294117450714111
10387,-0.03921568766236305,-5.710784435272217
10388,-0.029901960864663124,-6.080882549285889
10389,-0.0313725508749485,-6.360294342041016
10390,-0.021078431978821754,-6.517157077789307
10391,-0.010784314014017582,-6.561274528503418
10392,-0.026470588520169258,-6.482842922210693
10393,0.11127451062202454,-6.274509906768799
10394,0.770588219165802,-5.941176414489746
10395,-0.9852941036224365,-5.654411792755127
10396,1.1068627834320068,-5.078431606292725
10397,-0.9730392098426819,-4.524509906768799
10398,0.5068627595901489,-3.94362735748291
10399,-0.21421568095684052,-3.149509906768799
10400,0.14411765336990356,-2.411764621734619
10401,0.05588235333561897,-1.563725471496582
10402,-0.01568627543747425,-0.7720588445663452
10403,0.062745101749897,0.09068627655506134
10404,0.10000000149011612,0.9485294222831726
10405,-0.036764707416296005,1.8014706373214722
10406,0.11225490272045135,2.654411792755127
10407,0.0034313725773245096,3.4215686321258545
10408,0.07205882668495178,4.166666507720947
10409,0.04313725605607033,4.892157077789307
10410,0.027450980618596077,5.519608020782471
10411,0.035784315317869186,6.026960849761963
10412,0.02401960827410221,6.536764621734619
10413,0.02401960827410221,6.924019813537598
10414,0.030882352963089943,7.210784435272217
10415,0.0029411765281111,7.360294342041016
10416,0.013725490309298038,7.495098114013672
10417,0.0004901961074210703,7.477941036224365
10418,0.0029411765281111,7.365196228027344
10419,-0.0024509804788976908,7.129901885986328
10420,-0.0049019609577953815,6.838235378265381
10421,-0.011274510063230991,6.450980186462402
10422,-0.03186274692416191,5.948529243469238
10423,-0.028921568766236305,5.404411792755127
10424,-0.037745099514722824,4.801470756530762
10425,-0.03382353112101555,4.061274528503418
10426,-0.038235295563936234,3.3578431606292725
10427,-0.04411764815449715,2.5392158031463623
10428,-0.05686274543404579,1.7720588445663452
10429,-0.0416666679084301,0.9191176295280457
10430,-0.04313725605607033,0.11274509876966476
10431,-0.05098039284348488,-0.7573529481887817
10432,-0.0519607849419117,-1.590686321258545
10433,-0.04754902049899101,-2.3578431606292725
10434,-0.062745101749897,-3.1764705181121826
10435,-0.04313725605607033,-3.8357841968536377
10436,-0.05539215728640556,-4.468137264251709
10437,-0.04019607976078987,-5.014705657958984
10438,-0.04264706000685692,-5.519608020782471
10439,-0.029411764815449715,-5.899509906768799
10440,-0.02500000037252903,-6.230391979217529
10441,-0.022549020126461983,-6.436274528503418
10442,-0.019117647781968117,-6.573529243469238
10443,-0.018137255683541298,-6.539215564727783
10444,-0.01225490216165781,-6.43137264251709
10445,-0.0024509804788976908,-6.218137264251709
10446,0.01225490216165781,-5.916666507720947
10447,0.01225490216165781,-5.497549057006836
10448,0.010294117964804173,-5.014705657958984
10449,0.014705882407724857,-4.441176414489746
10450,0.015196078456938267,-3.8014705181121826
10451,0.020588235929608345,-3.058823585510254
10452,0.02450980432331562,-2.2034313678741455
10453,0.038235295563936234,-1.3823529481887817
10454,0.030392156913876534,-0.5098039507865906
10455,0.03529411926865578,0.406862735748291
10456,0.04264706000685692,1.3333333730697632
10457,0.04411764815449715,2.2009804248809814
10458,0.04019607976078987,3.1053922176361084
10459,0.023039216175675392,3.970588207244873
10460,-0.06960784643888474,4.828431606292725
10461,0.43529412150382996,5.61274528503418
10462,-0.4700980484485626,6.269608020782471
10463,0.4485294222831726,6.892157077789307
10464,-0.20196078717708588,7.406862735748291
10465,0.10147058963775635,7.86274528503418
10466,0.03970588371157646,8.16911792755127
10467,-0.0029411765281111,8.345588684082031
10468,0.04901960864663124,8.482843399047852
10469,-0.014215686358511448,8.46813678741455
10470,-0.01764705963432789,8.299019813537598
10471,0.02500000037252903,8.039216041564941
10472,-0.028431372717022896,7.647058963775635
10473,-0.005392157007008791,7.183823585510254
10474,-0.026470588520169258,6.610294342041016
10475,-0.03529411926865578,5.946078300476074
10476,-0.028431372717022896,5.151960849761963
10477,-0.04264706000685692,4.291666507720947
10478,-0.04215686395764351,3.401960849761963
10479,-0.046568628400564194,2.4289214611053467
10480,-0.05147058889269829,1.4754902124404907
10481,-0.05686274543404579,0.4436274468898773
10482,-0.04950980469584465,-0.6200980544090271
10483,-0.06715686619281769,-1.5735293626785278
10484,-0.062745101749897,-2.529411792755127
10485,-0.06029411777853966,-3.4877450466156006
10486,-0.05686274543404579,-4.384803771972656
10487,-0.05245098099112511,-5.18137264251709
10488,-0.05686274543404579,-5.882352828979492
10489,-0.046078432351350784,-6.514705657958984
10490,-0.10882353037595749,-7.041666507720947
10491,-0.10196078568696976,-7.455882549285889
10492,-0.07549019902944565,-7.710784435272217
10493,-0.06911765038967133,-7.88725471496582
10494,-0.037254903465509415,-7.916666507720947
10495,-0.01666666753590107,-7.830882549285889
10496,0.00147058826405555,-7.600490093231201
10497,-0.005392157007008791,-7.220588207244873
10498,-0.0019607844296842813,-6.754901885986328
10499,0.009313725866377354,-6.166666507720947
10500,0.010784314014017582,-5.495098114013672
10501,0.03382353112101555,-4.700980186462402
10502,0.03529411926865578,-3.8357841968536377
10503,0.037745099514722824,-2.911764621734619
10504,0.05147058889269829,-1.9313725233078003
10505,0.0519607849419117,-0.8774510025978088
10506,0.05686274543404579,0.13725490868091583
10507,0.05147058889269829,1.1985293626785278
10508,0.05147058889269829,2.254901885986328
10509,0.06078431382775307,3.2990195751190186
10510,0.054411765187978745,4.272058963775635
10511,0.04754902049899101,5.218137264251709
10512,0.046078432351350784,6.06862735748291
10513,0.0519607849419117,6.830882549285889
10514,0.04901960864663124,7.51225471496582
10515,0.04264706000685692,8.098039627075195
10516,0.04068627581000328,8.573529243469238
10517,0.027941176667809486,8.94362735748291
10518,0.027941176667809486,9.117647171020508
10519,0.013725490309298038,9.174019813537598
10520,0.013725490309298038,9.174019813537598
10521,0.01568627543747425,8.992647171020508
10522,-0.013235294260084629,8.73774528503418
10523,-0.0004901961074210703,8.308823585510254
10524,-0.02598039247095585,7.786764621734619
10525,-0.019607843831181526,7.166666507720947
10526,-0.037745099514722824,6.5
10527,-0.035784315317869186,5.627450942993164
10528,-0.04117647185921669,4.76225471496582
10529,-0.04313725605607033,3.850490093231201
10530,-0.05098039284348488,2.8921568393707275
10531,-0.054901961237192154,1.8627450466156006
10532,-0.062254901975393295,0.8553921580314636
10533,-0.05000000074505806,-0.14705882966518402
10534,-0.05637254938483238,-1.1397058963775635
10535,-0.0573529414832592,-2.1348040103912354
10536,-0.04901960864663124,-3.0147058963775635
10537,-0.045588236302137375,-3.850490093231201
10538,-0.038235295563936234,-4.705882549285889
10539,-0.054411765187978745,-5.382352828979492
10540,-0.044607844203710556,-6.004901885986328
10541,-0.05147058889269829,-6.553921699523926
10542,-0.037254903465509415,-6.941176414489746
10543,-0.0235294122248888,-7.26225471496582
10544,-0.021078431978821754,-7.495098114013672
10545,-0.029901960864663124,-7.549019813537598
10546,-0.00637254910543561,-7.551470756530762
10547,-0.003921568859368563,-7.38725471496582
10548,0.0,-7.144608020782471
10549,0.00147058826405555,-6.779411792755127
10550,0.01568627543747425,-6.375
10551,0.0117647061124444,-5.821078300476074
10552,0.011274510063230991,-5.205882549285889
10553,-0.02500000037252903,-4.522058963775635
10554,0.019607843831181526,-3.784313678741455
10555,0.02549019642174244,-2.94362735748291
10556,0.02450980432331562,-2.125
10557,0.04803921654820442,-1.2622549533843994
10558,0.02549019642174244,-0.3578431308269501
10559,0.03970588371157646,0.5073529481887817
10560,0.04215686395764351,1.4019607305526733
10561,0.04362745210528374,2.245098114013672
10562,0.045098040252923965,3.058823585510254
10563,0.045588236302137375,3.904411792755127
10564,0.04852941259741783,4.605391979217529
10565,0.038235295563936234,5.323529243469238
10566,0.037745099514722824,5.916666507720947
10567,0.03529411926865578,6.450980186462402
10568,0.037254903465509415,6.909313678741455
10569,0.028431372717022896,7.289215564727783
10570,0.021078431978821754,7.544117450714111
10571,0.052941177040338516,7.781862735748291
10572,0.02450980432331562,7.892157077789307
10573,0.007843137718737125,7.899509906768799
10574,0.02401960827410221,7.889705657958984
10575,0.0,7.774509906768799
10576,0.01715686358511448,7.455882549285889
10577,-0.0004901961074210703,7.154411792755127
10578,-0.018137255683541298,6.757352828979492
10579,-0.01274509821087122,6.296568393707275
10580,-0.036274511367082596,5.754901885986328
10581,-0.08529412001371384,5.151960849761963
10582,-0.014215686358511448,4.473039150238037
10583,-0.05833333358168602,3.808823585510254
10584,-0.053431373089551926,3.1053922176361084
10585,-0.04411764815449715,2.3848040103912354
10586,-0.05245098099112511,1.6053920984268188
10587,-0.0519607849419117,0.8333333134651184
10588,-0.06029411777853966,0.09313725680112839
10589,-0.04803921654820442,-0.7083333134651184
10590,-0.04901960864663124,-1.4534313678741455
10591,-0.0573529414832592,-2.1470587253570557
10592,-0.04019607976078987,-2.8848040103912354
10593,-0.04264706000685692,-3.495098114013672
10594,-0.037745099514722824,-4.129901885986328
10595,-0.03186274692416191,-4.68137264251709
10596,-0.03235294297337532,-5.174019813537598
10597,-0.030392156913876534,-5.600490093231201
10598,-0.03382353112101555,-5.93137264251709
10599,-0.03186274692416191,-6.235294342041016
10600,-0.021568628028035164,-6.482842922210693
10601,-0.021568628028035164,-6.578431606292725
10602,-0.02549019642174244,-6.63725471496582
10603,-0.013235294260084629,-6.583333492279053
10604,-0.0049019609577953815,-6.490196228027344
10605,-0.003921568859368563,-6.291666507720947
10606,0.0029411765281111,-6.039215564727783
10607,-0.0019607844296842813,-5.654411792755127
10608,0.014705882407724857,-5.227941036224365
10609,0.014215686358511448,-4.76225471496582
10610,0.009803921915590763,-4.154411792755127
10611,0.023039216175675392,-3.534313678741455
10612,0.027450980618596077,-2.8872549533843994
10613,0.02598039247095585,-2.117647171020508
10614,0.029901960864663124,-1.340686321258545
10615,0.03480392321944237,-0.5833333134651184
10616,0.03333333507180214,0.28431373834609985
10617,0.03970588371157646,1.0710784196853638
10618,0.04411764815449715,1.8921568393707275
10619,0.045098040252923965,2.752450942993164
10620,0.02598039247095585,3.4828431606292725
10621,-0.05539215728640556,4.316176414489746
10622,0.022549020126461983,5.009803771972656
10623,-0.009803921915590763,5.669117450714111
10624,0.05049019679427147,6.325980186462402
10625,0.020588235929608345,6.919117450714111
10626,0.01764705963432789,7.411764621734619
10627,0.029411764815449715,7.811274528503418
10628,0.021568628028035164,8.171568870544434
10629,0.018627451732754707,8.394607543945312
10630,0.0029411765281111,8.553921699523926
10631,0.009803921915590763,8.573529243469238
10632,0.0009803922148421407,8.52450942993164
10633,0.004411764908581972,8.382352828979492
10634,-0.009313725866377354,8.139705657958984
10635,0.0019607844296842813,7.848039150238037
10636,-0.014215686358511448,7.36274528503418
10637,-0.01764705963432789,6.833333492279053
10638,-0.029901960864663124,6.218137264251709
10639,-0.03431372717022896,5.504901885986328
10640,-0.03333333507180214,4.835784435272217
10641,-0.045588236302137375,4.041666507720947
10642,-0.04852941259741783,3.186274528503418
10643,-0.04950980469584465,2.2696077823638916
10644,-0.05098039284348488,1.3284313678741455
10645,-0.054901961237192154,0.41911765933036804
10646,-0.05245098099112511,-0.4730392098426819
10647,-0.0519607849419117,-1.4191176891326904
10648,-0.045588236302137375,-2.3210785388946533
10649,-0.06323529779911041,-3.159313678741455
10650,-0.05098039284348488,-3.9828431606292725
10651,-0.04950980469584465,-4.740196228027344
10652,-0.04754902049899101,-5.48774528503418
10653,-0.04852941259741783,-6.127450942993164
10654,-0.03284313902258873,-6.676470756530762
10655,-0.035784315317869186,-7.151960849761963
10656,-0.029901960864663124,-7.495098114013672
10657,-0.03480392321944237,-7.754901885986328
10658,-0.022058824077248573,-7.865196228027344
10659,-0.013725490309298038,-7.985294342041016
10660,-0.010294117964804173,-7.894608020782471
10661,-0.00637254910543561,-7.715686321258545
10662,-0.007352941203862429,-7.465686321258545
10663,0.008333333767950535,-7.110294342041016
10664,0.015196078456938267,-6.639705657958984
10665,0.01617647148668766,-6.098039150238037
10666,0.026470588520169258,-5.507352828979492
10667,0.02549019642174244,-4.813725471496582
10668,0.028921568766236305,-4.022058963775635
10669,0.04215686395764351,-3.2622549533843994
10670,0.028431372717022896,-2.3553922176361084
10671,0.037745099514722824,-1.497549057006836
10672,0.05098039284348488,-0.5833333134651184
10673,0.045098040252923965,0.34068626165390015
10674,0.04019607976078987,1.2671568393707275
10675,0.04362745210528374,2.1764705181121826
10676,0.05147058889269829,3.024509906768799
10677,0.04754902049899101,3.882352828979492
10678,0.046568628400564194,4.627450942993164
10679,0.037745099514722824,5.375
10680,0.037745099514722824,6.06862735748291
10681,0.045588236302137375,6.68137264251709
10682,0.022549020126461983,7.18137264251709
10683,0.03970588371157646,7.649509906768799
10684,0.01715686358511448,8.034314155578613
10685,0.02450980432331562,8.311274528503418
10686,0.0049019609577953815,8.480392456054688
10687,0.010294117964804173,8.59313678741455
10688,0.007843137718737125,8.558823585510254
10689,-0.0029411765281111,8.463234901428223
10690,0.0,8.308823585510254
10691,0.0004901961074210703,8.04411792755127
10692,-0.007843137718737125,7.676470756530762
10693,-0.013235294260084629,7.254901885986328
10694,-0.019607843831181526,6.803921699523926
10695,-0.03186274692416191,6.242647171020508
10696,-0.029901960864663124,5.639705657958984
10697,-0.027941176667809486,4.98774528503418
10698,-0.03186274692416191,4.325980186462402
10699,-0.037254903465509415,3.588235378265381
10700,-0.045588236302137375,2.872549057006836
10701,-0.03529411926865578,2.1029412746429443
10702,-0.04264706000685692,1.343137264251709
10703,-0.046078432351350784,0.5661764740943909
10704,-0.04754902049899101,-0.17892156541347504
10705,-0.03333333507180214,-0.904411792755127
10706,-0.04754902049899101,-1.656862735748291
10707,-0.04215686395764351,-2.3627450466156006
10708,-0.04901960864663124,-2.9877450466156006
10709,-0.03970588371157646,-3.632352828979492
10710,-0.0313725508749485,-4.218137264251709
10711,-0.03921568766236305,-4.718137264251709
10712,-0.02450980432331562,-5.171568393707275
10713,-0.018627451732754707,-5.583333492279053
10714,-0.022058824077248573,-5.882352828979492
10715,-0.020098039880394936,-6.223039150238037
10716,-0.02450980432331562,-6.406862735748291
10717,-0.0029411765281111,-6.524509906768799
10718,-0.01764705963432789,-6.617647171020508
10719,-0.00637254910543561,-6.632352828979492
10720,-0.004411764908581972,-6.602941036224365
10721,-0.008333333767950535,-6.441176414489746
10722,-0.018627451732754707,-6.257352828979492
10723,-0.04803921654820442,-6.05637264251709
10724,0.009313725866377354,-5.752450942993164
10725,-0.015196078456938267,-5.406862735748291
10726,0.01568627543747425,-4.970588207244873
10727,0.004411764908581972,-4.495098114013672
10728,0.013235294260084629,-4.002450942993164
10729,0.010294117964804173,-3.4558823108673096
10730,0.01715686358511448,-2.8210785388946533
10731,0.008333333767950535,-2.18137264251709
10732,0.020098039880394936,-1.5147058963775635
10733,0.029411764815449715,-0.7867646813392639
10734,0.029411764815449715,-0.11029411852359772
10735,0.036764707416296005,0.625
10736,0.020588235929608345,1.3259804248809814
10737,0.03333333507180214,2.061274528503418
10738,0.019607843831181526,2.776960849761963
10739,0.028921568766236305,3.497549057006836
10740,0.03333333507180214,4.188725471496582
10741,0.029901960864663124,4.848039150238037
10742,0.028431372717022896,5.465686321258545
10743,0.02450980432331562,6.044117450714111
10744,0.02500000037252903,6.549019813537598
10745,0.014705882407724857,7.026960849761963
10746,0.02500000037252903,7.43137264251709
10747,0.029411764815449715,7.794117450714111
10748,0.014705882407724857,8.08088207244873
10749,0.004411764908581972,8.291666984558105
10750,0.03333333507180214,8.41911792755127
10751,-0.008333333767950535,8.492647171020508
10752,0.3274509906768799,8.460783958435059
10753,-0.7544117569923401,8.230392456054688
10754,-0.695588231086731,8.053921699523926
10755,0.22499999403953552,7.875
10756,-0.8029412031173706,7.446078300476074
10757,0.08774510025978088,7.073529243469238
10758,-0.17303921282291412,6.56862735748291
10759,-0.11813725531101227,6.002450942993164
10760,-0.030882352963089943,5.446078300476074
10761,-0.10294117778539658,4.76225471496582
10762,-0.030392156913876534,4.004901885986328
10763,-0.062745101749897,3.2892158031463623
10764,-0.06323529779911041,2.43137264251709
10765,-0.05147058889269829,1.627450942993164
10766,-0.0519607849419117,0.7916666865348816
10767,-0.06470588594675064,-0.09068627655506134
10768,-0.0416666679084301,-0.9117646813392639
10769,-0.05245098099112511,-1.7401961088180542
10770,-0.05147058889269829,-2.6053922176361084
10771,-0.05637254938483238,-3.3529412746429443
10772,-0.045098040252923965,-4.127450942993164
10773,-0.0416666679084301,-4.796568393707275
10774,-0.044607844203710556,-5.421568393707275
10775,-0.062745101749897,-6.051470756530762
10776,-0.04950980469584465,-6.551470756530762
10777,-0.02549019642174244,-6.958333492279053
10778,-0.04215686395764351,-7.321078300476074
10779,-0.021078431978821754,-7.595588207244873
10780,-0.0313725508749485,-7.774509906768799
10781,-0.028431372717022896,-7.848039150238037
10782,-0.013235294260084629,-7.865196228027344
10783,-0.014705882407724857,-7.803921699523926
10784,-0.01617647148668766,-7.620098114013672
10785,-0.0009803922148421407,-7.335784435272217
10786,0.005392157007008791,-7.05637264251709
10787,0.037254903465509415,-6.629901885986328
10788,-0.029411764815449715,-6.147058963775635
10789,0.04068627581000328,-5.571078300476074
10790,0.0034313725773245096,-4.968137264251709
10791,0.02549019642174244,-4.330882549285889
10792,0.01764705963432789,-3.6029412746429443
10793,0.028921568766236305,-2.8651959896087646
10794,0.03480392321944237,-2.132352828979492
10795,0.03333333507180214,-1.3063725233078003
10796,0.036274511367082596,-0.5196078419685364
10797,0.045098040252923965,0.28431373834609985
10798,0.03284313902258873,1.090686321258545
10799,0.04852941259741783,1.8946079015731812
10800,0.037254903465509415,2.6470587253570557
10801,0.04068627581000328,3.367647171020508
10802,0.03970588371157646,4.083333492279053
10803,0.029411764815449715,4.691176414489746
10804,0.06715686619281769,5.321078300476074
10805,0.04411764815449715,5.882352828979492
10806,0.018627451732754707,6.426470756530762
10807,0.04803921654820442,6.855391979217529
10808,0.01617647148668766,7.220588207244873
10809,0.027450980618596077,7.514705657958984
10810,0.022058824077248573,7.769608020782471
10811,0.009803921915590763,7.960784435272217
10812,0.01666666753590107,8.088234901428223
10813,0.003921568859368563,8.129901885986328
10814,0.009803921915590763,8.115196228027344
10815,0.0058823530562222,8.022058486938477
10816,-0.006862745154649019,7.93137264251709
10817,0.0019607844296842813,7.698529243469238
10818,-0.014215686358511448,7.477941036224365
10819,-0.00147058826405555,7.110294342041016
10820,-0.011274510063230991,6.769608020782471
10821,-0.019117647781968117,6.367647171020508
10822,-0.019117647781968117,5.911764621734619
10823,-0.0235294122248888,5.43137264251709
10824,-0.03382353112101555,4.960784435272217
10825,-0.03235294297337532,4.348039150238037
10826,-0.035784315317869186,3.786764621734619
10827,-0.03872549161314964,3.2083332538604736
10828,-0.037254903465509415,2.566176414489746
10829,-0.036274511367082596,1.9460784196853638
10830,-0.036274511367082596,1.2990195751190186
10831,-0.03970588371157646,0.7107843160629272
10832,-0.03921568766236305,-0.009803921915590763
10833,-0.03970588371157646,-0.6299019455909729
10834,-0.05049019679427147,-1.247549057006836
10835,0.11323529481887817,-1.8602941036224365
10836,0.6843137145042419,-2.379901885986328
10837,-0.21078431606292725,-3.024509906768799
10838,0.21421568095684052,-3.6348040103912354
10839,0.11176470667123795,-4.11274528503418
10840,-0.08970588445663452,-4.617647171020508
10841,0.07696078717708588,-5.088235378265381
10842,0.008333333767950535,-5.534313678741455
10843,-0.04313725605607033,-5.916666507720947
10844,0.0313725508749485,-6.225490093231201
10845,-0.05000000074505806,-6.531862735748291
10846,0.0058823530562222,-6.821078300476074
10847,-0.009803921915590763,-6.899509906768799
10848,-0.010784314014017582,-7.0
10849,-0.009803921915590763,-7.041666507720947
10850,-0.006862745154649019,-7.06862735748291
10851,-0.0024509804788976908,-6.992647171020508
10852,-0.011274510063230991,-6.833333492279053
10853,-0.01225490216165781,-6.649509906768799
10854,-0.007843137718737125,-6.419117450714111
10855,0.0049019609577953815,-6.071078300476074
10856,0.014705882407724857,-5.696078300476074
10857,0.00637254910543561,-5.213235378265381
10858,0.007352941203862429,-4.769608020782471
10859,0.0117647061124444,-4.198529243469238
10860,0.01666666753590107,-3.625
10861,0.01715686358511448,-2.9901959896087646
10862,0.01666666753590107,-2.284313678741455
10863,0.029901960864663124,-1.5490195751190186
10864,0.036274511367082596,-0.8063725233078003
10865,0.04117647185921669,-0.026960784569382668
10866,0.036274511367082596,0.7230392098426819
10867,0.036274511367082596,1.465686321258545
10868,0.035784315317869186,2.242647171020508
10869,0.03235294297337532,3.0392158031463623
10870,0.03186274692416191,3.7622549533843994
10871,0.03872549161314964,4.490196228027344
10872,0.03970588371157646,5.188725471496582
10873,0.027450980618596077,5.825980186462402
10874,0.037254903465509415,6.419117450714111
10875,0.030392156913876534,6.980391979217529
10876,0.027941176667809486,7.473039150238037
10877,0.02500000037252903,7.894608020782471
10878,0.021568628028035164,8.291666984558105
10879,0.00637254910543561,8.534314155578613
10880,0.01666666753590107,8.78186321258545
10881,-0.0004901961074210703,8.879901885986328
10882,0.020098039880394936,8.965685844421387
10883,-0.0117647061124444,8.985294342041016
10884,0.00147058826405555,8.879901885986328
10885,0.0009803922148421407,8.703431129455566
10886,-0.010294117964804173,8.485294342041016
10887,0.375,8.235294342041016
10888,1.0950980186462402,7.93137264251709
10889,-0.5215686559677124,7.394608020782471
10890,1.0808823108673096,6.950980186462402
10891,-0.5235294103622437,6.372549057006836
10892,0.43529412150382996,5.784313678741455
10893,-0.17794117331504822,5.166666507720947
10894,0.05686274543404579,4.460784435272217
10895,0.03872549161314964,3.8357841968536377
10896,-0.06666667014360428,3.1078431606292725
10897,0.01715686358511448,2.3921568393707275
10898,-0.019607843831181526,1.6397058963775635
10899,-0.06862745434045792,0.9142156839370728
10900,-0.0024509804788976908,0.17892156541347504
10901,-0.0573529414832592,-0.5049019455909729
10902,-0.014215686358511448,-1.215686321258545
10903,-0.0882352963089943,-1.8480392694473267
10904,0.0,-2.502450942993164
10905,-0.05882352963089943,-3.090686321258545
10906,-0.021568628028035164,-3.6421568393707275
10907,-0.05000000074505806,-4.213235378265381
10908,-0.0313725508749485,-4.656862735748291
10909,-0.026470588520169258,-5.142157077789307
10910,-0.030392156913876534,-5.51225471496582
10911,-0.03529411926865578,-5.801470756530762
10912,-0.0235294122248888,-6.166666507720947
10913,-0.03284313902258873,-6.379901885986328
10914,-0.0058823530562222,-6.590686321258545
10915,-0.01568627543747425,-6.700980186462402
10916,-0.018627451732754707,-6.752450942993164
10917,-0.005392157007008791,-6.828431606292725
10918,-0.014705882407724857,-6.835784435272217
10919,-0.008823529817163944,-6.813725471496582
10920,-0.0029411765281111,-6.664215564727783
10921,-0.01225490216165781,-6.544117450714111
10922,0.0034313725773245096,-6.335784435272217
10923,0.0019607844296842813,-6.11274528503418
10924,0.0058823530562222,-5.833333492279053
10925,0.005392157007008791,-5.495098114013672
10926,0.014705882407724857,-5.196078300476074
10927,0.01274509821087122,-4.796568393707275
10928,0.023039216175675392,-4.399509906768799
10929,0.021078431978821754,-3.9215686321258545
10930,0.010784314014017582,-3.468137264251709
10931,0.02401960827410221,-2.9583332538604736
10932,0.007352941203862429,-2.3872549533843994
10933,0.023039216175675392,-1.8504902124404907
10934,0.028921568766236305,-1.2745097875595093
10935,0.02598039247095585,-0.7352941036224365
10936,0.019607843831181526,-0.13725490868091583
10937,0.03333333507180214,0.4779411852359772
10938,0.036274511367082596,1.1004902124404907
10939,0.026470588520169258,1.7328431606292725
10940,0.03382353112101555,2.343137264251709
10941,0.029411764815449715,3.0122549533843994
10942,0.036274511367082596,3.5490195751190186
10943,0.028921568766236305,4.154411792755127
10944,0.027450980618596077,4.747549057006836
10945,0.038235295563936234,5.235294342041016
10946,0.026470588520169258,5.772058963775635
10947,0.018627451732754707,6.259803771972656
10948,0.026470588520169258,6.754901885986328
10949,0.03382353112101555,7.144608020782471
10950,0.0235294122248888,7.56862735748291
10951,0.021078431978821754,7.882352828979492
10952,0.020588235929608345,8.151960372924805
10953,0.0024509804788976908,8.384803771972656
10954,0.0573529414832592,8.534314155578613
10955,-0.029901960864663124,8.654411315917969
10956,0.045588236302137375,8.759803771972656
10957,-0.019607843831181526,8.700980186462402
10958,0.013725490309298038,8.63725471496582
10959,-0.008823529817163944,8.517156600952148
10960,-0.0058823530562222,8.269607543945312
10961,-0.01225490216165781,8.004901885986328
10962,-0.008823529817163944,7.644608020782471
10963,-0.030882352963089943,7.316176414489746
10964,0.1774509847164154,6.889705657958984
10965,-0.1303921639919281,6.340686321258545
10966,-0.0470588244497776,5.821078300476074
10967,0.22990195453166962,5.269608020782471
10968,-0.23039215803146362,4.583333492279053
10969,0.15539215505123138,3.9460785388946533
10970,-0.1348039209842682,3.2965686321258545
10971,-0.015196078456938267,2.5833332538604736
10972,0.0029411765281111,1.8799020051956177
10973,-0.10147058963775635,1.1299020051956177
10974,0.0049019609577953815,0.41421568393707275
10975,-0.06323529779911041,-0.3382352888584137
10976,-0.03529411926865578,-1.034313678741455
10977,-0.03235294297337532,-1.7573529481887817
10978,-0.05588235333561897,-2.43137264251709
10979,-0.037745099514722824,-3.1078431606292725
10980,-0.04803921654820442,-3.686274528503418
10981,-0.05245098099112511,-4.340686321258545
10982,-0.03333333507180214,-4.821078300476074
10983,-0.05147058889269829,-5.296568393707275
10984,-0.022549020126461983,-5.752450942993164
10985,-0.02598039247095585,-6.132352828979492
10986,-0.03480392321944237,-6.453431606292725
10987,-0.046078432351350784,-6.703431606292725
10988,-0.09607843309640884,-6.965686321258545
10989,-0.02450980432331562,-7.151960849761963
10990,-0.07107843458652496,-7.25
10991,-0.02549019642174244,-7.289215564727783
10992,-0.035784315317869186,-7.296568393707275
10993,-0.03431372717022896,-7.254901885986328
10994,-0.05588235333561897,-7.171568393707275
10995,0.0009803922148421407,-7.053921699523926
10996,-0.023039216175675392,-6.784313678741455
10997,0.0019607844296842813,-6.56862735748291
10998,0.00637254910543561,-6.313725471496582
10999,-0.0049019609577953815,-5.98774528503418
11000,0.015196078456938267,-5.651960849761963
11001,0.004411764908581972,-5.26225471496582
11002,0.011274510063230991,-4.877450942993164
11003,0.01666666753590107,-4.455882549285889
11004,0.022058824077248573,-4.0
11005,0.021078431978821754,-3.5465686321258545
11006,0.029411764815449715,-3.007352828979492
11007,0.013725490309298038,-2.5857841968536377
11008,0.03186274692416191,-2.0171568393707275
11009,0.02598039247095585,-1.5122549533843994
11010,0.021078431978821754,-0.970588207244873
11011,0.019117647781968117,-0.4387255012989044
11012,0.04803921654820442,0.09313725680112839
11013,0.023039216175675392,0.6397058963775635
11014,0.03921568766236305,1.1960784196853638
11015,0.026960784569382668,1.6813725233078003
11016,0.0416666679084301,2.213235378265381
11017,0.028431372717022896,2.7671568393707275
11018,0.02450980432331562,3.2916667461395264
11019,0.038235295563936234,3.7892158031463623
11020,0.02500000037252903,4.245098114013672
11021,0.029411764815449715,4.732842922210693
11022,0.04411764815449715,5.198529243469238
11023,-0.010784314014017582,5.664215564727783
11024,0.0519607849419117,6.051470756530762
11025,0.007843137718737125,6.507352828979492
11026,0.02598039247095585,6.848039150238037
11027,0.027450980618596077,7.178921699523926
11028,0.0058823530562222,7.539215564727783
11029,0.01715686358511448,7.754901885986328
11030,0.00637254910543561,8.004901885986328
11031,0.0034313725773245096,8.220588684082031
11032,0.01568627543747425,8.308823585510254
11033,0.006862745154649019,8.44362735748291
11034,0.010784314014017582,8.502450942993164
11035,0.0029411765281111,8.460783958435059
11036,0.006862745154649019,8.47549057006836
11037,-0.007843137718737125,8.340685844421387
11038,0.0009803922148421407,8.23774528503418
11039,-0.006862745154649019,8.007352828979492
11040,-0.0034313725773245096,7.740196228027344
11041,-0.014215686358511448,7.453431606292725
11042,-0.01666666753590107,7.073529243469238
11043,-0.01666666753590107,6.651960849761963
11044,0.003921568859368563,6.215686321258545
11045,-0.028431372717022896,5.700980186462402
11046,-0.027450980618596077,5.169117450714111
11047,-0.03382353112101555,4.625
11048,-0.03529411926865578,4.024509906768799
11049,-0.02401960827410221,3.4264705181121826
11050,-0.04215686395764351,2.7279412746429443
11051,-0.03431372717022896,2.0735294818878174
11052,-0.045098040252923965,1.3872549533843994
11053,-0.03284313902258873,0.7009803652763367
11054,-0.04852941259741783,0.022058824077248573
11055,-0.02598039247095585,-0.6838235259056091
11056,-0.06862745434045792,-1.311274528503418
11057,-0.04313725605607033,-1.9901961088180542
11058,-0.04754902049899101,-2.6053922176361084
11059,-0.045098040252923965,-3.225490093231201
11060,-0.04068627581000328,-3.784313678741455
11061,-0.028921568766236305,-4.350490093231201
11062,-0.05098039284348488,-4.877450942993164
11063,-0.02450980432331562,-5.316176414489746
11064,-0.03970588371157646,-5.730391979217529
11065,-0.026470588520169258,-6.102941036224365
11066,-0.03382353112101555,-6.441176414489746
11067,-0.03186274692416191,-6.654411792755127
11068,-0.022549020126461983,-6.906862735748291
11069,-0.02500000037252903,-7.093137264251709
11070,-0.0117647061124444,-7.220588207244873
11071,-0.014705882407724857,-7.294117450714111
11072,-0.01225490216165781,-7.31862735748291
11073,0.0,-7.323529243469238
11074,-0.0034313725773245096,-7.301470756530762
11075,-0.010294117964804173,-7.161764621734619
11076,-0.00147058826405555,-7.029411792755127
11077,0.006862745154649019,-6.808823585510254
11078,0.01274509821087122,-6.644608020782471
11079,0.008333333767950535,-6.382352828979492
11080,0.0029411765281111,-6.088235378265381
11081,0.0058823530562222,-5.784313678741455
11082,0.005392157007008791,-5.485294342041016
11083,0.008333333767950535,-5.105391979217529
11084,0.013725490309298038,-4.740196228027344
11085,0.005392157007008791,-4.338235378265381
11086,0.01274509821087122,-3.941176414489746
11087,0.011274510063230991,-3.524509906768799
11088,0.019117647781968117,-3.120098114013672
11089,0.019117647781968117,-2.632352828979492
11090,0.01568627543747425,-2.1789214611053467
11091,0.020588235929608345,-1.7622549533843994
11092,0.022549020126461983,-1.2549020051956177
11093,0.014215686358511448,-0.7769607901573181
11094,0.0235294122248888,-0.28431373834609985
11095,0.021078431978821754,0.18627451360225677
11096,0.018627451732754707,0.656862735748291
11097,0.030392156913876534,1.1666666269302368
11098,0.01715686358511448,1.6666666269302368
11099,0.023039216175675392,2.151960849761963
11100,0.021568628028035164,2.649509906768799
11101,0.018137255683541298,3.129901885986328
11102,0.0235294122248888,3.649509906768799
11103,0.01666666753590107,4.088235378265381
11104,0.028921568766236305,4.590686321258545
11105,0.021078431978821754,4.990196228027344
11106,0.027450980618596077,5.485294342041016
11107,0.028921568766236305,5.875
11108,0.022549020126461983,6.301470756530762
11109,0.01225490216165781,6.732842922210693
11110,0.026960784569382668,7.093137264251709
11111,0.018137255683541298,7.414215564727783
11112,0.005392157007008791,7.718137264251709
11113,0.008823529817163944,8.004901885986328
11114,0.01617647148668766,8.245098114013672
11115,0.0,8.446078300476074
11116,0.021078431978821754,8.583333015441895
11117,0.007352941203862429,8.710783958435059
11118,-0.08039215952157974,8.70588207244873
11119,-0.014705882407724857,8.77450942993164
11120,-0.05686274543404579,8.713234901428223
11121,-0.00147058826405555,8.644607543945312
11122,-0.019117647781968117,8.522058486938477
11123,-0.00637254910543561,8.335783958435059
11124,-0.009313725866377354,8.085783958435059
11125,-0.003921568859368563,7.848039150238037
11126,-0.014705882407724857,7.463235378265381
11127,-0.020098039880394936,7.13725471496582
11128,-0.019117647781968117,6.703431606292725
11129,-0.015196078456938267,6.23774528503418
11130,-0.030392156913876534,5.723039150238037
11131,-0.035784315317869186,5.26225471496582
11132,-0.027450980618596077,4.713235378265381
11133,-0.03382353112101555,4.120098114013672
11134,-0.022549020126461983,3.5735294818878174
11135,-0.03431372717022896,2.9828431606292725
11136,-0.02450980432331562,2.3039214611053467
11137,-0.030392156913876534,1.7107843160629272
11138,-0.037745099514722824,1.0857843160629272
11139,-0.03333333507180214,0.4852941036224365
11140,-0.029901960864663124,-0.1200980395078659
11141,-0.027941176667809486,-0.6911764740943909
11142,-0.03235294297337532,-1.2549020051956177
11143,-0.03284313902258873,-1.845588207244873
11144,-0.02450980432331562,-2.3602941036224365
11145,-0.028921568766236305,-2.906862735748291
11146,-0.02450980432331562,-3.348039150238037
11147,-0.027941176667809486,-3.779411792755127
11148,-0.026960784569382668,-4.196078300476074
11149,-0.019607843831181526,-4.583333492279053
11150,-0.01764705963432789,-4.970588207244873
11151,-0.021568628028035164,-5.311274528503418
11152,-0.013725490309298038,-5.551470756530762
11153,-0.01225490216165781,-5.833333492279053
11154,-0.01617647148668766,-6.029411792755127
11155,-0.01568627543747425,-6.294117450714111
11156,-0.019117647781968117,-6.406862735748291
11157,-0.0049019609577953815,-6.514705657958984
11158,-0.0009803922148421407,-6.573529243469238
11159,-0.004411764908581972,-6.696078300476074
11160,-0.011274510063230991,-6.786764621734619
11161,-0.005392157007008791,-6.786764621734619
11162,-0.010784314014017582,-6.752450942993164
11163,0.0,-6.735294342041016
11164,-0.005392157007008791,-6.715686321258545
11165,-0.01225490216165781,-6.661764621734619
11166,0.020098039880394936,-6.558823585510254
11167,-0.011274510063230991,-6.446078300476074
11168,0.019117647781968117,-6.328431606292725
11169,-0.01274509821087122,-6.166666507720947
11170,0.006862745154649019,-6.031862735748291
11171,-0.004411764908581972,-5.81862735748291
11172,0.007352941203862429,-5.598039150238037
11173,0.010784314014017582,-5.355391979217529
11174,0.018137255683541298,-5.100490093231201
11175,0.009313725866377354,-4.784313678741455
11176,0.018137255683541298,-4.497549057006836
11177,0.015196078456938267,-4.159313678741455
11178,0.008823529817163944,-3.7696077823638916
11179,0.019117647781968117,-3.399509906768799
11180,0.019117647781968117,-2.973039150238037
11181,0.026960784569382668,-2.5490195751190186
11182,0.020098039880394936,-2.1078431606292725
11183,0.02500000037252903,-1.5808823108673096
11184,0.01764705963432789,-1.1102941036224365
11185,0.020588235929608345,-0.595588207244873
11186,0.02598039247095585,-0.05147058889269829
11187,0.029411764815449715,0.4436274468898773
11188,0.03480392321944237,1.0098038911819458
11189,0.03480392321944237,1.593137264251709
11190,0.0313725508749485,2.151960849761963
11191,0.036274511367082596,2.7377450466156006
11192,0.02500000037252903,3.3039214611053467
11193,0.02450980432331562,3.8357841968536377
11194,0.0313725508749485,4.394608020782471
11195,0.03333333507180214,4.948529243469238
11196,0.03382353112101555,5.436274528503418
11197,0.03431372717022896,5.88725471496582
11198,0.027450980618596077,6.394608020782471
11199,0.02401960827410221,6.757352828979492
11200,0.02598039247095585,7.13725471496582
11201,0.019607843831181526,7.490196228027344
11202,0.019607843831181526,7.799019813537598
11203,0.020098039880394936,8.073529243469238
11204,0.0117647061124444,8.325980186462402
11205,0.019607843831181526,8.514705657958984
11206,0.014215686358511448,8.627450942993164
11207,0.0117647061124444,8.767156600952148
11208,0.018627451732754707,8.80637264251709
11209,0.0049019609577953815,8.825980186462402
11210,0.0416666679084301,8.784314155578613
11211,-0.00637254910543561,8.715685844421387
11212,0.0,8.602941513061523
11213,-0.01617647148668766,8.43137264251709
11214,-0.01715686358511448,8.245098114013672
11215,-0.0004901961074210703,8.071078300476074
11216,-0.015196078456938267,7.808823585510254
11217,-0.021078431978821754,7.56862735748291
11218,-0.013725490309298038,7.232842922210693
11219,-0.03529411926865578,6.892157077789307
11220,-0.014215686358511448,6.575980186462402
11221,-0.0313725508749485,6.191176414489746
11222,-0.022549020126461983,5.840686321258545
11223,-0.026470588520169258,5.490196228027344
11224,-0.026470588520169258,5.093137264251709
11225,-0.02500000037252903,4.735294342041016
11226,-0.020098039880394936,4.308823585510254
11227,-0.028431372717022896,3.9142158031463623
11228,-0.026960784569382668,3.561274528503418
11229,-0.0313725508749485,3.129901885986328
11230,-0.027941176667809486,2.725490093231201
11231,-0.022058824077248573,2.3333332538604736
11232,-0.027941176667809486,1.9289215803146362
11233,-0.02598039247095585,1.5196079015731812
11234,-0.01568627543747425,1.1200979948043823
11235,-0.029901960864663124,0.7377451062202454
11236,-0.02598039247095585,0.3602941036224365
11237,-0.021078431978821754,-0.01225490216165781
11238,-0.04019607976078987,-0.44117647409439087
11239,0.0313725508749485,-0.8700980544090271
11240,-0.005392157007008791,-1.2328431606292725
11241,-0.04852941259741783,-1.659313678741455
11242,0.0049019609577953815,-2.058823585510254
11243,-0.04019607976078987,-2.473039150238037
11244,-0.0117647061124444,-2.872549057006836
11245,0.0,-3.311274528503418
11246,-2.204411745071411,-3.838235378265381
11247,0.5598039031028748,-4.154411792755127
11248,-1.054411768913269,-4.441176414489746
11249,-0.14950980246067047,-4.936274528503418
11250,-0.20392157137393951,-5.176470756530762
11251,-0.13431373238563538,-5.551470756530762
11252,-0.15980392694473267,-5.877450942993164
11253,-0.046078432351350784,-6.200980186462402
11254,-0.135784313082695,-6.5
11255,0.008333333767950535,-6.821078300476074
11256,-0.11127451062202454,-7.061274528503418
11257,-0.018137255683541298,-7.291666507720947
11258,-0.06029411777853966,-7.44362735748291
11259,-0.03382353112101555,-7.625
11260,-0.020588235929608345,-7.715686321258545
11261,-0.03284313902258873,-7.774509906768799
11262,-0.019117647781968117,-7.833333492279053
11263,-0.01617647148668766,-7.857842922210693
11264,-0.008823529817163944,-7.81862735748291
11265,-0.005392157007008791,-7.742647171020508
11266,0.005392157007008791,-7.600490093231201
11267,-0.0034313725773245096,-7.421568393707275
11268,-0.004411764908581972,-7.257352828979492
11269,-0.0004901961074210703,-6.958333492279053
11270,0.015196078456938267,-6.678921699523926
11271,0.0049019609577953815,-6.419117450714111
11272,0.013725490309298038,-6.026960849761963
11273,-0.0019607844296842813,-5.700980186462402
11274,0.0235294122248888,-5.291666507720947
11275,-0.008823529817163944,-4.899509906768799
11276,0.013725490309298038,-4.455882549285889
11277,0.006862745154649019,-3.963235378265381
11278,0.01274509821087122,-3.5392158031463623
11279,0.02549019642174244,-2.9877450466156006
11280,0.008333333767950535,-2.5710785388946533
11281,0.026470588520169258,-2.088235378265381
11282,0.02500000037252903,-1.625
11283,0.021078431978821754,-1.1053920984268188
11284,0.0235294122248888,-0.6519607901573181
11285,0.01274509821087122,-0.1715686321258545
11286,0.01666666753590107,0.23774509131908417
11287,0.01568627543747425,0.7009803652763367
11288,0.014215686358511448,1.1029411554336548
11289,0.01225490216165781,1.5514706373214722
11290,0.014215686358511448,1.9460784196853638
11291,0.014215686358511448,2.3014705181121826
11292,0.01568627543747425,2.6789214611053467
11293,0.01617647148668766,3.0392158031463623
11294,0.018137255683541298,3.3651959896087646
11295,0.019607843831181526,3.656862735748291
11296,0.015196078456938267,3.997549057006836
11297,0.011274510063230991,4.335784435272217
11298,0.01568627543747425,4.590686321258545
11299,0.0049019609577953815,4.933823585510254
11300,0.0117647061124444,5.220588207244873
11301,0.013725490309298038,5.450980186462402
11302,0.010784314014017582,5.725490093231201
11303,0.01225490216165781,5.926470756530762
11304,0.013725490309298038,6.200980186462402
11305,0.01225490216165781,6.436274528503418
11306,0.0004901961074210703,6.691176414489746
11307,0.009313725866377354,6.904411792755127
11308,0.01568627543747425,7.134803771972656
11309,0.004411764908581972,7.367647171020508
11310,0.01274509821087122,7.531862735748291
11311,0.01274509821087122,7.752450942993164
11312,0.009803921915590763,7.884803771972656
11313,0.0034313725773245096,8.071078300476074
11314,0.0009803922148421407,8.23774528503418
11315,-0.0009803922148421407,8.352941513061523
11316,0.23627451062202454,8.504901885986328
11317,0.36666667461395264,8.551470756530762
11318,-0.42549020051956177,8.522058486938477
11319,0.46029412746429443,8.64950942993164
11320,-0.19558823108673096,8.566176414489746
11321,0.11421568691730499,8.502450942993164
11322,0.021568628028035164,8.485294342041016
11323,-0.021078431978821754,8.289216041564941
11324,0.04362745210528374,8.20588207244873
11325,-0.005392157007008791,7.992647171020508
11326,-0.013235294260084629,7.789215564727783
11327,0.005392157007008791,7.585784435272217
11328,-0.0049019609577953815,7.279411792755127
11329,-0.009313725866377354,6.921568393707275
11330,-0.022549020126461983,6.605391979217529
11331,-0.028921568766236305,6.264705657958984
11332,-0.022058824077248573,5.799019813537598
11333,-0.022058824077248573,5.401960849761963
11334,-0.02401960827410221,4.975490093231201
11335,-0.022549020126461983,4.490196228027344
11336,-0.0313725508749485,4.014705657958984
11337,-0.026470588520169258,3.566176414489746
11338,-0.028921568766236305,3.058823585510254
11339,-0.03186274692416191,2.563725471496582
11340,-0.04117647185921669,2.100490093231201
11341,-0.027941176667809486,1.6004902124404907
11342,-0.03186274692416191,1.1299020051956177
11343,-0.030882352963089943,0.6176470518112183
11344,-0.02401960827410221,0.18137255311012268
11345,-0.022549020126461983,-0.2647058963775635
11346,-0.028921568766236305,-0.6960784196853638
11347,-0.02598039247095585,-1.1004902124404907
11348,-0.029901960864663124,-1.5367647409439087
11349,-0.030392156913876534,-1.8602941036224365
11350,-0.03382353112101555,-2.2058823108673096
11351,-0.018137255683541298,-2.5710785388946533
11352,-0.023039216175675392,-2.875
11353,-0.027941176667809486,-3.1397058963775635
11354,-0.02549019642174244,-3.441176414489746
11355,-0.02500000037252903,-3.69362735748291
11356,-0.02549019642174244,-3.9485294818878174
11357,-0.01568627543747425,-4.188725471496582
11358,-0.01715686358511448,-4.401960849761963
11359,-0.022058824077248573,-4.617647171020508
11360,-0.03529411926865578,-4.833333492279053
11361,-0.014705882407724857,-5.049019813537598
11362,-0.02401960827410221,-5.232842922210693
11363,-0.022058824077248573,-5.399509906768799
11364,-0.0117647061124444,-5.600490093231201
11365,-0.01666666753590107,-5.754901885986328
11366,-0.019117647781968117,-5.921568393707275
11367,-0.015196078456938267,-6.085784435272217
11368,-0.01274509821087122,-6.294117450714111
11369,-0.015196078456938267,-6.450980186462402
11370,-0.007843137718737125,-6.563725471496582
11371,-0.01666666753590107,-6.715686321258545
11372,-0.01274509821087122,-6.867647171020508
11373,-0.01225490216165781,-6.977941036224365
11374,-0.019117647781968117,-7.110294342041016
11375,-0.0004901961074210703,-7.191176414489746
11376,-0.045098040252923965,-7.311274528503418
11377,0.0049019609577953815,-7.350490093231201
11378,-0.021568628028035164,-7.360294342041016
11379,0.05098039284348488,-7.441176414489746
11380,1.3573529720306396,-7.264705657958984
11381,-0.46617648005485535,-7.352941036224365
11382,0.8539215922355652,-7.31862735748291
11383,-0.05637254938483238,-7.149509906768799
11384,0.0049019609577953815,-7.098039150238037
11385,0.2186274528503418,-6.901960849761963
11386,-0.06372549384832382,-6.786764621734619
11387,0.12303921580314636,-6.502450942993164
11388,0.04117647185921669,-6.223039150238037
11389,-0.0029411765281111,-6.01225471496582
11390,0.08921568840742111,-5.676470756530762
11391,-0.022549020126461983,-5.330882549285889
11392,0.038235295563936234,-4.995098114013672
11393,0.03235294297337532,-4.55637264251709
11394,0.015196078456938267,-4.196078300476074
11395,0.03382353112101555,-3.7328431606292725
11396,0.02598039247095585,-3.3651959896087646
11397,0.014705882407724857,-2.867647171020508
11398,0.022058824077248573,-2.4215686321258545
11399,0.022058824077248573,-1.965686321258545
11400,0.018627451732754707,-1.561274528503418
11401,0.01715686358511448,-1.0514706373214722
11402,0.018137255683541298,-0.6323529481887817
11403,0.023039216175675392,-0.19362744688987732
11404,0.022058824077248573,0.21568627655506134
11405,0.022058824077248573,0.625
11406,0.020098039880394936,1.063725471496582
11407,0.01666666753590107,1.465686321258545
11408,0.013725490309298038,1.808823585510254
11409,0.019607843831181526,2.1421568393707275
11410,0.019117647781968117,2.4534313678741455
11411,0.004411764908581972,2.811274528503418
11412,0.015196078456938267,3.0784313678741455
11413,0.02549019642174244,3.3970587253570557
11414,0.01764705963432789,3.6470587253570557
11415,0.0029411765281111,3.8848040103912354
11416,0.01617647148668766,4.105391979217529
11417,0.009313725866377354,4.348039150238037
11418,0.052941177040338516,4.578431606292725
11419,0.04313725605607033,4.81862735748291
11420,0.011274510063230991,5.009803771972656
11421,0.02598039247095585,5.176470756530762
11422,0.003921568859368563,5.397058963775635
11423,0.0058823530562222,5.61274528503418
11424,0.01617647148668766,5.799019813537598
11425,0.006862745154649019,6.0
11426,0.0034313725773245096,6.218137264251709
11427,0.009313725866377354,6.421568393707275
11428,0.01666666753590107,6.625
11429,0.0117647061124444,6.794117450714111
11430,0.01617647148668766,7.029411792755127
11431,0.019117647781968117,7.247549057006836
11432,0.01568627543747425,7.470588207244873
11433,0.010784314014017582,7.634803771972656
11434,0.013235294260084629,7.816176414489746
11435,0.0117647061124444,7.992647171020508
11436,0.009313725866377354,8.183823585510254
11437,0.01764705963432789,8.360294342041016
11438,0.005392157007008791,8.47549057006836
11439,0.0,8.573529243469238
11440,0.0049019609577953815,8.723039627075195
11441,-0.00637254910543561,8.786765098571777
11442,0.01274509821087122,8.865196228027344
11443,0.026470588520169258,8.835783958435059
11444,0.03284313902258873,8.828431129455566
11445,-0.02549019642174244,8.83088207244873
11446,0.0058823530562222,8.735294342041016
11447,0.1877450942993164,8.666666984558105
11448,0.18921568989753723,8.59313678741455
11449,-0.2852941155433655,8.38725471496582
11450,0.46568626165390015,8.252450942993164
11451,-0.2774509787559509,8.014705657958984
11452,0.23333333432674408,7.691176414489746
11453,-0.08382353186607361,7.416666507720947
11454,0.00147058826405555,7.125
11455,0.029411764815449715,6.816176414489746
11456,-0.0676470622420311,6.475490093231201
11457,0.01225490216165781,6.161764621734619
11458,-0.007843137718737125,5.781862735748291
11459,-0.037254903465509415,5.38725471496582
11460,0.0,5.073529243469238
11461,-0.03529411926865578,4.664215564727783
11462,-0.02549019642174244,4.284313678741455
11463,-0.020098039880394936,3.9264705181121826
11464,-0.02500000037252903,3.5857841968536377
11465,-0.028431372717022896,3.191176414489746
11466,-0.027941176667809486,2.843137264251709
11467,-0.021568628028035164,2.529411792755127
11468,-0.022058824077248573,2.2279412746429443
11469,-0.02401960827410221,1.8676470518112183
11470,-0.020098039880394936,1.625
11471,-0.020098039880394936,1.2598038911819458
11472,-0.01715686358511448,1.0465686321258545
11473,-0.020588235929608345,0.7671568393707275
11474,-0.01666666753590107,0.5416666865348816
11475,-0.027450980618596077,0.27450981736183167
11476,-0.014215686358511448,0.06617647409439087
11477,-0.028921568766236305,-0.17892156541347504
11478,-0.014215686358511448,-0.3848039209842682
11479,0.007352941203862429,-0.6495097875595093
11480,0.018137255683541298,-0.8308823704719543
11481,0.01568627543747425,-1.0882352590560913
11482,-0.035784315317869186,-1.316176414489746
11483,-0.018627451732754707,-1.5490195751190186
11484,-0.026470588520169258,-1.8014706373214722
11485,-0.02549019642174244,-2.0416667461395264
11486,-0.022058824077248573,-2.3210785388946533
11487,-0.014215686358511448,-2.5808823108673096
11488,-0.01764705963432789,-2.8627450466156006
11489,-0.023039216175675392,-3.120098114013672
11490,-0.02450980432331562,-3.4215686321258545
11491,-0.022549020126461983,-3.7892158031463623
11492,-0.02549019642174244,-4.080882549285889
11493,-0.020098039880394936,-4.43137264251709
11494,-0.010784314014017582,-4.725490093231201
11495,-0.021078431978821754,-5.05637264251709
11496,-0.022058824077248573,-5.357842922210693
11497,-0.019607843831181526,-5.718137264251709
11498,-0.01764705963432789,-5.958333492279053
11499,-0.020588235929608345,-6.291666507720947
11500,-0.03186274692416191,-6.549019813537598
11501,-0.020098039880394936,-6.825980186462402
11502,-0.022549020126461983,-7.053921699523926
11503,-0.007352941203862429,-7.247549057006836
11504,-0.029411764815449715,-7.448529243469238
11505,-0.0024509804788976908,-7.598039150238037
11506,-0.01225490216165781,-7.779411792755127
11507,-0.0009803922148421407,-7.843137264251709
11508,-0.0058823530562222,-7.948529243469238
11509,-0.007352941203862429,-8.022058486938477
11510,-0.0019607844296842813,-8.002450942993164
11511,-0.01274509821087122,-7.950980186462402
11512,-0.007352941203862429,-7.975490093231201
11513,-0.0024509804788976908,-7.892157077789307
11514,-0.014705882407724857,-7.757352828979492
11515,0.0058823530562222,-7.715686321258545
11516,-0.007352941203862429,-7.502450942993164
11517,0.008823529817163944,-7.340686321258545
11518,-0.0004901961074210703,-7.196078300476074
11519,0.01666666753590107,-6.990196228027344
11520,0.0117647061124444,-6.828431606292725
11521,0.0024509804788976908,-6.617647171020508
11522,0.014215686358511448,-6.421568393707275
11523,0.008823529817163944,-6.176470756530762
11524,0.008333333767950535,-6.022058963775635
11525,0.008333333767950535,-5.784313678741455
11526,0.0009803922148421407,-5.61274528503418
11527,0.01715686358511448,-5.421568393707275
11528,0.009313725866377354,-5.205882549285889
11529,0.0117647061124444,-5.080882549285889
11530,0.014705882407724857,-4.924019813537598
11531,0.007843137718737125,-4.776960849761963
11532,0.007352941203862429,-4.620098114013672
11533,-0.0004901961074210703,-4.504901885986328
11534,0.0049019609577953815,-4.335784435272217
11535,0.008823529817163944,-4.215686321258545
11536,0.010784314014017582,-4.161764621734619
11537,-0.006862745154649019,-3.9583332538604736
11538,0.005392157007008791,-3.8578431606292725
11539,0.0019607844296842813,-3.725490093231201
11540,0.005392157007008791,-3.55637264251709
11541,0.013235294260084629,-3.404411792755127
11542,0.008333333767950535,-3.2916667461395264
11543,0.005392157007008791,-3.0784313678741455
11544,-0.0034313725773245096,-2.9191176891326904
11545,-0.021568628028035164,-2.683823585510254
11546,-0.014705882407724857,-2.470588207244873
11547,-0.0049019609577953815,-2.225490093231201
11548,-0.0058823530562222,-1.9460784196853638
11549,0.013235294260084629,-1.686274528503418
11550,0.0,-1.3480392694473267
11551,0.008823529817163944,-1.0
11552,0.01568627543747425,-0.656862735748291
11553,0.008333333767950535,-0.28431373834609985
11554,0.029901960864663124,0.125
11555,0.019117647781968117,0.4852941036224365
11556,0.022058824077248573,0.8676470518112183
11557,0.0313725508749485,1.2867647409439087
11558,0.0,1.6617647409439087
11559,0.027450980618596077,2.095588207244873
11560,0.01617647148668766,2.4877450466156006
11561,0.030392156913876534,2.872549057006836
11562,0.01274509821087122,3.2916667461395264
11563,0.014705882407724857,3.627450942993164
11564,0.02598039247095585,4.026960849761963
11565,0.027450980618596077,4.345588207244873
11566,0.018627451732754707,4.678921699523926
11567,0.01764705963432789,4.926470756530762
11568,0.018627451732754707,5.227941036224365
11569,0.022549020126461983,5.438725471496582
11570,0.00637254910543561,5.63725471496582
11571,0.013725490309298038,5.855391979217529
11572,0.006862745154649019,6.029411792755127
11573,0.015196078456938267,6.156862735748291
11574,0.0029411765281111,6.267157077789307
11575,0.006862745154649019,6.392157077789307
11576,0.0009803922148421407,6.441176414489746
11577,-0.0024509804788976908,6.517157077789307
11578,0.0024509804788976908,6.602941036224365
11579,-0.0058823530562222,6.644608020782471
11580,0.0019607844296842813,6.661764621734619
11581,-0.0024509804788976908,6.691176414489746
11582,0.009803921915590763,6.747549057006836
11583,0.004411764908581972,6.811274528503418
11584,0.0004901961074210703,6.801470756530762
11585,-0.005392157007008791,6.867647171020508
11586,-0.0034313725773245096,6.94362735748291
11587,0.003921568859368563,6.975490093231201
11588,0.0,7.034313678741455
11589,0.00147058826405555,7.151960849761963
11590,0.004411764908581972,7.240196228027344
11591,-0.00637254910543561,7.38725471496582
11592,0.0024509804788976908,7.455882549285889
11593,0.0004901961074210703,7.61274528503418
11594,-0.007352941203862429,7.68137264251709
11595,0.0049019609577953815,7.86274528503418
11596,0.009803921915590763,7.975490093231201
11597,0.0024509804788976908,8.129901885986328
11598,0.006862745154649019,8.296568870544434
11599,0.0004901961074210703,8.409314155578613
11600,-0.006862745154649019,8.534314155578613
11601,0.009803921915590763,8.647058486938477
11602,0.0019607844296842813,8.732843399047852
11603,0.0029411765281111,8.828431129455566
11604,0.003921568859368563,8.86274528503418
11605,-0.0034313725773245096,8.928921699523926
11606,0.007843137718737125,8.91911792755127
11607,-0.004411764908581972,8.892156600952148
11608,0.0019607844296842813,8.865196228027344
11609,0.0,8.811274528503418
11610,-0.0117647061124444,8.686274528503418
11611,-0.008333333767950535,8.536765098571777
11612,-0.06078431382775307,8.382352828979492
11613,-0.0049019609577953815,8.23774528503418
11614,-0.04313725605607033,7.98774528503418
11615,-0.029411764815449715,7.764705657958984
11616,-0.02549019642174244,7.539215564727783
11617,-0.023039216175675392,7.269608020782471
11618,-0.014705882407724857,6.960784435272217
11619,-0.01274509821087122,6.713235378265381
11620,-0.01764705963432789,6.421568393707275
11621,0.003921568859368563,6.134803771972656
11622,-0.038235295563936234,5.776960849761963
11623,-0.04901960864663124,5.504901885986328
11624,-0.01225490216165781,5.200980186462402
11625,-0.028921568766236305,4.977941036224365
11626,-0.021568628028035164,4.68137264251709
11627,-0.01274509821087122,4.438725471496582
11628,-0.027450980618596077,4.169117450714111
11629,-0.0029411765281111,4.009803771972656
11630,-0.021568628028035164,3.80637264251709
11631,-0.01274509821087122,3.6102941036224365
11632,-0.01225490216165781,3.4264705181121826
11633,-0.010294117964804173,3.2965686321258545
11634,-0.003921568859368563,3.154411792755127
11635,-0.01764705963432789,3.026960849761963
11636,-0.005392157007008791,2.941176414489746
11637,-0.01274509821087122,2.8529412746429443
11638,0.003921568859368563,2.7622549533843994
11639,-0.005392157007008791,2.68137264251709
11640,-0.0034313725773245096,2.5857841968536377
11641,0.005392157007008791,2.497549057006836
11642,-0.0019607844296842813,2.409313678741455
11643,-0.01715686358511448,2.284313678741455
11644,0.00147058826405555,2.18137264251709
11645,-0.01274509821087122,2.024509906768799
11646,-0.0049019609577953815,1.877450942993164
11647,0.0024509804788976908,1.752450942993164
11648,-0.013725490309298038,1.5049020051956177
11649,-0.0058823530562222,1.3284313678741455
11650,-0.009803921915590763,1.0882352590560913
11651,0.019607843831181526,0.8651960492134094
11652,-0.008333333767950535,0.5833333134651184
11653,-0.020588235929608345,0.30392158031463623
11654,0.003921568859368563,0.0049019609577953815
11655,-0.019607843831181526,-0.37745097279548645
11656,-0.007352941203862429,-0.7401960492134094
11657,-0.007352941203862429,-1.029411792755127
11658,-0.022058824077248573,-1.404411792755127
11659,-0.014215686358511448,-1.781862735748291
11660,-0.023039216175675392,-2.1127450466156006
11661,-0.019117647781968117,-2.502450942993164
11662,-0.029411764815449715,-2.850490093231201
11663,-0.013235294260084629,-3.2377450466156006
11664,-0.036274511367082596,-3.529411792755127
11665,-0.013235294260084629,-3.7892158031463623
11666,-0.01715686358511448,-4.132352828979492
11667,-0.01715686358511448,-4.392157077789307
11668,-0.014215686358511448,-4.634803771972656
11669,-0.018137255683541298,-4.850490093231201
11670,-0.019607843831181526,-5.004901885986328
11671,-0.007352941203862429,-5.215686321258545
11672,-0.018627451732754707,-5.348039150238037
11673,-0.01568627543747425,-5.414215564727783
11674,-0.007352941203862429,-5.492647171020508
11675,-0.0004901961074210703,-5.55637264251709
11676,-0.010784314014017582,-5.629901885986328
11677,-0.01274509821087122,-5.615196228027344
11678,0.0029411765281111,-5.622549057006836
11679,0.0019607844296842813,-5.61274528503418
11680,0.00637254910543561,-5.644608020782471
11681,0.00147058826405555,-5.598039150238037
11682,0.0004901961074210703,-5.580882549285889
11683,-0.004411764908581972,-5.546568393707275
11684,-0.009803921915590763,-5.482842922210693
11685,-0.007352941203862429,-5.509803771972656
11686,-0.008333333767950535,-5.534313678741455
11687,-0.007352941203862429,-5.517157077789307
11688,-0.007352941203862429,-5.551470756530762
11689,-0.007843137718737125,-5.610294342041016
11690,-0.0029411765281111,-5.698529243469238
11691,-0.013725490309298038,-5.816176414489746
11692,-0.019117647781968117,-5.901960849761963
11693,-0.01764705963432789,-6.061274528503418
11694,-0.007352941203862429,-6.230391979217529
11695,-0.014705882407724857,-6.372549057006836
11696,-0.015196078456938267,-6.536764621734619
11697,-0.018137255683541298,-6.720588207244873
11698,-0.008333333767950535,-6.921568393707275
11699,-0.02401960827410221,-7.134803771972656
11700,-0.014705882407724857,-7.311274528503418
11701,-0.020098039880394936,-7.546568393707275
11702,-0.014705882407724857,-7.727941036224365
11703,-0.015196078456938267,-7.860294342041016
11704,-0.02598039247095585,-8.08088207244873
11705,-0.01225490216165781,-8.186274528503418
11706,-0.014215686358511448,-8.328431129455566
11707,-0.022058824077248573,-8.424019813537598
11708,-0.0029411765281111,-8.463234901428223
11709,-0.00637254910543561,-8.53186321258545
11710,-0.0004901961074210703,-8.514705657958984
11711,0.0,-8.504901885986328
11712,0.0009803922148421407,-8.411765098571777
11713,-0.01617647148668766,-8.340685844421387
11714,0.030392156913876534,-8.28186321258545
11715,-0.044607844203710556,-8.095588684082031
11716,0.006862745154649019,-7.985294342041016
11717,-0.013725490309298038,-7.747549057006836
11718,0.006862745154649019,-7.519608020782471
11719,0.0034313725773245096,-7.31862735748291
11720,-0.0058823530562222,-7.122549057006836
11721,-0.004411764908581972,-6.877450942993164
11722,0.0024509804788976908,-6.63725471496582
11723,0.0004901961074210703,-6.424019813537598
11724,-0.003921568859368563,-6.171568393707275
11725,0.0,-6.007352828979492
11726,-0.0019607844296842813,-5.754901885986328
11727,0.0024509804788976908,-5.571078300476074
11728,0.00147058826405555,-5.421568393707275
11729,0.0049019609577953815,-5.264705657958984
11730,0.0024509804788976908,-5.129901885986328
11731,0.0049019609577953815,-5.026960849761963
11732,0.0004901961074210703,-4.958333492279053
11733,-0.0117647061124444,-4.926470756530762
11734,-0.007352941203862429,-4.882352828979492
11735,-0.022549020126461983,-4.911764621734619
11736,0.022549020126461983,-4.86274528503418
11737,-0.038235295563936234,-4.921568393707275
11738,0.0,-4.982842922210693
11739,-0.011274510063230991,-5.029411792755127
11740,0.0882352963089943,-5.041666507720947
11741,1.5622549057006836,-4.985294342041016
11742,-1.1749999523162842,-5.232842922210693
11743,1.0117647647857666,-5.215686321258545
11744,-0.4269607961177826,-5.235294342041016
11745,0.12401960790157318,-5.367647171020508
11746,0.018137255683541298,-5.259803771972656
11747,0.06323529779911041,-5.299019813537598
11748,-0.03480392321944237,-5.215686321258545
11749,0.04803921654820442,-5.117647171020508
11750,-0.019117647781968117,-5.034313678741455
11751,0.06617647409439087,-4.904411792755127
11752,-0.028431372717022896,-4.723039150238037
11753,0.037254903465509415,-4.580882549285889
11754,0.006862745154649019,-4.360294342041016
11755,0.010294117964804173,-4.100490093231201
11756,0.008823529817163944,-3.8284313678741455
11757,0.011274510063230991,-3.56862735748291
11758,0.022549020126461983,-3.2303922176361084
11759,0.015196078456938267,-2.8848040103912354
11760,0.01764705963432789,-2.5735294818878174
11761,0.01225490216165781,-2.215686321258545
11762,0.010784314014017582,-1.909313678741455
11763,0.010784314014017582,-1.5392156839370728
11764,0.010294117964804173,-1.1740195751190186
11765,0.013235294260084629,-0.9019607901573181
11766,0.01225490216165781,-0.5759803652763367
11767,0.01666666753590107,-0.2867647111415863
11768,0.01225490216165781,-0.05882352963089943
11769,0.026470588520169258,0.19117647409439087
11770,0.010784314014017582,0.4019607901573181
11771,-0.005392157007008791,0.5441176295280457
11772,0.013725490309298038,0.7107843160629272
11773,0.0034313725773245096,0.8308823704719543
11774,0.01225490216165781,0.8946078419685364
11775,0.00147058826405555,0.9460784196853638
11776,-0.0034313725773245096,0.9754902124404907
11777,0.004411764908581972,0.9803921580314636
11778,0.0024509804788976908,0.9607843160629272
11779,-0.0034313725773245096,0.9436274766921997
11780,-0.010294117964804173,0.8995097875595093
11781,-0.007352941203862429,0.8186274766921997
11782,-0.0029411765281111,0.7916666865348816
11783,-0.0029411765281111,0.6838235259056091
11784,-0.0009803922148421407,0.6666666865348816
11785,-0.00147058826405555,0.6495097875595093
11786,-0.00147058826405555,0.6053921580314636
11787,-0.0029411765281111,0.6053921580314636
11788,-0.006862745154649019,0.656862735748291
11789,-0.007843137718737125,0.654411792755127
11790,-0.0004901961074210703,0.7303921580314636
11791,0.0009803922148421407,0.843137264251709
11792,-0.008823529817163944,0.9852941036224365
11793,0.010294117964804173,1.1764706373214722
11794,0.008333333767950535,1.375
11795,0.003921568859368563,1.5686274766921997
11796,0.007843137718737125,1.8651961088180542
11797,0.013725490309298038,2.1397058963775635
11798,-0.0009803922148421407,2.411764621734619
11799,0.019607843831181526,2.75
11800,0.01666666753590107,3.0441176891326904
11801,0.008823529817163944,3.4166667461395264
11802,0.03186274692416191,3.715686321258545
11803,0.015196078456938267,4.083333492279053
11804,0.04852941259741783,4.397058963775635
11805,0.19509804248809814,4.752450942993164
11806,0.4730392098426819,5.107842922210693
11807,-0.2647058963775635,5.321078300476074
11808,0.40441176295280457,5.571078300476074
11809,-0.11372549086809158,5.825980186462402
11810,0.06029411777853966,5.982842922210693
11811,0.08627451211214066,6.105391979217529
11812,-0.003921568859368563,6.215686321258545
11813,0.036274511367082596,6.325980186462402
11814,0.0049019609577953815,6.367647171020508
11815,-0.019117647781968117,6.38725471496582
11816,0.029411764815449715,6.328431606292725
11817,0.0034313725773245096,6.232842922210693
11818,-0.0009803922148421407,6.191176414489746
11819,0.009803921915590763,6.102941036224365
11820,-0.023039216175675392,5.960784435272217
11821,0.0117647061124444,5.821078300476074
11822,-0.022549020126461983,5.713235378265381
11823,-0.004411764908581972,5.55637264251709
11824,-0.027450980618596077,5.365196228027344
11825,-0.013725490309298038,5.257352828979492
11826,-0.010784314014017582,5.166666507720947
11827,0.008823529817163944,5.0
11828,-0.020588235929608345,4.94362735748291
11829,-0.036764707416296005,4.938725471496582
11830,0.0004901961074210703,4.870098114013672
11831,-0.013235294260084629,4.865196228027344
11832,-0.008333333767950535,4.953431606292725
11833,0.0,5.007352828979492
11834,-0.013235294260084629,5.127450942993164
11835,-0.0019607844296842813,5.26225471496582
11836,0.003921568859368563,5.453431606292725
11837,0.006862745154649019,5.639705657958984
11838,0.0117647061124444,5.914215564727783
11839,0.013725490309298038,6.147058963775635
11840,0.01568627543747425,6.409313678741455
11841,0.007843137718737125,6.718137264251709
11842,0.013725490309298038,7.031862735748291
11843,-0.0004901961074210703,7.321078300476074
11844,0.01715686358511448,7.605391979217529
11845,-0.003921568859368563,7.914215564727783
11846,0.0004901961074210703,8.13725471496582
11847,0.020588235929608345,8.438725471496582
11848,0.0117647061124444,8.632352828979492
11849,0.00637254910543561,8.821078300476074
11850,0.01715686358511448,9.014705657958984
11851,0.010294117964804173,9.09313678741455
11852,0.005392157007008791,9.142156600952148
11853,-0.0058823530562222,9.196078300476074
11854,0.014215686358511448,9.154411315917969
11855,-0.0034313725773245096,9.188725471496582
11856,-0.011274510063230991,9.026960372924805
11857,0.01274509821087122,8.911765098571777
11858,-0.00637254910543561,8.752450942993164
11859,-0.018137255683541298,8.54411792755127
11860,0.0029411765281111,8.379901885986328
11861,-0.013725490309298038,8.090685844421387
11862,-0.0049019609577953815,7.892157077789307
11863,-0.011274510063230991,7.625
11864,-0.01617647148668766,7.389705657958984
11865,0.0009803922148421407,7.132352828979492
11866,-0.01666666753590107,6.914215564727783
11867,-0.018137255683541298,6.688725471496582
11868,-0.013725490309298038,6.497549057006836
11869,-0.0029411765281111,6.350490093231201
11870,-0.04019607976078987,6.166666507720947
11871,0.008823529817163944,6.095588207244873
11872,-0.03333333507180214,6.046568393707275
11873,0.006862745154649019,6.026960849761963
11874,-0.018137255683541298,6.01225471496582
11875,-0.7490196228027344,6.031862735748291
11876,1.0666667222976685,6.284313678741455
11877,-0.7348039150238037,6.379901885986328
11878,0.5857843160629272,6.539215564727783
11879,-0.02500000037252903,6.80637264251709
11880,0.00147058826405555,6.973039150238037
11881,0.12058823555707932,7.240196228027344
11882,-0.09166666865348816,7.531862735748291
11883,0.052941177040338516,7.808823585510254
11884,0.05784313753247261,8.061274528503418
11885,-0.052941177040338516,8.377450942993164
11886,0.07205882668495178,8.654411315917969
11887,-0.0034313725773245096,8.865196228027344
11888,-0.0024509804788976908,9.06862735748291
11889,0.045098040252923965,9.27450942993164
11890,-0.010294117964804173,9.458333015441895
11891,0.019117647781968117,9.529411315917969
11892,-0.003921568859368563,9.585783958435059
11893,-0.0004901961074210703,9.63725471496582
11894,0.0,9.620098114013672
11895,-0.010784314014017582,9.553921699523926
11896,0.0019607844296842813,9.438725471496582
11897,-0.010784314014017582,9.272058486938477
11898,-0.007843137718737125,9.075980186462402
11899,-0.018137255683541298,8.828431129455566
11900,-0.01617647148668766,8.58088207244873
11901,-0.022058824077248573,8.286765098571777
11902,-0.023039216175675392,7.970588207244873
11903,-0.028431372717022896,7.678921699523926
11904,-0.026960784569382668,7.321078300476074
11905,-0.018137255683541298,6.980391979217529
11906,-0.030882352963089943,6.615196228027344
11907,-0.018627451732754707,6.299019813537598
11908,-0.01715686358511448,6.039215564727783
11909,-0.02598039247095585,5.754901885986328
11910,-0.01764705963432789,5.482842922210693
11911,-0.020098039880394936,5.330882549285889
11912,-0.015196078456938267,5.19362735748291
11913,-0.013235294260084629,5.06862735748291
11914,-0.01225490216165781,5.044117450714111
11915,-0.005392157007008791,5.031862735748291
11916,-0.0034313725773245096,5.036764621734619
11917,-0.004411764908581972,5.169117450714111
11918,-0.0034313725773245096,5.31862735748291
11919,0.003921568859368563,5.497549057006836
11920,0.006862745154649019,5.713235378265381
11921,0.0029411765281111,5.98774528503418
11922,0.01568627543747425,6.227941036224365
11923,0.01715686358511448,6.490196228027344
11924,0.020588235929608345,6.835784435272217
11925,0.01568627543747425,7.223039150238037
11926,0.01764705963432789,7.426470756530762
11927,0.015196078456938267,7.767157077789307
11928,0.01274509821087122,8.004901885986328
11929,0.008333333767950535,8.23774528503418
11930,0.01764705963432789,8.45588207244873
11931,0.010294117964804173,8.622549057006836
11932,0.007352941203862429,8.69362735748291
11933,-0.0009803922148421407,8.808823585510254
11934,0.007352941203862429,8.860294342041016
11935,-0.00147058826405555,8.803921699523926
11936,0.0029411765281111,8.691176414489746
11937,-0.0058823530562222,8.53186321258545
11938,-0.011274510063230991,8.272058486938477
11939,-0.00147058826405555,8.085783958435059
11940,0.01715686358511448,7.796568393707275
11941,-0.03333333507180214,7.458333492279053
11942,-0.008823529817163944,7.053921699523926
11943,-0.023039216175675392,6.659313678741455
11944,0.03333333507180214,6.323529243469238
11945,-0.6303921341896057,5.855391979217529
11946,0.4053921699523926,5.460784435272217
11947,-0.3700980246067047,5.066176414489746
11948,0.10196078568696976,4.615196228027344
11949,-0.08921568840742111,4.340686321258545
11950,-0.09705882519483566,3.995098114013672
11951,0.018627451732754707,3.774509906768799
11952,-0.04852941259741783,3.4852941036224365
11953,-0.04215686395764351,3.3333332538604736
11954,0.01568627543747425,3.1691176891326904
11955,-0.054901961237192154,3.095588207244873
11956,0.01225490216165781,3.149509906768799
11957,-0.021078431978821754,3.156862735748291
11958,-0.010784314014017582,3.2279412746429443
11959,-0.0019607844296842813,3.4166667461395264
11960,0.0,3.656862735748291
11961,0.00637254910543561,3.911764621734619
11962,0.0024509804788976908,4.186274528503418
11963,0.007352941203862429,4.529411792755127
11964,0.01568627543747425,4.852941036224365
11965,0.011274510063230991,5.259803771972656
11966,0.0004901961074210703,5.622549057006836
11967,0.0117647061124444,6.022058963775635
11968,0.018137255683541298,6.352941036224365
11969,0.022058824077248573,6.644608020782471
11970,0.01568627543747425,7.01225471496582
11971,0.019607843831181526,7.242647171020508
11972,0.013725490309298038,7.416666507720947
11973,0.01764705963432789,7.56862735748291
11974,0.044607844203710556,7.73774528503418
11975,0.09166666865348816,7.747549057006836
11976,0.0313725508749485,7.698529243469238
11977,0.03382353112101555,7.590686321258545
11978,0.027450980618596077,7.406862735748291
11979,-0.008823529817163944,7.245098114013672
11980,-0.005392157007008791,6.906862735748291
11981,-0.009313725866377354,6.600490093231201
11982,-0.023039216175675392,6.235294342041016
11983,-0.019607843831181526,5.833333492279053
11984,-0.022058824077248573,5.375
11985,-0.020588235929608345,4.850490093231201
11986,-0.02598039247095585,4.370098114013672
11987,-0.03382353112101555,3.904411792755127
11988,-0.0235294122248888,3.4485294818878174
11989,-0.029411764815449715,2.9901959896087646
11990,-0.028921568766236305,2.5710785388946533
11991,-0.01764705963432789,2.1421568393707275
11992,-0.02401960827410221,1.8039215803146362
11993,-0.014215686358511448,1.5539215803146362
11994,-0.0235294122248888,1.340686321258545
11995,-0.009313725866377354,1.1421568393707275
11996,-0.0049019609577953815,1.0539215803146362
11997,-0.00637254910543561,1.034313678741455
11998,-0.004411764908581972,1.090686321258545
11999,-0.0019607844296842813,1.2009804248809814
12000,0.0029411765281111,1.4019607305526733
12001,0.013725490309298038,1.6666666269302368
12002,0.0004901961074210703,1.965686321258545
12003,0.021568628028035164,2.345588207244873
12004,0.008333333767950535,2.7034313678741455
12005,0.022058824077248573,3.127450942993164
12006,0.015196078456938267,3.6372549533843994
12007,0.02450980432331562,4.083333492279053
12008,0.023039216175675392,4.526960849761963
12009,0.022549020126461983,4.990196228027344
12010,0.02450980432331562,5.428921699523926
12011,0.030392156913876534,5.850490093231201
12012,0.02450980432331562,6.139705657958984
12013,0.009313725866377354,6.455882549285889
12014,0.019607843831181526,6.688725471496582
12015,0.014215686358511448,6.845588207244873
12016,0.011274510063230991,6.892157077789307
12017,0.01666666753590107,6.982842922210693
12018,0.006862745154649019,6.870098114013672
12019,-0.0029411765281111,6.718137264251709
12020,-0.005392157007008791,6.519608020782471
12021,-0.01274509821087122,6.245098114013672
12022,-0.019607843831181526,5.889705657958984
12023,-0.02401960827410221,5.428921699523926
12024,-0.020098039880394936,5.004901885986328
12025,-0.019117647781968117,4.51225471496582
12026,-0.026960784569382668,3.9166667461395264
12027,-0.027941176667809486,3.367647171020508
12028,-0.026960784569382668,2.7598040103912354
12029,-0.029411764815449715,2.186274528503418
12030,-0.037745099514722824,1.6789215803146362
12031,-0.037745099514722824,1.1078431606292725
12032,-0.03382353112101555,0.6421568393707275
12033,-0.03235294297337532,0.20588235557079315
12034,-0.018627451732754707,-0.1764705926179886
12035,-0.029901960864663124,-0.4534313678741455
12036,-0.009313725866377354,-0.7107843160629272
12037,-0.018627451732754707,-0.8333333134651184
12038,-0.020588235929608345,-0.8651960492134094
12039,0.0019607844296842813,-0.8308823704719543
12040,0.0009803922148421407,-0.718137264251709
12041,-0.00147058826405555,-0.5171568393707275
12042,0.008823529817163944,-0.24754901230335236
12043,-0.022058824077248573,0.07107843458652496
12044,-0.0009803922148421407,0.531862735748291
12045,0.01666666753590107,0.9754902124404907
12046,0.008823529817163944,1.497549057006836
12047,0.027941176667809486,2.06862735748291
12048,0.010294117964804173,2.659313678741455
12049,0.03333333507180214,3.225490093231201
12050,0.0029411765281111,3.8014705181121826
12051,0.003921568859368563,4.360294342041016
12052,0.00147058826405555,4.928921699523926
12053,0.003921568859368563,5.424019813537598
12054,0.02549019642174244,5.796568393707275
12055,0.004411764908581972,6.13725471496582
12056,0.022549020126461983,6.411764621734619
12057,0.0024509804788976908,6.629901885986328
12058,0.014705882407724857,6.73774528503418
12059,0.007352941203862429,6.700980186462402
12060,0.005392157007008791,6.629901885986328
12061,-0.0117647061124444,6.455882549285889
12062,-0.0004901961074210703,6.169117450714111
12063,-0.014705882407724857,5.811274528503418
12064,-0.019117647781968117,5.357842922210693
12065,-0.029901960864663124,4.840686321258545
12066,-0.029901960864663124,4.245098114013672
12067,-0.035784315317869186,3.6372549533843994
12068,-0.037254903465509415,2.973039150238037
12069,-0.03970588371157646,2.284313678741455
12070,-0.03921568766236305,1.625
12071,-0.08382353186607361,0.9289215803146362
12072,-0.020098039880394936,0.2867647111415863
12073,-0.06029411777853966,-0.3186274468898773
12074,-0.03333333507180214,-0.8799019455909729
12075,-0.03529411926865578,-1.4215686321258545
12076,-0.04950980469584465,-1.8357843160629272
12077,-0.026470588520169258,-2.183823585510254
12078,-0.027941176667809486,-2.3970587253570557
12079,-0.020588235929608345,-2.5784313678741455
12080,-0.008823529817163944,-2.590686321258545
12081,-0.01617647148668766,-2.5441176891326904
12082,-0.004411764908581972,-2.3627450466156006
12083,-0.0004901961074210703,-2.1470587253570557
12084,0.0029411765281111,-1.7647058963775635
12085,0.008823529817163944,-1.3014706373214722
12086,0.018137255683541298,-0.7671568393707275
12087,0.014705882407724857,-0.1764705926179886
12088,0.02500000037252903,0.47058823704719543
12089,0.019117647781968117,1.1666666269302368
12090,0.03235294297337532,1.8700979948043823
12091,0.038235295563936234,2.593137264251709
12092,0.028431372717022896,3.3284313678741455
12093,0.029901960864663124,4.041666507720947
12094,0.026470588520169258,4.683823585510254
12095,0.029901960864663124,5.247549057006836
12096,0.022549020126461983,5.784313678741455
12097,0.026960784569382668,6.230391979217529
12098,0.02401960827410221,6.571078300476074
12099,0.0235294122248888,6.838235378265381
12100,0.018137255683541298,6.941176414489746
12101,0.008823529817163944,6.997549057006836
12102,0.0019607844296842813,6.906862735748291
12103,-0.006862745154649019,6.671568393707275
12104,-0.01225490216165781,6.377450942993164
12105,-0.0024509804788976908,5.926470756530762
12106,0.0024509804788976908,5.5
12107,-0.04411764815449715,4.801470756530762
12108,-0.03333333507180214,4.142157077789307
12109,-0.06911765038967133,3.411764621734619
12110,-0.037745099514722824,2.654411792755127
12111,-0.05098039284348488,1.784313678741455
12112,-0.04313725605607033,0.968137264251709
12113,-0.046568628400564194,0.13970588147640228
12114,-0.04019607976078987,-0.6348039507865906
12115,-0.04313725605607033,-1.375
12116,-0.04068627581000328,-2.031862735748291
12117,-0.04215686395764351,-2.6666667461395264
12118,-0.035784315317869186,-3.25
12119,-0.03382353112101555,-3.6397058963775635
12120,-0.030882352963089943,-3.963235378265381
12121,-0.023039216175675392,-4.142157077789307
12122,-0.01617647148668766,-4.220588207244873
12123,-0.013235294260084629,-4.18137264251709
12124,-0.007843137718737125,-4.036764621734619
12125,0.0029411765281111,-3.7107841968536377
12126,0.018137255683541298,-3.316176414489746
12127,0.013725490309298038,-2.754901885986328
12128,0.022549020126461983,-2.1446077823638916
12129,0.036764707416296005,-1.4313725233078003
12130,0.03186274692416191,-0.654411792755127
12131,0.020098039880394936,0.14950980246067047
12132,0.03431372717022896,1.0465686321258545
12133,0.044607844203710556,1.9313725233078003
12134,0.0470588244497776,2.779411792755127
12135,0.044607844203710556,3.688725471496582
12136,0.04313725605607033,4.436274528503418
12137,0.03970588371157646,5.247549057006836
12138,0.03529411926865578,5.894608020782471
12139,0.037745099514722824,6.458333492279053
12140,0.030882352963089943,6.980391979217529
12141,0.02549019642174244,7.352941036224365
12142,0.018137255683541298,7.522058963775635
12143,0.01274509821087122,7.676470756530762
12144,0.01225490216165781,7.615196228027344
12145,0.006862745154649019,7.458333492279053
12146,0.0009803922148421407,7.159313678741455
12147,-0.014705882407724857,6.698529243469238
12148,-0.019117647781968117,6.156862735748291
12149,-0.026470588520169258,5.482842922210693
12150,-0.036274511367082596,4.710784435272217
12151,-0.035784315317869186,3.9142158031463623
12152,-0.03921568766236305,3.007352828979492
12153,-0.053431373089551926,2.0441176891326904
12154,-0.04950980469584465,1.0980392694473267
12155,-0.05098039284348488,0.06862745434045792
12156,-0.0573529414832592,-0.8799019455909729
12157,-0.04852941259741783,-1.8259804248809814
12158,-0.03333333507180214,-2.688725471496582
12159,-0.05931372568011284,-3.465686321258545
12160,-0.037254903465509415,-4.176470756530762
12161,-0.04362745210528374,-4.725490093231201
12162,-0.036764707416296005,-5.191176414489746
12163,-0.03921568766236305,-5.51225471496582
12164,-0.020588235929608345,-5.718137264251709
12165,-0.01666666753590107,-5.740196228027344
12166,-0.0019607844296842813,-5.647058963775635
12167,0.0,-5.372549057006836
12168,0.0,-4.98774528503418
12169,0.015196078456938267,-4.458333492279053
12170,0.026470588520169258,-3.7941176891326904
12171,0.028431372717022896,-3.063725471496582
12172,0.03480392321944237,-2.161764621734619
12173,0.04117647185921669,-1.247549057006836
12174,0.052941177040338516,-0.2132352888584137
12175,0.05049019679427147,0.813725471496582
12176,0.0470588244497776,1.843137264251709
12177,0.04852941259741783,2.9485294818878174
12178,0.06372549384832382,3.94362735748291
12179,0.06519608199596405,4.850490093231201
12180,0.04215686395764351,5.723039150238037
12181,0.04019607976078987,6.553921699523926
12182,0.04901960864663124,7.205882549285889
12183,0.03333333507180214,7.784313678741455
12184,0.035784315317869186,8.142156600952148
12185,0.02450980432331562,8.41911792755127
12186,0.029411764815449715,8.561274528503418
12187,0.019117647781968117,8.504901885986328
12188,0.008333333767950535,8.311274528503418
12189,-0.0009803922148421407,7.990196228027344
12190,-0.014215686358511448,7.475490093231201
12191,-0.01715686358511448,6.813725471496582
12192,-0.030392156913876534,6.053921699523926
12193,-0.04019607976078987,5.110294342041016
12194,-0.03921568766236305,4.196078300476074
12195,-0.04852941259741783,3.120098114013672
12196,-0.05588235333561897,2.0465686321258545
12197,-0.0573529414832592,0.875
12198,-0.05931372568011284,-0.23774509131908417
12199,-0.053921569138765335,-1.3553920984268188
12200,-0.06568627804517746,-2.4215686321258545
12201,-0.06470588594675064,-3.382352828979492
12202,-0.0676470622420311,-4.355391979217529
12203,-0.06078431382775307,-5.159313678741455
12204,-0.05098039284348488,-5.840686321258545
12205,-0.04313725605607033,-6.406862735748291
12206,0.0117647061124444,-6.808823585510254
12207,-0.015196078456938267,-7.029411792755127
12208,-0.01568627543747425,-7.100490093231201
12209,-0.008823529817163944,-7.024509906768799
12210,-0.009803921915590763,-6.796568393707275
12211,0.014215686358511448,-6.367647171020508
12212,0.006862745154649019,-5.774509906768799
12213,0.01274509821087122,-5.06862735748291
12214,0.027941176667809486,-4.230391979217529
12215,0.03921568766236305,-3.2352941036224365
12216,0.04754902049899101,-2.2034313678741455
12217,0.04803921654820442,-1.1078431606292725
12218,0.046568628400564194,0.03431372717022896
12219,0.05245098099112511,1.2328431606292725
12220,0.053921569138765335,2.4460785388946533
12221,0.061274509876966476,3.6397058963775635
12222,0.05686274543404579,4.742647171020508
12223,0.0573529414832592,5.776960849761963
12224,0.053431373089551926,6.713235378265381
12225,0.05098039284348488,7.549019813537598
12226,0.04068627581000328,8.220588684082031
12227,0.04117647185921669,8.769607543945312
12228,0.008823529817163944,9.198529243469238
12229,0.03186274692416191,9.428921699523926
12230,0.01764705963432789,9.446078300476074
12231,0.0004901961074210703,9.325980186462402
12232,0.009313725866377354,8.982843399047852
12233,-1.0205882787704468,8.438725471496582
12234,0.29901960492134094,7.924019813537598
12235,0.07450980693101883,7.19362735748291
12236,-0.4122548997402191,6.183823585510254
12237,0.2720588147640228,5.235294342041016
12238,-0.17058824002742767,4.073529243469238
12239,-0.06372549384832382,2.911764621734619
12240,-0.03529411926865578,1.6740195751190186
12241,-0.14656862616539001,0.3946078419685364
12242,-0.02598039247095585,-0.8063725233078003
12243,-0.1196078434586525,-2.0465686321258545
12244,-0.05000000074505806,-3.213235378265381
12245,-0.08480392396450043,-4.335784435272217
12246,-0.06323529779911041,-5.291666507720947
12247,-0.05931372568011284,-6.186274528503418
12248,-0.0681372582912445,-6.882352828979492
12249,-0.06078431382775307,-7.438725471496582
12250,-0.044607844203710556,-7.835784435272217
12251,-0.037745099514722824,-8.071078300476074
12252,-0.01764705963432789,-8.147058486938477
12253,-0.015196078456938267,-8.004901885986328
12254,-0.011274510063230991,-7.698529243469238
12255,-0.005392157007008791,-7.213235378265381
12256,0.005392157007008791,-6.600490093231201
12257,0.01666666753590107,-5.875
12258,0.029411764815449715,-4.870098114013672
12259,0.045098040252923965,-3.808823585510254
12260,0.0519607849419117,-2.68137264251709
12261,0.05539215728640556,-1.5122549533843994
12262,0.052941177040338516,-0.22303920984268188
12263,0.09068627655506134,1.0465686321258545
12264,0.03235294297337532,2.3014705181121826
12265,0.07500000298023224,3.5857841968536377
12266,0.05098039284348488,4.772058963775635
12267,0.062254901975393295,5.857842922210693
12268,0.06470588594675064,6.894608020782471
12269,0.01568627543747425,7.73774528503418
12270,0.0470588244497776,8.541666984558105
12271,0.061274509876966476,9.144607543945312
12272,0.014705882407724857,9.551470756530762
12273,0.03529411926865578,9.884803771972656
12274,0.015196078456938267,9.914216041564941
12275,0.010294117964804173,9.857843399047852
12276,-0.0024509804788976908,9.588234901428223
12277,-0.006862745154649019,9.10049057006836
12278,-0.023039216175675392,8.575980186462402
12279,-0.029901960864663124,7.752450942993164
12280,-0.0470588244497776,6.855391979217529
12281,-0.06323529779911041,5.835784435272217
12282,-0.06078431382775307,4.718137264251709
12283,-0.052941177040338516,3.524509906768799
12284,-0.07696078717708588,2.2720587253570557
12285,-0.07401961088180542,0.9436274766921997
12286,-0.06960784643888474,-0.25735294818878174
12287,-0.08186274766921997,-1.5784313678741455
12288,-0.07401961088180542,-2.8014705181121826
12289,-0.06715686619281769,-3.904411792755127
12290,-0.05980392172932625,-5.014705657958984
12291,-0.06862745434045792,-5.899509906768799
12292,-0.053921569138765335,-6.779411792755127
12293,-0.05882352963089943,-7.421568393707275
12294,-0.04068627581000328,-7.946078300476074
12295,-0.03970588371157646,-8.301470756530762
12296,-0.030882352963089943,-8.426470756530762
12297,-0.008333333767950535,-8.394607543945312
12298,0.030882352963089943,-8.25
12299,-0.02500000037252903,-7.911764621734619
12300,0.03235294297337532,-7.416666507720947
12301,0.026470588520169258,-6.686274528503418
12302,0.027941176667809486,-5.906862735748291
12303,0.046078432351350784,-4.963235378265381
12304,0.0470588244497776,-3.899509906768799
12305,0.05588235333561897,-2.784313678741455
12306,0.0573529414832592,-1.595588207244873
12307,0.054901961237192154,-0.3602941036224365
12308,0.06568627804517746,0.904411792755127
12309,0.06519608199596405,2.1397058963775635
12310,0.05980392172932625,3.3872549533843994
12311,0.06323529779911041,4.519608020782471
12312,0.07500000298023224,5.585784435272217
12313,-0.008333333767950535,6.595588207244873
12314,0.6245098114013672,7.502450942993164
12315,-0.3176470696926117,8.21813678741455
12316,0.4220588207244873,8.808823585510254
12317,-0.05637254938483238,9.296568870544434
12318,0.026470588520169258,9.497549057006836
12319,0.0784313753247261,9.664216041564941
12320,0.022549020126461983,9.647058486938477
12321,-0.0024509804788976908,9.367647171020508
12322,0.015196078456938267,9.049019813537598
12323,-0.0313725508749485,8.477941513061523
12324,-0.013725490309298038,7.828431606292725
12325,-0.028921568766236305,7.024509906768799
12326,-0.04019607976078987,6.144608020782471
12327,-0.038235295563936234,5.078431606292725
12328,-0.054901961237192154,4.041666507720947
12329,-0.05931372568011284,2.8627450466156006
12330,-0.0681372582912445,1.747549057006836
12331,-0.06568627804517746,0.5245097875595093
12332,-0.061764705926179886,-0.6200980544090271
12333,-0.06470588594675064,-1.808823585510254
12334,-0.06519608199596405,-2.8529412746429443
12335,-0.0676470622420311,-3.872549057006836
12336,-0.0573529414832592,-4.840686321258545
12337,-0.06078431382775307,-5.642157077789307
12338,-0.054901961237192154,-6.343137264251709
12339,-0.046078432351350784,-6.953431606292725
12340,-0.03872549161314964,-7.382352828979492
12341,-0.03872549161314964,-7.661764621734619
12342,-0.022549020126461983,-7.789215564727783
12343,-0.021568628028035164,-7.803921699523926
12344,-0.010784314014017582,-7.627450942993164
12345,-0.014705882407724857,-7.31862735748291
12346,0.0009803922148421407,-6.857842922210693
12347,0.030392156913876534,-6.289215564727783
12348,0.011274510063230991,-5.585784435272217
12349,0.021078431978821754,-4.799019813537598
12350,0.0235294122248888,-3.8921568393707275
12351,0.038235295563936234,-2.8848040103912354
12352,0.04068627581000328,-1.9019607305526733
12353,0.044607844203710556,-0.8578431606292725
12354,0.04754902049899101,0.25
12355,0.05588235333561897,1.3235293626785278
12356,0.046568628400564194,2.340686321258545
12357,0.04803921654820442,3.3627450466156006
12358,0.05000000074505806,4.345588207244873
12359,0.035784315317869186,5.279411792755127
12360,0.046078432351350784,6.046568393707275
12361,0.045098040252923965,6.784313678741455
12362,0.05245098099112511,7.303921699523926
12363,0.020098039880394936,7.796568393707275
12364,0.04852941259741783,8.19362735748291
12365,0.020098039880394936,8.389705657958984
12366,0.018627451732754707,8.502450942993164
12367,0.18529412150382996,8.38725471496582
12368,-0.20980392396450043,8.25
12369,-0.4852941036224365,7.892157077789307
12370,0.41274508833885193,7.607842922210693
12371,-0.8823529481887817,6.963235378265381
12372,0.40882351994514465,6.411764621734619
12373,-0.37156862020492554,5.63725471496582
12374,0.08382353186607361,4.848039150238037
12375,-0.06862745434045792,3.9852941036224365
12376,-0.14460784196853638,3.063725471496582
12377,0.021078431978821754,2.129901885986328
12378,-0.0936274528503418,1.186274528503418
12379,-0.07009804248809814,0.2132352888584137
12380,-0.05049019679427147,-0.7034313678741455
12381,-0.07941176742315292,-1.6127450466156006
12382,-0.04068627581000328,-2.497549057006836
12383,-0.0573529414832592,-3.3014705181121826
12384,-0.061274509876966476,-4.044117450714111
12385,-0.03970588371157646,-4.691176414489746
12386,-0.05686274543404579,-5.291666507720947
12387,-0.026960784569382668,-5.794117450714111
12388,-0.029411764815449715,-6.098039150238037
12389,-0.020588235929608345,-6.384803771972656
12390,-0.021078431978821754,-6.519608020782471
12391,-0.021078431978821754,-6.544117450714111
12392,-0.010294117964804173,-6.490196228027344
12393,-0.010294117964804173,-6.301470756530762
12394,-0.0049019609577953815,-5.977941036224365
12395,0.008823529817163944,-5.56862735748291
12396,0.0019607844296842813,-5.129901885986328
12397,0.007843137718737125,-4.492647171020508
12398,0.019607843831181526,-3.8529412746429443
12399,0.0313725508749485,-3.1397058963775635
12400,0.04264706000685692,-2.3946077823638916
12401,0.03529411926865578,-1.5710784196853638
12402,0.037745099514722824,-0.7475489974021912
12403,0.05000000074505806,0.10294117778539658
12404,0.038235295563936234,0.9534313678741455
12405,0.04362745210528374,1.813725471496582
12406,0.027450980618596077,2.6421568393707275
12407,0.03921568766236305,3.4534313678741455
12408,0.03921568766236305,4.188725471496582
12409,0.03970588371157646,4.889705657958984
12410,0.03529411926865578,5.522058963775635
12411,0.02401960827410221,6.06862735748291
12412,0.02549019642174244,6.485294342041016
12413,0.02450980432331562,6.899509906768799
12414,0.019607843831181526,7.225490093231201
12415,0.01715686358511448,7.421568393707275
12416,0.02401960827410221,7.497549057006836
12417,0.004411764908581972,7.475490093231201
12418,0.0,7.36274528503418
12419,-0.0004901961074210703,7.18137264251709
12420,-0.0117647061124444,6.872549057006836
12421,-0.013725490309298038,6.460784435272217
12422,-0.021078431978821754,5.965686321258545
12423,-0.021568628028035164,5.416666507720947
12424,-0.046568628400564194,4.740196228027344
12425,-0.03480392321944237,4.122549057006836
12426,-0.035784315317869186,3.3553922176361084
12427,-0.0416666679084301,2.5784313678741455
12428,-0.05686274543404579,1.7352941036224365
12429,-0.01764705963432789,0.9264705777168274
12430,-0.08284313976764679,0.09313725680112839
12431,-0.01617647148668766,-0.7647058963775635
12432,-0.06421568989753723,-1.627450942993164
12433,-0.03921568766236305,-2.4142158031463623
12434,-0.04264706000685692,-3.1372549533843994
12435,-0.04411764815449715,-3.8357841968536377
12436,-0.046078432351350784,-4.463235378265381
12437,-0.03480392321944237,-4.980391979217529
12438,-0.030882352963089943,-5.514705657958984
12439,-0.030882352963089943,-5.906862735748291
12440,-0.023039216175675392,-6.171568393707275
12441,-0.023039216175675392,-6.448529243469238
12442,-0.04117647185921669,-6.507352828979492
12443,-0.4372549057006836,-6.563725471496582
12444,0.027450980618596077,-6.438725471496582
12445,-0.09656862914562225,-6.210784435272217
12446,-0.19950979948043823,-5.958333492279053
12447,0.1401960849761963,-5.51225471496582
12448,-0.21274510025978088,-5.066176414489746
12449,0.054901961237192154,-4.44362735748291
12450,0.010784314014017582,-3.752450942993164
12451,-0.01568627543747425,-3.036764621734619
12452,0.07058823853731155,-2.2009804248809814
12453,-0.022058824077248573,-1.3897058963775635
12454,0.04852941259741783,-0.5024510025978088
12455,0.037745099514722824,0.4215686321258545
12456,0.029411764815449715,1.340686321258545
12457,0.045098040252923965,2.215686321258545
12458,0.036274511367082596,3.1151959896087646
12459,0.044607844203710556,3.9852941036224365
12460,0.04950980469584465,4.813725471496582
12461,0.030392156913876534,5.578431606292725
12462,0.0416666679084301,6.279411792755127
12463,0.030392156913876534,6.86274528503418
12464,0.030392156913876534,7.424019813537598
12465,0.01764705963432789,7.840686321258545
12466,0.015196078456938267,8.142156600952148
12467,0.014215686358511448,8.370098114013672
12468,0.0019607844296842813,8.460783958435059
12469,0.009313725866377354,8.424019813537598
12470,-0.020098039880394936,8.259803771972656
12471,-0.037745099514722824,8.06862735748291
12472,-0.04019607976078987,7.674019813537598
12473,-0.06372549384832382,7.171568393707275
12474,-0.02549019642174244,6.571078300476074
12475,-0.0519607849419117,5.882352828979492
12476,-0.0470588244497776,5.154411792755127
12477,-0.04803921654820442,4.30637264251709
12478,-0.05147058889269829,3.3848040103912354
12479,-0.06519608199596405,2.4215686321258545
12480,-0.04264706000685692,1.4509804248809814
12481,-0.06617647409439087,0.4485294222831726
12482,-0.044607844203710556,-0.6004902124404907
12483,-0.05833333358168602,-1.5735293626785278
12484,-0.05539215728640556,-2.534313678741455
12485,-0.04901960864663124,-3.4877450466156006
12486,-0.05833333358168602,-4.365196228027344
12487,-0.05686274543404579,-5.178921699523926
12488,-0.054411765187978745,-5.875
12489,-0.0470588244497776,-6.534313678741455
12490,-0.037254903465509415,-7.031862735748291
12491,-0.03333333507180214,-7.419117450714111
12492,-0.02450980432331562,-7.696078300476074
12493,-0.027941176667809486,-7.848039150238037
12494,-0.014705882407724857,-7.914215564727783
12495,-0.01274509821087122,-7.794117450714111
12496,0.0,-7.578431606292725
12497,0.008823529817163944,-7.218137264251709
12498,0.009803921915590763,-6.745098114013672
12499,0.05931372568011284,-6.169117450714111
12500,0.03872549161314964,-5.473039150238037
12501,0.030392156913876534,-4.708333492279053
12502,0.05637254938483238,-3.811274528503418
12503,0.037745099514722824,-2.901960849761963
12504,0.05000000074505806,-1.8970588445663452
12505,0.046568628400564194,-0.8946078419685364
12506,0.045098040252923965,0.1617647111415863
12507,0.062745101749897,1.215686321258545
12508,0.0470588244497776,2.284313678741455
12509,0.054901961237192154,3.2990195751190186
12510,0.05637254938483238,4.328431606292725
12511,0.05000000074505806,5.196078300476074
12512,0.0573529414832592,6.098039150238037
12513,0.038235295563936234,6.855391979217529
12514,0.018627451732754707,7.546568393707275
12515,0.03235294297337532,8.110294342041016
12516,0.03333333507180214,8.588234901428223
12517,0.0235294122248888,8.889705657958984
12518,0.028921568766236305,9.127450942993164
12519,0.01715686358511448,9.230392456054688
12520,0.010294117964804173,9.171568870544434
12521,0.0,9.075980186462402
12522,-0.0009803922148421407,8.730392456054688
12523,-0.008823529817163944,8.311274528503418
12524,-0.013235294260084629,7.813725471496582
12525,-0.027941176667809486,7.149509906768799
12526,-0.027941176667809486,6.450980186462402
12527,-0.08186274766921997,5.642157077789307
12528,-0.04068627581000328,4.752450942993164
12529,-0.054901961237192154,3.7965686321258545
12530,-0.06421568989753723,2.867647171020508
12531,-0.04117647185921669,1.872549057006836
12532,-0.06519608199596405,0.8529411554336548
12533,-0.04117647185921669,-0.1715686321258545
12534,-0.05882352963089943,-1.1053920984268188
12535,-0.05784313753247261,-2.095588207244873
12536,-0.06078431382775307,-3.0
12537,-0.0573529414832592,-3.904411792755127
12538,-0.05098039284348488,-4.710784435272217
12539,-0.04411764815449715,-5.409313678741455
12540,-0.053431373089551926,-5.977941036224365
12541,-0.03872549161314964,-6.546568393707275
12542,-0.03529411926865578,-6.919117450714111
12543,-0.026960784569382668,-7.242647171020508
12544,-0.028431372717022896,-7.497549057006836
12545,-0.061764705926179886,-7.561274528503418
12546,0.008333333767950535,-7.51225471496582
12547,0.0034313725773245096,-7.404411792755127
12548,0.0049019609577953815,-7.11274528503418
12549,0.00637254910543561,-6.799019813537598
12550,0.010784314014017582,-6.345588207244873
12551,0.009803921915590763,-5.830882549285889
12552,0.00637254910543561,-5.154411792755127
12553,0.015196078456938267,-4.509803771972656
12554,0.023039216175675392,-3.715686321258545
12555,0.02598039247095585,-2.9583332538604736
12556,0.030882352963089943,-2.125
12557,0.03186274692416191,-1.2303920984268188
12558,0.03382353112101555,-0.3529411852359772
12559,0.03970588371157646,0.563725471496582
12560,0.028431372717022896,1.3921568393707275
12561,0.038235295563936234,2.281862735748291
12562,0.045098040252923965,3.0808823108673096
12563,0.04411764815449715,3.8921568393707275
12564,0.03382353112101555,4.617647171020508
12565,0.044607844203710556,5.328431606292725
12566,0.03333333507180214,5.916666507720947
12567,0.03872549161314964,6.441176414489746
12568,0.02549019642174244,6.904411792755127
12569,0.03186274692416191,7.274509906768799
12570,0.028431372717022896,7.595588207244873
12571,0.022058824077248573,7.80637264251709
12572,0.01666666753590107,7.924019813537598
12573,0.010784314014017582,7.93137264251709
12574,-0.00147058826405555,7.843137264251709
12575,0.0,7.705882549285889
12576,-0.009803921915590763,7.426470756530762
12577,-0.01568627543747425,7.125
12578,-0.014705882407724857,6.75
12579,-0.0235294122248888,6.25
12580,-0.022549020126461983,5.745098114013672
12581,-0.03382353112101555,5.166666507720947
12582,-0.036274511367082596,4.526960849761963
12583,-0.04019607976078987,3.8210785388946533
12584,-0.03921568766236305,3.159313678741455
12585,-0.037254903465509415,2.3848040103912354
12586,-0.05147058889269829,1.6299020051956177
12587,-0.035784315317869186,0.8725489974021912
12588,-0.05931372568011284,0.07352941483259201
12589,-0.04362745210528374,-0.6813725233078003
12590,-0.052941177040338516,-1.433823585510254
12591,-0.04950980469584465,-2.1789214611053467
12592,-0.045098040252923965,-2.8529412746429443
12593,-0.04019607976078987,-3.5196077823638916
12594,-0.038235295563936234,-4.122549057006836
12595,-0.045588236302137375,-4.642157077789307
12596,-0.03235294297337532,-5.176470756530762
12597,-0.03921568766236305,-5.598039150238037
12598,-0.029411764815449715,-5.985294342041016
12599,-0.029901960864663124,-6.225490093231201
12600,-0.027450980618596077,-6.458333492279053
12601,-0.09558823704719543,-6.600490093231201
12602,-0.062745101749897,-6.674019813537598
12603,-0.05539215728640556,-6.583333492279053
12604,-0.01666666753590107,-6.519608020782471
12605,-0.019117647781968117,-6.303921699523926
12606,-0.009313725866377354,-6.019608020782471
12607,0.0009803922148421407,-5.651960849761963
12608,0.008333333767950535,-5.218137264251709
12609,0.01715686358511448,-4.700980186462402
12610,0.01715686358511448,-4.178921699523926
12611,0.0117647061124444,-3.5416667461395264
12612,0.01715686358511448,-2.808823585510254
12613,0.04411764815449715,-2.129901885986328
12614,0.029901960864663124,-1.3210784196853638
12615,0.03186274692416191,-0.5735294222831726
12616,0.04019607976078987,0.24264705181121826
12617,0.04264706000685692,1.0980392694473267
12618,0.045098040252923965,1.877450942993164
12619,0.05049019679427147,2.686274528503418
12620,0.037254903465509415,3.495098114013672
12621,0.0519607849419117,4.272058963775635
12622,0.04264706000685692,5.014705657958984
12623,0.044607844203710556,5.703431606292725
12624,0.03480392321944237,6.321078300476074
12625,0.03431372717022896,6.919117450714111
12626,0.03186274692416191,7.38725471496582
12627,0.03186274692416191,7.813725471496582
12628,0.028921568766236305,8.188725471496582
12629,0.027941176667809486,8.382352828979492
12630,0.010784314014017582,8.573529243469238
12631,0.01666666753590107,8.588234901428223
12632,0.0024509804788976908,8.546568870544434
12633,0.0009803922148421407,8.384803771972656
12634,-0.0049019609577953815,8.186274528503418
12635,-0.0117647061124444,7.796568393707275
12636,-0.007352941203862429,7.357842922210693
12637,-0.014215686358511448,6.870098114013672
12638,-0.022058824077248573,6.259803771972656
12639,-0.02500000037252903,5.553921699523926
12640,-0.04068627581000328,4.825980186462402
12641,-0.030882352963089943,4.053921699523926
12642,-0.053921569138765335,3.1715686321258545
12643,-0.03284313902258873,2.316176414489746
12644,-0.053921569138765335,1.3676470518112183
12645,-0.05637254938483238,0.4436274468898773
12646,-0.04803921654820442,-0.5122548937797546
12647,-0.04852941259741783,-1.406862735748291
12648,-0.05686274543404579,-2.3235294818878174
12649,-0.053431373089551926,-3.1715686321258545
12650,-0.04852941259741783,-4.022058963775635
12651,-0.045588236302137375,-4.774509906768799
12652,-0.05098039284348488,-5.507352828979492
12653,-0.036764707416296005,-6.122549057006836
12654,-0.03382353112101555,-6.659313678741455
12655,-0.044607844203710556,-7.105391979217529
12656,-0.02450980432331562,-7.468137264251709
12657,-0.028431372717022896,-7.715686321258545
12658,-0.020588235929608345,-7.909313678741455
12659,-0.01617647148668766,-7.921568393707275
12660,-0.007352941203862429,-7.911764621734619
12661,0.0009803922148421407,-7.752450942993164
12662,-0.0004901961074210703,-7.509803771972656
12663,0.004411764908581972,-7.132352828979492
12664,0.018137255683541298,-6.69362735748291
12665,0.021078431978821754,-6.134803771972656
12666,0.02598039247095585,-5.495098114013672
12667,0.027450980618596077,-4.799019813537598
12668,0.030882352963089943,-4.002450942993164
12669,0.037745099514722824,-3.2107841968536377
12670,0.03529411926865578,-2.345588207244873
12671,0.03333333507180214,-1.5049020051956177
12672,0.03970588371157646,-0.5465686321258545
12673,0.04754902049899101,0.37254902720451355
12674,0.05049019679427147,1.2916666269302368
12675,0.04313725605607033,2.1421568393707275
12676,0.03970588371157646,3.0514705181121826
12677,0.036764707416296005,3.879901885986328
12678,0.045098040252923965,4.659313678741455
12679,0.045588236302137375,5.399509906768799
12680,0.04215686395764351,6.107842922210693
12681,0.04068627581000328,6.669117450714111
12682,0.028921568766236305,7.200980186462402
12683,0.019117647781968117,7.629901885986328
12684,0.030392156913876534,7.980391979217529
12685,0.022549020126461983,8.276960372924805
12686,0.021568628028035164,8.463234901428223
12687,0.01666666753590107,8.558823585510254
12688,0.013725490309298038,8.578431129455566
12689,0.0049019609577953815,8.463234901428223
12690,-0.0058823530562222,8.26225471496582
12691,-0.0034313725773245096,7.992647171020508
12692,-0.014705882407724857,7.68137264251709
12693,-0.009313725866377354,7.267157077789307
12694,-0.03970588371157646,6.803921699523926
12695,-0.019117647781968117,6.245098114013672
12696,-0.029411764815449715,5.676470756530762
12697,-0.0887254923582077,5.0
12698,-0.04950980469584465,4.294117450714111
12699,-0.053921569138765335,3.595588207244873
12700,-0.053921569138765335,2.8308823108673096
12701,-0.04362745210528374,2.066176414489746
12702,-0.037254903465509415,1.3063725233078003
12703,-0.04117647185921669,0.5416666865348816
12704,-0.05147058889269829,-0.1715686321258545
12705,-0.04901960864663124,-0.9117646813392639
12706,-0.046568628400564194,-1.627450942993164
12707,-0.04264706000685692,-2.3259804248809814
12708,-0.05098039284348488,-3.002450942993164
12709,-0.03529411926865578,-3.593137264251709
12710,-0.04117647185921669,-4.159313678741455
12711,-0.03480392321944237,-4.674019813537598
12712,-0.03382353112101555,-5.178921699523926
12713,-0.03480392321944237,-5.539215564727783
12714,-0.030392156913876534,-5.938725471496582
12715,-0.03186274692416191,-6.176470756530762
12716,-0.021568628028035164,-6.375
12717,-0.01274509821087122,-6.534313678741455
12718,-0.009803921915590763,-6.664215564727783
12719,-0.037254903465509415,-6.691176414489746
12720,0.008333333767950535,-6.583333492279053
12721,-0.028431372717022896,-6.504901885986328
12722,-0.005392157007008791,-6.355391979217529
12723,0.0029411765281111,-6.078431606292725
12724,0.020098039880394936,-5.774509906768799
12725,1.6696078777313232,-5.213235378265381
12726,0.11274509876966476,-4.870098114013672
12727,0.43578431010246277,-4.504901885986328
12728,0.4936274588108063,-3.8897058963775635
12729,-0.010294117964804173,-3.401960849761963
12730,0.2294117659330368,-2.774509906768799
12731,0.14754901826381683,-2.1446077823638916
12732,0.03235294297337532,-1.5098038911819458
12733,0.13823530077934265,-0.8014705777168274
12734,0.02549019642174244,-0.11764705926179886
12735,0.11029411852359772,0.6176470518112183
12736,0.04411764815449715,1.406862735748291
12737,0.06911765038967133,2.0833332538604736
12738,0.053921569138765335,2.7965686321258545
12739,0.05245098099112511,3.463235378265381
12740,0.03872549161314964,4.171568393707275
12741,0.04362745210528374,4.843137264251709
12742,0.036274511367082596,5.458333492279053
12743,0.052941177040338516,6.009803771972656
12744,0.03284313902258873,6.580882549285889
12745,0.04362745210528374,7.036764621734619
12746,0.0058823530562222,7.446078300476074
12747,0.04117647185921669,7.769608020782471
12748,0.028921568766236305,8.034314155578613
12749,0.003921568859368563,8.27450942993164
12750,0.02401960827410221,8.360294342041016
12751,0.0024509804788976908,8.45588207244873
12752,0.013235294260084629,8.448529243469238
12753,-0.008333333767950535,8.328431129455566
12754,-0.03480392321944237,8.107843399047852
12755,0.01764705963432789,7.870098114013672
12756,-0.03921568766236305,7.529411792755127
12757,-0.014705882407724857,7.127450942993164
12758,-0.027450980618596077,6.610294342041016
12759,-0.036274511367082596,6.031862735748291
12760,-0.03382353112101555,5.404411792755127
12761,-0.04264706000685692,4.759803771972656
12762,-0.04362745210528374,4.0
12763,-0.045098040252923965,3.281862735748291
12764,-0.04901960864663124,2.4485294818878174
12765,-0.04362745210528374,1.6348038911819458
12766,-0.046568628400564194,0.7769607901573181
12767,-0.05539215728640556,-0.07352941483259201
12768,-0.05637254938483238,-0.8823529481887817
12769,-0.05049019679427147,-1.7745097875595093
12770,-0.04264706000685692,-2.563725471496582
12771,-0.04950980469584465,-3.401960849761963
12772,-0.04852941259741783,-4.093137264251709
12773,-0.04019607976078987,-4.779411792755127
12774,-0.035784315317869186,-5.453431606292725
12775,-0.030392156913876534,-6.022058963775635
12776,-0.037254903465509415,-6.541666507720947
12777,-0.03333333507180214,-6.992647171020508
12778,-0.037254903465509415,-7.313725471496582
12779,-0.029411764815449715,-7.610294342041016
12780,-0.022549020126461983,-7.764705657958984
12781,-0.022058824077248573,-7.875
12782,-0.010784314014017582,-7.919117450714111
12783,-0.009803921915590763,-7.789215564727783
12784,0.006862745154649019,-7.649509906768799
12785,-0.00637254910543561,-7.384803771972656
12786,0.0024509804788976908,-7.022058963775635
12787,0.01568627543747425,-6.578431606292725
12788,0.0029411765281111,-6.147058963775635
12789,0.013725490309298038,-5.595588207244873
12790,0.010294117964804173,-4.936274528503418
12791,0.02500000037252903,-4.340686321258545
12792,0.020588235929608345,-3.6029412746429443
12793,0.030392156913876534,-2.8651959896087646
12794,0.026470588520169258,-2.0857841968536377
12795,0.03480392321944237,-1.3259804248809814
12796,0.030392156913876534,-0.5171568393707275
12797,0.07500000298023224,0.29411765933036804
12798,0.2700980305671692,1.058823585510254
12799,0.4691176414489746,1.9607843160629272
12800,-0.21176470816135406,2.651960849761963
12801,0.44656863808631897,3.4191176891326904
12802,-0.0941176488995552,4.058823585510254
12803,0.1044117659330368,4.708333492279053
12804,0.10539215803146362,5.323529243469238
12805,0.035784315317869186,5.872549057006836
12806,0.053921569138765335,6.372549057006836
12807,0.03431372717022896,6.850490093231201
12808,0.010784314014017582,7.223039150238037
12809,0.036274511367082596,7.529411792755127
12810,0.021568628028035164,7.850490093231201
12811,0.021568628028035164,7.936274528503418
12812,0.009803921915590763,8.05637264251709
12813,0.006862745154649019,8.151960372924805
12814,0.0019607844296842813,8.166666984558105
12815,-0.013725490309298038,8.051470756530762
12816,-0.0049019609577953815,7.884803771972656
12817,-0.0034313725773245096,7.740196228027344
12818,-0.011274510063230991,7.475490093231201
12819,-0.008333333767950535,7.142157077789307
12820,-0.018137255683541298,6.811274528503418
12821,-0.023039216175675392,6.367647171020508
12822,-0.028431372717022896,5.899509906768799
12823,-0.03186274692416191,5.477941036224365
12824,-0.028431372717022896,4.924019813537598
12825,-0.030882352963089943,4.367647171020508
12826,-0.0416666679084301,3.816176414489746
12827,-0.035784315317869186,3.183823585510254
12828,-0.03431372717022896,2.55637264251709
12829,-0.036274511367082596,2.002450942993164
12830,-0.04264706000685692,1.3529411554336548
12831,-0.046568628400564194,0.6617646813392639
12832,-0.04411764815449715,0.01715686358511448
12833,-0.03333333507180214,-0.6127451062202454
12834,-0.05147058889269829,-1.2328431606292725
12835,-0.03529411926865578,-1.8553920984268188
12836,-0.04215686395764351,-2.4534313678741455
12837,-0.03921568766236305,-3.088235378265381
12838,-0.04117647185921669,-3.5833332538604736
12839,-0.046078432351350784,-4.144608020782471
12840,-0.04215686395764351,-4.676470756530762
12841,-0.03333333507180214,-5.110294342041016
12842,-0.04068627581000328,-5.492647171020508
12843,-0.03529411926865578,-5.936274528503418
12844,-0.035784315317869186,-6.223039150238037
12845,-0.02598039247095585,-6.534313678741455
12846,-0.013725490309298038,-6.745098114013672
12847,-0.022549020126461983,-6.93137264251709
12848,-0.015196078456938267,-7.019608020782471
12849,-0.01715686358511448,-7.083333492279053
12850,-0.006862745154649019,-7.075980186462402
12851,-0.007352941203862429,-7.024509906768799
12852,0.0019607844296842813,-6.884803771972656
12853,0.00637254910543561,-6.676470756530762
12854,-0.006862745154649019,-6.370098114013672
12855,0.026960784569382668,-6.090686321258545
12856,-0.003921568859368563,-5.686274528503418
12857,0.020588235929608345,-5.254901885986328
12858,0.010784314014017582,-4.752450942993164
12859,-0.6122549176216125,-4.267157077789307
12860,-0.12745098769664764,-3.6348040103912354
12861,0.1406862735748291,-2.911764621734619
12862,-0.5323529243469238,-2.343137264251709
12863,0.520588219165802,-1.5098038911819458
12864,-0.3294117748737335,-0.845588207244873
12865,0.249509796500206,-0.01715686358511448
12866,-0.08137255162000656,0.7426470518112183
12867,-0.01617647148668766,1.4632352590560913
12868,0.10686274617910385,2.274509906768799
12869,-0.03333333507180214,3.029411792755127
12870,0.0681372582912445,3.745098114013672
12871,0.01764705963432789,4.475490093231201
12872,0.014705882407724857,5.164215564727783
12873,0.0470588244497776,5.81862735748291
12874,0.009313725866377354,6.448529243469238
12875,0.021078431978821754,7.017157077789307
12876,0.021078431978821754,7.477941036224365
12877,0.015196078456938267,7.901960849761963
12878,0.023039216175675392,8.252450942993164
12879,0.01617647148668766,8.566176414489746
12880,0.010294117964804173,8.764705657958984
12881,0.006862745154649019,8.916666984558105
12882,0.008823529817163944,8.970588684082031
12883,0.0,8.977941513061523
12884,-0.0029411765281111,8.91911792755127
12885,-0.003921568859368563,8.713234901428223
12886,-0.008333333767950535,8.507352828979492
12887,-0.015196078456938267,8.178921699523926
12888,-0.013235294260084629,7.879901885986328
12889,-0.02500000037252903,7.350490093231201
12890,-0.027941176667809486,6.911764621734619
12891,-0.037254903465509415,6.338235378265381
12892,-0.03284313902258873,5.764705657958984
12893,-0.037745099514722824,5.122549057006836
12894,-0.03872549161314964,4.477941036224365
12895,-0.0416666679084301,3.845588207244873
12896,-0.04313725605607033,3.1078431606292725
12897,-0.0416666679084301,2.3602941036224365
12898,-0.04068627581000328,1.6421568393707275
12899,-0.05049019679427147,0.9264705777168274
12900,-0.04411764815449715,0.17892156541347504
12901,-0.045098040252923965,-0.5122548937797546
12902,-0.04852941259741783,-1.2058823108673096
12903,-0.03382353112101555,-1.8504902124404907
12904,-0.03186274692416191,-2.504901885986328
12905,-0.036764707416296005,-3.1053922176361084
12906,-0.04362745210528374,-3.7009804248809814
12907,-0.04803921654820442,-4.213235378265381
12908,-0.037745099514722824,-4.691176414489746
12909,-0.036274511367082596,-5.100490093231201
12910,-0.029411764815449715,-5.519608020782471
12911,-0.0313725508749485,-5.845588207244873
12912,-0.030392156913876534,-6.11274528503418
12913,-0.019607843831181526,-6.404411792755127
12914,-0.01568627543747425,-6.524509906768799
12915,-0.01568627543747425,-6.686274528503418
12916,0.00637254910543561,-6.759803771972656
12917,-0.030392156913876534,-6.843137264251709
12918,0.008823529817163944,-6.816176414489746
12919,-0.009803921915590763,-6.772058963775635
12920,-0.00147058826405555,-6.656862735748291
12921,0.003921568859368563,-6.5
12922,-0.0049019609577953815,-6.333333492279053
12923,0.0058823530562222,-6.085784435272217
12924,-0.003921568859368563,-5.821078300476074
12925,0.008333333767950535,-5.507352828979492
12926,0.02500000037252903,-5.142157077789307
12927,0.0004901961074210703,-4.781862735748291
12928,0.018137255683541298,-4.343137264251709
12929,0.01617647148668766,-3.872549057006836
12930,0.0882352963089943,-3.3651959896087646
12931,0.2872548997402191,-2.911764621734619
12932,-0.3495098054409027,-2.4215686321258545
12933,0.4416666626930237,-1.8578431606292725
12934,-0.23529411852359772,-1.2916666269302368
12935,0.1509803980588913,-0.7009803652763367
12936,0.03284313902258873,-0.13235294818878174
12937,0.01274509821087122,0.4583333432674408
12938,0.09117647260427475,1.0980392694473267
12939,-0.009803921915590763,1.715686321258545
12940,0.03480392321944237,2.311274528503418
12941,0.05147058889269829,2.941176414489746
12942,0.011274510063230991,3.563725471496582
12943,0.04313725605607033,4.169117450714111
12944,0.013725490309298038,4.715686321258545
12945,0.019117647781968117,5.245098114013672
12946,0.03921568766236305,5.808823585510254
12947,0.013235294260084629,6.245098114013672
12948,0.028921568766236305,6.730391979217529
12949,0.018137255683541298,7.122549057006836
12950,0.02598039247095585,7.539215564727783
12951,-0.011274510063230991,7.843137264251709
12952,0.006862745154649019,8.13725471496582
12953,0.02401960827410221,8.372549057006836
12954,-0.008333333767950535,8.56862735748291
12955,0.005392157007008791,8.678921699523926
12956,0.0,8.723039627075195
12957,-0.0024509804788976908,8.703431129455566
12958,0.0049019609577953815,8.634803771972656
12959,-0.0004901961074210703,8.534314155578613
12960,-0.014705882407724857,8.279411315917969
12961,-0.010784314014017582,8.019607543945312
12962,-0.022058824077248573,7.723039150238037
12963,-0.007352941203862429,7.301470756530762
12964,0.013235294260084629,6.852941036224365
12965,0.010294117964804173,6.406862735748291
12966,0.030882352963089943,5.843137264251709
12967,-0.046568628400564194,5.200980186462402
12968,-0.044607844203710556,4.598039150238037
12969,-0.030392156913876534,3.970588207244873
12970,-0.06470588594675064,3.2696077823638916
12971,-0.04313725605607033,2.5808823108673096
12972,-0.03872549161314964,1.8382352590560913
12973,-0.03382353112101555,1.0882352590560913
12974,-0.03529411926865578,0.375
12975,-0.04215686395764351,-0.3553921580314636
12976,-0.037254903465509415,-1.0539215803146362
12977,-0.04264706000685692,-1.7549020051956177
12978,-0.045588236302137375,-2.436274528503418
12979,-0.037254903465509415,-3.1029412746429443
12980,-0.09215686470270157,-3.7279412746429443
12981,-0.027941176667809486,-4.294117450714111
12982,-0.05098039284348488,-4.808823585510254
12983,-0.03382353112101555,-5.308823585510254
12984,-0.027941176667809486,-5.76225471496582
12985,-0.03431372717022896,-6.115196228027344
12986,-0.022058824077248573,-6.502450942993164
12987,-0.023039216175675392,-6.740196228027344
12988,-0.02500000037252903,-6.941176414489746
12989,-0.02598039247095585,-7.107842922210693
12990,-0.02500000037252903,-7.208333492279053
12991,-0.01568627543747425,-7.308823585510254
12992,-0.008823529817163944,-7.294117450714111
12993,-0.013725490309298038,-7.254901885986328
12994,-0.0009803922148421407,-7.134803771972656
12995,-0.008333333767950535,-7.026960849761963
12996,-0.00147058826405555,-6.803921699523926
12997,0.010784314014017582,-6.602941036224365
12998,-0.00147058826405555,-6.299019813537598
12999,0.008333333767950535,-5.970588207244873
13000,0.0058823530562222,-5.642157077789307
13001,0.0117647061124444,-5.272058963775635
13002,0.020098039880394936,-4.892157077789307
13003,0.02401960827410221,-4.424019813537598
13004,0.020098039880394936,-3.9852941036224365
13005,0.007843137718737125,-3.492647171020508
13006,0.014215686358511448,-3.05637264251709
13007,0.023039216175675392,-2.529411792755127
13008,0.019607843831181526,-1.9950979948043823
13009,0.0235294122248888,-1.4950979948043823
13010,0.029411764815449715,-0.9754902124404907
13011,0.02401960827410221,-0.41911765933036804
13012,0.022058824077248573,0.06617647409439087
13013,0.006862745154649019,0.6495097875595093
13014,0.02500000037252903,1.1642156839370728
13015,0.027941176667809486,1.7303920984268188
13016,0.027941176667809486,2.220588207244873
13017,0.026470588520169258,2.7916667461395264
13018,0.027941176667809486,3.286764621734619
13019,0.0313725508749485,3.754901885986328
13020,0.03186274692416191,4.279411792755127
13021,0.021078431978821754,4.754901885986328
13022,0.04068627581000328,5.208333492279053
13023,0.014705882407724857,5.656862735748291
13024,0.022549020126461983,6.095588207244873
13025,0.01715686358511448,6.495098114013672
13026,0.020588235929608345,6.838235378265381
13027,0.02598039247095585,7.144608020782471
13028,0.01225490216165781,7.458333492279053
13029,0.018627451732754707,7.789215564727783
13030,0.007352941203862429,7.995098114013672
13031,-0.028431372717022896,8.161765098571777
13032,0.008333333767950535,8.325980186462402
13033,-0.0235294122248888,8.44362735748291
13034,-0.01617647148668766,8.495098114013672
13035,-0.018137255683541298,8.477941513061523
13036,-0.01568627543747425,8.426470756530762
13037,-0.008823529817163944,8.352941513061523
13038,-0.008823529817163944,8.188725471496582
13039,-0.009313725866377354,7.946078300476074
13040,-0.009803921915590763,7.745098114013672
13041,-0.020588235929608345,7.470588207244873
13042,-0.01715686358511448,7.078431606292725
13043,-0.021568628028035164,6.669117450714111
13044,-0.01274509821087122,6.235294342041016
13045,-0.019117647781968117,5.730391979217529
13046,-0.04313725605607033,5.210784435272217
13047,-0.03284313902258873,4.602941036224365
13048,-0.022058824077248573,4.022058963775635
13049,-0.03333333507180214,3.350490093231201
13050,-0.045098040252923965,2.7401959896087646
13051,-0.04019607976078987,2.0514705181121826
13052,-0.0470588244497776,1.372549057006836
13053,-0.046568628400564194,0.7107843160629272
13054,-0.035784315317869186,0.03186274692416191
13055,-0.05147058889269829,-0.6446078419685364
13056,-0.03921568766236305,-1.3504902124404907
13057,-0.05098039284348488,-1.970588207244873
13058,-0.04313725605607033,-2.617647171020508
13059,-0.053431373089551926,-3.225490093231201
13060,-0.0470588244497776,-3.781862735748291
13061,-0.046568628400564194,-4.345588207244873
13062,-0.04901960864663124,-4.799019813537598
13063,-0.045588236302137375,-5.289215564727783
13064,-0.037254903465509415,-5.745098114013672
13065,-0.030882352963089943,-6.100490093231201
13066,-0.01274509821087122,-6.416666507720947
13067,-0.035784315317869186,-6.686274528503418
13068,-0.013235294260084629,-6.953431606292725
13069,-0.026470588520169258,-7.06862735748291
13070,-0.02500000037252903,-7.210784435272217
13071,-0.01715686358511448,-7.299019813537598
13072,-0.00147058826405555,-7.30637264251709
13073,-0.029901960864663124,-7.321078300476074
13074,0.0004901961074210703,-7.245098114013672
13075,-0.015196078456938267,-7.122549057006836
13076,0.0049019609577953815,-7.004901885986328
13077,-0.010784314014017582,-6.80637264251709
13078,-0.0004901961074210703,-6.615196228027344
13079,0.0058823530562222,-6.365196228027344
13080,0.004411764908581972,-6.13725471496582
13081,0.008823529817163944,-5.80637264251709
13082,0.010294117964804173,-5.43137264251709
13083,0.0117647061124444,-5.100490093231201
13084,0.0117647061124444,-4.745098114013672
13085,0.01225490216165781,-4.340686321258545
13086,0.01274509821087122,-3.9264705181121826
13087,0.0117647061124444,-3.536764621734619
13088,0.02500000037252903,-3.129901885986328
13089,0.019117647781968117,-2.6691176891326904
13090,0.009313725866377354,-2.1642158031463623
13091,0.02401960827410221,-1.7573529481887817
13092,0.023039216175675392,-1.247549057006836
13093,0.018627451732754707,-0.8039215803146362
13094,0.01715686358511448,-0.3186274468898773
13095,0.02450980432331562,0.20098039507865906
13096,0.029901960864663124,0.6715686321258545
13097,0.03284313902258873,1.1691176891326904
13098,0.02598039247095585,1.6299020051956177
13099,0.12745098769664764,2.1789214611053467
13100,0.07941176742315292,2.656862735748291
13101,0.08431372791528702,3.151960849761963
13102,0.061764705926179886,3.625
13103,0.05686274543404579,4.093137264251709
13104,0.028921568766236305,4.571078300476074
13105,0.04313725605607033,5.009803771972656
13106,0.030392156913876534,5.485294342041016
13107,0.03431372717022896,5.941176414489746
13108,0.02450980432331562,6.348039150238037
13109,0.021568628028035164,6.708333492279053
13110,0.027941176667809486,7.110294342041016
13111,0.020098039880394936,7.428921699523926
13112,0.022549020126461983,7.745098114013672
13113,0.009803921915590763,8.009803771972656
13114,0.021568628028035164,8.247549057006836
13115,0.022058824077248573,8.446078300476074
13116,0.007843137718737125,8.56862735748291
13117,0.009313725866377354,8.708333015441895
13118,0.00637254910543561,8.727941513061523
13119,0.01764705963432789,8.727941513061523
13120,-0.00147058826405555,8.723039627075195
13121,0.0,8.651960372924805
13122,0.0004901961074210703,8.514705657958984
13123,-0.003921568859368563,8.29411792755127
13124,-0.014215686358511448,8.120098114013672
13125,-0.05931372568011284,7.850490093231201
13126,-0.007352941203862429,7.436274528503418
13127,-0.020588235929608345,7.105391979217529
13128,-0.020098039880394936,6.683823585510254
13129,-0.019117647781968117,6.210784435272217
13130,-0.026470588520169258,5.730391979217529
13131,-0.035784315317869186,5.178921699523926
13132,-0.03284313902258873,4.69362735748291
13133,-0.04117647185921669,4.139705657958984
13134,-0.026470588520169258,3.529411792755127
13135,-0.027941176667809486,2.94362735748291
13136,-0.03529411926865578,2.3529412746429443
13137,-0.03970588371157646,1.7230392694473267
13138,-0.03529411926865578,1.0833333730697632
13139,-0.026470588520169258,0.47549018263816833
13140,-0.030882352963089943,-0.09068627655506134
13141,-0.044607844203710556,-0.7034313678741455
13142,-0.027941176667809486,-1.2622549533843994
13143,-0.03970588371157646,-1.8284313678741455
13144,-0.03480392321944237,-2.399509906768799
13145,-0.028431372717022896,-2.8970587253570557
13146,-0.018137255683541298,-3.3627450466156006
13147,-0.026960784569382668,-3.816176414489746
13148,-0.02500000037252903,-4.242647171020508
13149,-0.02500000037252903,-4.607842922210693
13150,-0.026960784569382668,-4.936274528503418
13151,-0.02598039247095585,-5.252450942993164
13152,-0.018137255683541298,-5.549019813537598
13153,-0.02401960827410221,-5.813725471496582
13154,-0.027450980618596077,-5.992647171020508
13155,-0.018137255683541298,-6.235294342041016
13156,-0.014215686358511448,-6.426470756530762
13157,-0.010294117964804173,-6.504901885986328
13158,-0.01666666753590107,-6.629901885986328
13159,-0.01764705963432789,-6.705882549285889
13160,-0.013235294260084629,-6.732842922210693
13161,-0.013725490309298038,-6.732842922210693
13162,-0.010784314014017582,-6.784313678741455
13163,-0.0029411765281111,-6.816176414489746
13164,-0.0019607844296842813,-6.725490093231201
13165,-0.0024509804788976908,-6.629901885986328
13166,-0.009803921915590763,-6.607842922210693
13167,0.0,-6.438725471496582
13168,0.005392157007008791,-6.333333492279053
13169,0.0009803922148421407,-6.200980186462402
13170,-0.004411764908581972,-6.022058963775635
13171,0.010294117964804173,-5.845588207244873
13172,0.01225490216165781,-5.620098114013672
13173,0.010784314014017582,-5.360294342041016
13174,0.0029411765281111,-5.06862735748291
13175,0.009803921915590763,-4.80637264251709
13176,0.008823529817163944,-4.475490093231201
13177,-0.019117647781968117,-4.127450942993164
13178,0.037254903465509415,-3.784313678741455
13179,0.004411764908581972,-3.375
13180,0.03235294297337532,-2.9803922176361084
13181,0.014215686358511448,-2.5
13182,0.011274510063230991,-2.098039150238037
13183,0.028921568766236305,-1.6102941036224365
13184,0.03235294297337532,-1.1078431606292725
13185,0.019607843831181526,-0.6151960492134094
13186,0.028921568766236305,-0.019607843831181526
13187,0.026960784569382668,0.48774510622024536
13188,0.026960784569382668,1.0
13189,0.02549019642174244,1.590686321258545
13190,0.028431372717022896,2.1715686321258545
13191,0.03529411926865578,2.7401959896087646
13192,0.029901960864663124,3.279411792755127
13193,0.02598039247095585,3.843137264251709
13194,0.03529411926865578,4.379901885986328
13195,0.03235294297337532,4.867647171020508
13196,0.0313725508749485,5.409313678741455
13197,0.021568628028035164,5.865196228027344
13198,0.021078431978821754,6.372549057006836
13199,0.02450980432331562,6.784313678741455
13200,0.0313725508749485,7.171568393707275
13201,0.04901960864663124,7.497549057006836
13202,0.06421568989753723,7.872549057006836
13203,0.02450980432331562,8.10049057006836
13204,0.028921568766236305,8.357843399047852
13205,0.003921568859368563,8.541666984558105
13206,0.0034313725773245096,8.66911792755127
13207,0.030882352963089943,8.745098114013672
13208,-0.01568627543747425,8.799019813537598
13209,0.007352941203862429,8.825980186462402
13210,-0.009313725866377354,8.801470756530762
13211,-0.008333333767950535,8.747549057006836
13212,0.0,8.632352828979492
13213,-0.011274510063230991,8.463234901428223
13214,-0.0029411765281111,8.289216041564941
13215,0.0117647061124444,8.049019813537598
13216,-0.022549020126461983,7.799019813537598
13217,-0.027450980618596077,7.536764621734619
13218,-0.010294117964804173,7.210784435272217
13219,-0.030392156913876534,6.948529243469238
13220,0.2607843279838562,6.600490093231201
13221,-0.39901959896087646,6.154411792755127
13222,-0.9171568751335144,5.735294342041016
13223,0.4156862795352936,5.460784435272217
13224,-0.854411780834198,5.022058963775635
13225,0.10539215803146362,4.703431606292725
13226,-0.16470588743686676,4.31862735748291
13227,-0.08774510025978088,3.8970587253570557
13228,-0.03235294297337532,3.5514705181121826
13229,-0.08137255162000656,3.1102941036224365
13230,-0.02401960827410221,2.713235378265381
13231,-0.0416666679084301,2.2965686321258545
13232,-0.04950980469584465,1.904411792755127
13233,-0.0058823530562222,1.529411792755127
13234,-0.061274509876966476,1.1200979948043823
13235,-0.01715686358511448,0.7303921580314636
13236,-0.036274511367082596,0.3921568691730499
13237,-0.03382353112101555,-0.009803921915590763
13238,-0.03431372717022896,-0.41911765933036804
13239,-0.03970588371157646,-0.8382353186607361
13240,-0.029411764815449715,-1.2328431606292725
13241,-0.02549019642174244,-1.6740195751190186
13242,-0.030392156913876534,-2.0514705181121826
13243,-0.02500000037252903,-2.465686321258545
13244,-0.026960784569382668,-2.867647171020508
13245,-0.02500000037252903,-3.2328431606292725
13246,-0.020098039880394936,-3.6348040103912354
13247,-0.02500000037252903,-4.053921699523926
13248,-0.0313725508749485,-4.436274528503418
13249,-0.03431372717022896,-4.791666507720947
13250,-0.019607843831181526,-5.125
13251,-0.021078431978821754,-5.55637264251709
13252,-0.0235294122248888,-5.879901885986328
13253,-0.022058824077248573,-6.208333492279053
13254,-0.02500000037252903,-6.495098114013672
13255,-0.029411764815449715,-6.784313678741455
13256,-0.0235294122248888,-7.061274528503418
13257,-0.021568628028035164,-7.232842922210693
13258,-0.021078431978821754,-7.450980186462402
13259,-0.019117647781968117,-7.571078300476074
13260,-0.013235294260084629,-7.725490093231201
13261,-0.014705882407724857,-7.808823585510254
13262,-0.006862745154649019,-7.838235378265381
13263,-0.0117647061124444,-7.823529243469238
13264,-0.018137255683541298,-7.759803771972656
13265,-0.00637254910543561,-7.705882549285889
13266,-0.00147058826405555,-7.600490093231201
13267,0.0009803922148421407,-7.44362735748291
13268,0.0024509804788976908,-7.235294342041016
13269,0.010294117964804173,-6.953431606292725
13270,0.008823529817163944,-6.700980186462402
13271,0.009803921915590763,-6.392157077789307
13272,0.021078431978821754,-6.053921699523926
13273,0.0009803922148421407,-5.68137264251709
13274,0.014705882407724857,-5.291666507720947
13275,0.008823529817163944,-4.889705657958984
13276,0.01568627543747425,-4.470588207244873
13277,0.008333333767950535,-3.94362735748291
13278,0.022549020126461983,-3.502450942993164
13279,0.013235294260084629,-3.0441176891326904
13280,0.01568627543747425,-2.5539214611053467
13281,0.022058824077248573,-2.122549057006836
13282,0.010294117964804173,-1.5980392694473267
13283,0.019607843831181526,-1.1495097875595093
13284,0.02598039247095585,-0.6593137383460999
13285,0.009803921915590763,-0.22303920984268188
13286,0.02401960827410221,0.2916666567325592
13287,0.04411764815449715,0.720588207244873
13288,-0.0058823530562222,1.1715686321258545
13289,0.046568628400564194,1.5147058963775635
13290,0.007843137718737125,1.933823585510254
13291,0.01274509821087122,2.276960849761963
13292,0.020588235929608345,2.6642158031463623
13293,0.013725490309298038,3.0416667461395264
13294,0.01715686358511448,3.379901885986328
13295,0.01715686358511448,3.720588207244873
13296,0.0058823530562222,4.071078300476074
13297,0.05539215728640556,4.328431606292725
13298,0.11715686321258545,4.610294342041016
13299,0.5102941393852234,4.933823585510254
13300,-0.2906862795352936,5.176470756530762
13301,0.40833333134651184,5.438725471496582
13302,-0.10245098173618317,5.674019813537598
13303,0.052941177040338516,5.973039150238037
13304,0.08088235557079315,6.178921699523926
13305,0.0009803922148421407,6.446078300476074
13306,0.037745099514722824,6.678921699523926
13307,0.010784314014017582,6.921568393707275
13308,0.0004901961074210703,7.139705657958984
13309,0.02598039247095585,7.375
13310,0.010294117964804173,7.524509906768799
13311,0.00637254910543561,7.732842922210693
13312,0.013235294260084629,7.909313678741455
13313,0.004411764908581972,8.085783958435059
13314,0.0049019609577953815,8.223039627075195
13315,0.007843137718737125,8.328431129455566
13316,0.0029411765281111,8.492647171020508
13317,0.0,8.504901885986328
13318,0.0029411765281111,8.561274528503418
13319,-0.0117647061124444,8.590685844421387
13320,0.0009803922148421407,8.573529243469238
13321,-0.0024509804788976908,8.526960372924805
13322,0.005392157007008791,8.46813678741455
13323,0.0029411765281111,8.34313678741455
13324,-0.013725490309298038,8.20588207244873
13325,-0.014705882407724857,8.019607543945312
13326,-0.01666666753590107,7.813725471496582
13327,-0.01617647148668766,7.514705657958984
13328,-0.01617647148668766,7.227941036224365
13329,-0.022058824077248573,6.93137264251709
13330,-0.02401960827410221,6.585784435272217
13331,-0.028921568766236305,6.245098114013672
13332,-0.028431372717022896,5.838235378265381
13333,-0.029411764815449715,5.438725471496582
13334,-0.028431372717022896,4.941176414489746
13335,-0.02549019642174244,4.558823585510254
13336,-0.027450980618596077,4.031862735748291
13337,-0.021568628028035164,3.558823585510254
13338,-0.0313725508749485,3.0759804248809814
13339,-0.03382353112101555,2.5784313678741455
13340,-0.04068627581000328,2.0710785388946533
13341,-0.00637254910543561,1.5808823108673096
13342,-0.04901960864663124,1.1348038911819458
13343,-0.02500000037252903,0.6372548937797546
13344,-0.04362745210528374,0.1764705926179886
13345,-0.020098039880394936,-0.23529411852359772
13346,-0.030392156913876534,-0.6642156839370728
13347,-0.035784315317869186,-1.0857843160629272
13348,-0.037254903465509415,-1.4534313678741455
13349,-0.03431372717022896,-1.8529411554336548
13350,-0.019117647781968117,-2.1960785388946533
13351,-0.03333333507180214,-2.534313678741455
13352,-0.03235294297337532,-2.875
13353,-0.022058824077248573,-3.1348040103912354
13354,-0.03186274692416191,-3.4166667461395264
13355,0.19656862318515778,-3.6715686321258545
13356,1.2196078300476074,-3.784313678741455
13357,-0.6705882549285889,-4.171568393707275
13358,1.1480392217636108,-4.328431606292725
13359,-0.5357843041419983,-4.588235378265381
13360,0.4377450942993164,-4.833333492279053
13361,-0.13676470518112183,-5.009803771972656
13362,0.06911765038967133,-5.19362735748291
13363,0.062745101749897,-5.379901885986328
13364,-0.0235294122248888,-5.561274528503418
13365,0.023039216175675392,-5.735294342041016
13366,0.013725490309298038,-5.965686321258545
13367,-0.0313725508749485,-6.085784435272217
13368,0.02598039247095585,-6.257352828979492
13369,-0.020098039880394936,-6.377450942993164
13370,-0.0009803922148421407,-6.61274528503418
13371,0.0029411765281111,-6.710784435272217
13372,-0.014705882407724857,-6.860294342041016
13373,0.0,-6.980391979217529
13374,-0.020098039880394936,-7.110294342041016
13375,-0.009313725866377354,-7.196078300476074
13376,-0.010294117964804173,-7.299019813537598
13377,-0.013235294260084629,-7.372549057006836
13378,-0.015196078456938267,-7.424019813537598
13379,-0.0049019609577953815,-7.421568393707275
13380,-0.01764705963432789,-7.446078300476074
13381,-0.006862745154649019,-7.335784435272217
13382,0.004411764908581972,-7.291666507720947
13383,-0.007843137718737125,-7.213235378265381
13384,0.0024509804788976908,-7.051470756530762
13385,0.0024509804788976908,-6.928921699523926
13386,0.0,-6.730391979217529
13387,0.004411764908581972,-6.502450942993164
13388,0.0117647061124444,-6.267157077789307
13389,0.0058823530562222,-5.995098114013672
13390,0.01225490216165781,-5.669117450714111
13391,0.026470588520169258,-5.343137264251709
13392,-0.021078431978821754,-4.970588207244873
13393,0.02549019642174244,-4.61274528503418
13394,0.008333333767950535,-4.218137264251709
13395,0.010294117964804173,-3.7720587253570557
13396,0.018627451732754707,-3.2892158031463623
13397,0.0058823530562222,-2.845588207244873
13398,0.018627451732754707,-2.4264705181121826
13399,0.01715686358511448,-1.9926470518112183
13400,0.013725490309298038,-1.5196079015731812
13401,0.029901960864663124,-1.066176414489746
13402,0.009803921915590763,-0.6078431606292725
13403,0.013235294260084629,-0.19117647409439087
13404,0.018627451732754707,0.2450980395078659
13405,0.022549020126461983,0.6299019455909729
13406,0.02450980432331562,1.0514706373214722
13407,-0.00147058826405555,1.441176414489746
13408,0.028431372717022896,1.7696079015731812
13409,0.011274510063230991,2.127450942993164
13410,0.01764705963432789,2.465686321258545
13411,0.02401960827410221,2.7941176891326904
13412,0.01225490216165781,3.154411792755127
13413,0.0049019609577953815,3.3970587253570557
13414,0.011274510063230991,3.7009804248809814
13415,0.009803921915590763,3.94362735748291
13416,0.006862745154649019,4.11274528503418
13417,-0.0034313725773245096,4.328431606292725
13418,0.019607843831181526,4.61274528503418
13419,-0.0024509804788976908,4.781862735748291
13420,0.02401960827410221,5.009803771972656
13421,0.0009803922148421407,5.218137264251709
13422,0.01715686358511448,5.453431606292725
13423,0.0019607844296842813,5.573529243469238
13424,-0.12745098769664764,5.732842922210693
13425,-0.4960784316062927,5.963235378265381
13426,0.38235294818878174,6.240196228027344
13427,-0.4642156958580017,6.406862735748291
13428,0.2666666805744171,6.625
13429,-0.20392157137393951,6.81862735748291
13430,-0.006862745154649019,7.024509906768799
13431,0.036274511367082596,7.279411792755127
13432,-0.054901961237192154,7.480391979217529
13433,0.029411764815449715,7.639705657958984
13434,-0.045588236302137375,7.803921699523926
13435,0.01568627543747425,7.997549057006836
13436,0.00147058826405555,8.183823585510254
13437,-0.01225490216165781,8.375
13438,-0.0004901961074210703,8.480392456054688
13439,-0.0019607844296842813,8.590685844421387
13440,0.0034313725773245096,8.727941513061523
13441,0.01225490216165781,8.811274528503418
13442,-0.014215686358511448,8.882352828979492
13443,0.0004901961074210703,8.870098114013672
13444,-0.013725490309298038,8.86274528503418
13445,0.0034313725773245096,8.845588684082031
13446,-0.01617647148668766,8.78186321258545
13447,-0.0019607844296842813,8.70588207244873
13448,-0.013235294260084629,8.566176414489746
13449,-0.014215686358511448,8.375
13450,-0.01715686358511448,8.210783958435059
13451,-0.0117647061124444,7.985294342041016
13452,-0.021568628028035164,7.708333492279053
13453,-0.022549020126461983,7.44362735748291
13454,-0.028431372717022896,7.127450942993164
13455,-0.02500000037252903,6.852941036224365
13456,-0.02500000037252903,6.519608020782471
13457,-0.030392156913876534,6.191176414489746
13458,-0.026470588520169258,5.791666507720947
13459,-0.12892156839370728,5.409313678741455
13460,-0.07500000298023224,5.058823585510254
13461,-0.05784313753247261,4.639705657958984
13462,-0.013725490309298038,4.316176414489746
13463,-0.0235294122248888,3.9779412746429443
13464,-0.013235294260084629,3.563725471496582
13465,-0.02500000037252903,3.1789214611053467
13466,-0.0117647061124444,2.879901885986328
13467,-0.02549019642174244,2.492647171020508
13468,-0.027941176667809486,2.1764705181121826
13469,-0.02450980432331562,1.9166666269302368
13470,-0.027450980618596077,1.622549057006836
13471,-0.022058824077248573,1.2990195751190186
13472,-0.021078431978821754,1.002450942993164
13473,-0.020098039880394936,0.7892156839370728
13474,-0.011274510063230991,0.563725471496582
13475,-0.01617647148668766,0.30882352590560913
13476,-0.020098039880394936,0.05637254938483238
13477,-0.01274509821087122,-0.21568627655506134
13478,-0.0117647061124444,-0.4019607901573181
13479,-0.003921568859368563,-0.6397058963775635
13480,-0.022549020126461983,-0.8529411554336548
13481,-0.013235294260084629,-1.058823585510254
13482,-0.02450980432331562,-1.3210784196853638
13483,-0.01568627543747425,-1.531862735748291
13484,-0.014215686358511448,-1.7892156839370728
13485,-0.01274509821087122,-2.0147058963775635
13486,-0.015196078456938267,-2.3014705181121826
13487,-0.0117647061124444,-2.595588207244873
13488,-0.01617647148668766,-2.845588207244873
13489,-0.015196078456938267,-3.156862735748291
13490,-0.022549020126461983,-3.495098114013672
13491,-0.020098039880394936,-3.7598040103912354
13492,-0.022058824077248573,-4.090686321258545
13493,-0.0235294122248888,-4.414215564727783
13494,-0.023039216175675392,-4.705882549285889
13495,-0.02549019642174244,-5.090686321258545
13496,-0.018627451732754707,-5.348039150238037
13497,-0.0117647061124444,-5.683823585510254
13498,-0.02500000037252903,-6.0
13499,-0.01764705963432789,-6.259803771972656
13500,-0.013235294260084629,-6.588235378265381
13501,-0.018627451732754707,-6.828431606292725
13502,-0.021568628028035164,-7.073529243469238
13503,-0.014215686358511448,-7.301470756530762
13504,-0.01764705963432789,-7.433823585510254
13505,-0.013725490309298038,-7.598039150238037
13506,0.0024509804788976908,-7.742647171020508
13507,-0.0019607844296842813,-7.889705657958984
13508,-0.018627451732754707,-7.950980186462402
13509,-0.011274510063230991,-7.997549057006836
13510,-0.004411764908581972,-8.026960372924805
13511,-0.0049019609577953815,-7.997549057006836
13512,0.004411764908581972,-7.94362735748291
13513,0.010294117964804173,-7.855391979217529
13514,0.0019607844296842813,-7.772058963775635
13515,0.004411764908581972,-7.649509906768799
13516,0.0049019609577953815,-7.551470756530762
13517,-0.0024509804788976908,-7.338235378265381
13518,0.004411764908581972,-7.19362735748291
13519,0.008333333767950535,-7.0
13520,0.0019607844296842813,-6.794117450714111
13521,0.007352941203862429,-6.580882549285889
13522,0.004411764908581972,-6.436274528503418
13523,0.0034313725773245096,-6.215686321258545
13524,0.01715686358511448,-6.022058963775635
13525,0.0024509804788976908,-5.803921699523926
13526,0.011274510063230991,-5.598039150238037
13527,0.0034313725773245096,-5.482842922210693
13528,0.0117647061124444,-5.254901885986328
13529,0.0058823530562222,-5.053921699523926
13530,0.015196078456938267,-4.936274528503418
13531,0.007352941203862429,-4.784313678741455
13532,0.003921568859368563,-4.617647171020508
13533,0.0019607844296842813,-4.475490093231201
13534,0.007352941203862429,-4.323529243469238
13535,0.0058823530562222,-4.220588207244873
13536,0.005392157007008791,-4.127450942993164
13537,0.04215686395764351,-4.034313678741455
13538,0.018137255683541298,-3.870098114013672
13539,0.010784314014017582,-3.7622549533843994
13540,0.014705882407724857,-3.561274528503418
13541,0.01715686358511448,-3.406862735748291
13542,0.027450980618596077,-3.281862735748291
13543,0.008823529817163944,-3.093137264251709
13544,0.004411764908581972,-2.9240195751190186
13545,0.007843137718737125,-2.7107841968536377
13546,-0.00147058826405555,-2.4558823108673096
13547,0.006862745154649019,-2.2352941036224365
13548,0.009313725866377354,-1.9313725233078003
13549,0.0049019609577953815,-1.6446079015731812
13550,0.005392157007008791,-1.343137264251709
13551,0.007352941203862429,-1.0392156839370728
13552,0.009313725866377354,-0.6446078419685364
13553,0.0117647061124444,-0.2769607901573181
13554,0.019117647781968117,0.12745098769664764
13555,0.019117647781968117,0.4632352888584137
13556,0.02401960827410221,0.8823529481887817
13557,0.013235294260084629,1.3186274766921997
13558,0.023039216175675392,1.7034313678741455
13559,0.0,2.1151959896087646
13560,0.013725490309298038,2.526960849761963
13561,0.010294117964804173,2.8897058963775635
13562,0.027450980618596077,3.2647058963775635
13563,0.00637254910543561,3.683823585510254
13564,0.019607843831181526,4.029411792755127
13565,0.01274509821087122,4.352941036224365
13566,0.009803921915590763,4.632352828979492
13567,0.006862745154649019,4.909313678741455
13568,0.008823529817163944,5.200980186462402
13569,0.013235294260084629,5.450980186462402
13570,0.01666666753590107,5.629901885986328
13571,0.01568627543747425,5.877450942993164
13572,0.004411764908581972,6.036764621734619
13573,0.0,6.178921699523926
13574,0.008333333767950535,6.299019813537598
13575,0.008333333767950535,6.424019813537598
13576,0.004411764908581972,6.450980186462402
13577,0.00637254910543561,6.534313678741455
13578,0.009803921915590763,6.595588207244873
13579,0.0049019609577953815,6.61274528503418
13580,0.008823529817163944,6.669117450714111
13581,-0.010784314014017582,6.723039150238037
13582,-0.0049019609577953815,6.786764621734619
13583,-0.0009803922148421407,6.791666507720947
13584,-0.0034313725773245096,6.838235378265381
13585,-0.0117647061124444,6.901960849761963
13586,0.008333333767950535,6.909313678741455
13587,0.0024509804788976908,6.985294342041016
13588,-0.00637254910543561,7.044117450714111
13589,-0.003921568859368563,7.125
13590,0.004411764908581972,7.213235378265381
13591,-0.0004901961074210703,7.335784435272217
13592,-0.00147058826405555,7.485294342041016
13593,0.0004901961074210703,7.573529243469238
13594,-0.07598039507865906,7.730391979217529
13595,-0.05000000074505806,7.850490093231201
13596,-0.04313725605607033,7.970588207244873
13597,-0.00637254910543561,8.147058486938477
13598,-0.021078431978821754,8.27450942993164
13599,-0.00637254910543561,8.41911792755127
13600,0.005392157007008791,8.519607543945312
13601,0.0029411765281111,8.625
13602,0.0009803922148421407,8.732843399047852
13603,0.0,8.84313678741455
13604,-0.0019607844296842813,8.860294342041016
13605,0.0058823530562222,8.909314155578613
13606,0.006862745154649019,8.916666984558105
13607,0.0049019609577953815,8.889705657958984
13608,0.0004901961074210703,8.85049057006836
13609,0.0019607844296842813,8.754901885986328
13610,-0.0058823530562222,8.703431129455566
13611,0.01617647148668766,8.573529243469238
13612,-0.0024509804788976908,8.39950942993164
13613,-0.01764705963432789,8.26225471496582
13614,0.0,8.022058486938477
13615,-0.013725490309298038,7.789215564727783
13616,-0.006862745154649019,7.590686321258545
13617,-0.022549020126461983,7.272058963775635
13618,-0.013725490309298038,6.968137264251709
13619,-0.01274509821087122,6.715686321258545
13620,-0.013235294260084629,6.426470756530762
13621,-0.0034313725773245096,6.115196228027344
13622,-0.027450980618596077,5.796568393707275
13623,-0.0117647061124444,5.534313678741455
13624,-0.02401960827410221,5.213235378265381
13625,-0.013725490309298038,4.941176414489746
13626,-0.01666666753590107,4.691176414489746
13627,-0.0117647061124444,4.433823585510254
13628,-0.01764705963432789,4.19362735748291
13629,-0.011274510063230991,4.036764621734619
13630,-0.013235294260084629,3.7647058963775635
13631,-0.01274509821087122,3.5759804248809814
13632,-0.014215686358511448,3.468137264251709
13633,-0.007352941203862429,3.3039214611053467
13634,-0.008823529817163944,3.18137264251709
13635,-0.010294117964804173,3.061274528503418
13636,0.036274511367082596,2.9460785388946533
13637,-0.005392157007008791,2.843137264251709
13638,-0.0034313725773245096,2.774509906768799
13639,-0.0049019609577953815,2.6666667461395264
13640,-0.0058823530562222,2.588235378265381
13641,0.0004901961074210703,2.5122549533843994
13642,-0.00147058826405555,2.401960849761963
13643,-0.0004901961074210703,2.2916667461395264
13644,-0.0009803922148421407,2.223039150238037
13645,-0.007843137718737125,2.0441176891326904
13646,0.0,1.9436274766921997
13647,-0.007843137718737125,1.715686321258545
13648,-0.013235294260084629,1.563725471496582
13649,-0.0004901961074210703,1.345588207244873
13650,-0.01274509821087122,1.0563725233078003
13651,-0.011274510063230991,0.8725489974021912
13652,-0.01764705963432789,0.5784313678741455
13653,-0.013235294260084629,0.26225489377975464
13654,-0.013725490309298038,-0.0416666679084301
13655,-0.011274510063230991,-0.31617647409439087
13656,-0.019607843831181526,-0.7083333134651184
13657,-0.018627451732754707,-1.0735293626785278
13658,-0.022549020126461983,-1.3970588445663452
13659,-0.02401960827410221,-1.7941176891326904
13660,-0.021078431978821754,-2.1127450466156006
13661,-0.030882352963089943,-2.4803922176361084
13662,-0.022058824077248573,-2.882352828979492
13663,-0.03284313902258873,-3.19362735748291
13664,-0.01274509821087122,-3.5147058963775635
13665,-0.007843137718737125,-3.840686321258545
13666,-0.028921568766236305,-4.110294342041016
13667,-0.004411764908581972,-4.389705657958984
13668,-0.020588235929608345,-4.63725471496582
13669,-0.0235294122248888,-4.850490093231201
13670,-0.013235294260084629,-5.041666507720947
13671,-0.02450980432331562,-5.203431606292725
13672,-0.0049019609577953815,-5.335784435272217
13673,-0.015196078456938267,-5.38725471496582
13674,-0.008823529817163944,-5.514705657958984
13675,-0.01274509821087122,-5.575980186462402
13676,-0.007843137718737125,-5.617647171020508
13677,-0.01225490216165781,-5.639705657958984
13678,-0.015196078456938267,-5.61274528503418
13679,0.0,-5.632352828979492
13680,-0.00637254910543561,-5.617647171020508
13681,-0.010294117964804173,-5.566176414489746
13682,0.009313725866377354,-5.551470756530762
13683,-0.008823529817163944,-5.531862735748291
13684,-0.014215686358511448,-5.534313678741455
13685,-0.0034313725773245096,-5.485294342041016
13686,-0.01225490216165781,-5.502450942993164
13687,-0.0058823530562222,-5.553921699523926
13688,0.0,-5.522058963775635
13689,-0.01568627543747425,-5.625
13690,-0.011274510063230991,-5.742647171020508
13691,-0.020098039880394936,-5.848039150238037
13692,-0.03186274692416191,-5.928921699523926
13693,0.0024509804788976908,-6.049019813537598
13694,-0.0235294122248888,-6.191176414489746
13695,-0.0058823530562222,-6.357842922210693
13696,-0.036274511367082596,-6.541666507720947
13697,-0.019117647781968117,-6.752450942993164
13698,-0.0235294122248888,-6.933823585510254
13699,-0.022058824077248573,-7.139705657958984
13700,-0.022549020126461983,-7.311274528503418
13701,-0.022058824077248573,-7.514705657958984
13702,-0.02549019642174244,-7.735294342041016
13703,-0.021078431978821754,-7.838235378265381
13704,-0.015196078456938267,-8.051470756530762
13705,-0.030392156913876534,-8.171568870544434
13706,-0.021568628028035164,-8.323529243469238
13707,0.0019607844296842813,-8.411765098571777
13708,-0.046568628400564194,-8.480392456054688
13709,0.019607843831181526,-8.522058486938477
13710,-0.04019607976078987,-8.48774528503418
13711,0.0,-8.482843399047852
13712,-0.019607843831181526,-8.421568870544434
13713,-0.5088235139846802,-8.365196228027344
13714,1.8730392456054688,-8.066176414489746
13715,-0.7191176414489746,-8.029411315917969
13716,0.8911764621734619,-7.936274528503418
13717,-0.0009803922148421407,-7.671568393707275
13718,0.18039216101169586,-7.558823585510254
13719,0.08039215952157974,-7.333333492279053
13720,0.053921569138765335,-7.075980186462402
13721,0.020588235929608345,-6.877450942993164
13722,0.07696078717708588,-6.651960849761963
13723,-0.015196078456938267,-6.382352828979492
13724,0.054411765187978745,-6.186274528503418
13725,-0.0058823530562222,-5.958333492279053
13726,0.020588235929608345,-5.75
13727,0.021078431978821754,-5.585784435272217
13728,0.0019607844296842813,-5.426470756530762
13729,0.013235294260084629,-5.257352828979492
13730,0.008823529817163944,-5.13725471496582
13731,0.008333333767950535,-5.031862735748291
13732,0.0,-4.953431606292725
13733,-0.01225490216165781,-4.894608020782471
13734,-0.0049019609577953815,-4.889705657958984
13735,-0.0019607844296842813,-4.88725471496582
13736,-0.0029411765281111,-4.852941036224365
13737,-0.0058823530562222,-4.921568393707275
13738,-0.0034313725773245096,-4.950980186462402
13739,-0.00637254910543561,-5.019608020782471
13740,-0.004411764908581972,-5.06862735748291
13741,-0.01715686358511448,-5.129901885986328
13742,-0.007352941203862429,-5.191176414489746
13743,-0.011274510063230991,-5.198529243469238
13744,-0.01568627543747425,-5.264705657958984
13745,-0.009313725866377354,-5.286764621734619
13746,-0.01568627543747425,-5.296568393707275
13747,-0.009313725866377354,-5.296568393707275
13748,0.0004901961074210703,-5.203431606292725
13749,-0.0029411765281111,-5.13725471496582
13750,0.0,-5.058823585510254
13751,-0.0019607844296842813,-4.899509906768799
13752,0.0,-4.772058963775635
13753,-0.00637254910543561,-4.558823585510254
13754,0.00637254910543561,-4.355391979217529
13755,0.008333333767950535,-4.083333492279053
13756,0.0058823530562222,-3.845588207244873
13757,0.0024509804788976908,-3.561274528503418
13758,0.009803921915590763,-3.1985294818878174
13759,0.004411764908581972,-2.9142158031463623
13760,0.01274509821087122,-2.5465686321258545
13761,0.009803921915590763,-2.220588207244873
13762,0.019117647781968117,-1.8700979948043823
13763,0.0034313725773245096,-1.5245097875595093
13764,0.018627451732754707,-1.2254902124404907
13765,0.015196078456938267,-0.8799019455909729
13766,0.011274510063230991,-0.5808823704719543
13767,0.01666666753590107,-0.3112744987010956
13768,0.010294117964804173,-0.04901960864663124
13769,0.009313725866377354,0.19607843458652496
13770,0.0058823530562222,0.4019607901573181
13771,-0.0024509804788976908,0.5686274766921997
13772,0.0058823530562222,0.7377451062202454
13773,-0.008333333767950535,0.8406862616539001
13774,0.15196079015731812,0.9166666865348816
13775,0.6857843399047852,1.0539215803146362
13776,-0.10490196198225021,0.9975489974021912
13777,0.18480391800403595,0.9460784196853638
13778,0.19656862318515778,0.9656862616539001
13779,-0.05980392172932625,0.9338235259056091
13780,0.09313725680112839,0.8848039507865906
13781,0.0573529414832592,0.8333333134651184
13782,-0.02598039247095585,0.7475489974021912
13783,0.062254901975393295,0.7254902124404907
13784,-0.036764707416296005,0.6936274766921997
13785,0.013725490309298038,0.6666666865348816
13786,-0.008823529817163944,0.625
13787,0.0034313725773245096,0.5906862616539001
13788,0.00147058826405555,0.5980392098426819
13789,-0.0009803922148421407,0.6617646813392639
13790,-0.00147058826405555,0.7475489974021912
13791,0.0034313725773245096,0.8676470518112183
13792,0.008333333767950535,1.031862735748291
13793,0.0049019609577953815,1.1617647409439087
13794,0.008823529817163944,1.3480392694473267
13795,0.0004901961074210703,1.6127450466156006
13796,0.0058823530562222,1.875
13797,0.01225490216165781,2.1078431606292725
13798,0.009803921915590763,2.4166667461395264
13799,0.021568628028035164,2.7377450466156006
13800,0.0009803922148421407,3.063725471496582
13801,0.007843137718737125,3.4191176891326904
13802,0.014215686358511448,3.723039150238037
13803,0.011274510063230991,4.078431606292725
13804,0.019607843831181526,4.392157077789307
13805,0.010294117964804173,4.705882549285889
13806,0.014705882407724857,5.058823585510254
13807,0.010294117964804173,5.272058963775635
13808,0.01617647148668766,5.585784435272217
13809,0.019607843831181526,5.772058963775635
13810,0.014705882407724857,5.938725471496582
13811,0.01617647148668766,6.088235378265381
13812,0.0004901961074210703,6.198529243469238
13813,0.010784314014017582,6.279411792755127
13814,-0.004411764908581972,6.372549057006836
13815,0.007843137718737125,6.360294342041016
13816,-0.011274510063230991,6.343137264251709
13817,-0.004411764908581972,6.272058963775635
13818,-0.00147058826405555,6.161764621734619
13819,-0.0009803922148421407,6.090686321258545
13820,-0.013235294260084629,5.94362735748291
13821,-0.009803921915590763,5.80637264251709
13822,-0.009313725866377354,5.69362735748291
13823,-0.0009803922148421407,5.524509906768799
13824,-0.0058823530562222,5.409313678741455
13825,-0.006862745154649019,5.308823585510254
13826,-0.005392157007008791,5.169117450714111
13827,-0.018627451732754707,5.017157077789307
13828,-0.01666666753590107,4.948529243469238
13829,-0.013725490309298038,4.857842922210693
13830,-0.013725490309298038,4.870098114013672
13831,-0.008823529817163944,4.843137264251709
13832,-0.0049019609577953815,4.926470756530762
13833,-0.010784314014017582,5.022058963775635
13834,0.00147058826405555,5.129901885986328
13835,-0.0024509804788976908,5.252450942993164
13836,0.01764705963432789,5.44362735748291
13837,-0.010784314014017582,5.649509906768799
13838,0.019607843831181526,5.877450942993164
13839,-0.004411764908581972,6.183823585510254
13840,0.014215686358511448,6.44362735748291
13841,0.007352941203862429,6.696078300476074
13842,0.023039216175675392,6.990196228027344
13843,-0.009803921915590763,7.313725471496582
13844,0.03921568766236305,7.593137264251709
13845,-0.005392157007008791,7.889705657958984
13846,0.02401960827410221,8.154411315917969
13847,0.09852941334247589,8.379901885986328
13848,-1.576960802078247,8.477941513061523
13849,0.6779412031173706,8.764705657958984
13850,-1.041176438331604,8.941176414489746
13851,0.08676470816135406,9.026960372924805
13852,-0.10196078568696976,9.166666984558105
13853,-0.11421568691730499,9.142156600952148
13854,0.022549020126461983,9.186274528503418
13855,-0.12941177189350128,9.134803771972656
13856,-0.03970588371157646,9.01225471496582
13857,0.03529411926865578,8.916666984558105
13858,-0.09313725680112839,8.786765098571777
13859,0.029411764815449715,8.54411792755127
13860,-0.04411764815449715,8.365196228027344
13861,-0.01274509821087122,8.15686321258545
13862,-0.01764705963432789,7.875
13863,-0.027941176667809486,7.642157077789307
13864,-0.022549020126461983,7.377450942993164
13865,-0.014705882407724857,7.117647171020508
13866,-0.02450980432331562,6.941176414489746
13867,-0.006862745154649019,6.656862735748291
13868,-0.015196078456938267,6.473039150238037
13869,-0.044607844203710556,6.330882549285889
13870,-0.04117647185921669,6.178921699523926
13871,0.0009803922148421407,6.11274528503418
13872,-0.02549019642174244,6.019608020782471
13873,0.0034313725773245096,6.01225471496582
13874,-0.005392157007008791,6.063725471496582
13875,-0.006862745154649019,6.105391979217529
13876,0.0,6.200980186462402
13877,-0.013725490309298038,6.389705657958984
13878,-0.00147058826405555,6.534313678741455
13879,0.0117647061124444,6.75
13880,0.0029411765281111,7.019608020782471
13881,0.008823529817163944,7.210784435272217
13882,0.014215686358511448,7.504901885986328
13883,0.01666666753590107,7.840686321258545
13884,0.021078431978821754,8.06862735748291
13885,0.01666666753590107,8.367647171020508
13886,0.018137255683541298,8.627450942993164
13887,0.04411764815449715,8.897058486938477
13888,-0.02450980432331562,9.088234901428223
13889,0.05049019679427147,9.28186321258545
13890,-0.011274510063230991,9.414216041564941
13891,0.02450980432331562,9.534314155578613
13892,-0.0034313725773245096,9.617647171020508
13893,0.007352941203862429,9.66911792755127
13894,0.004411764908581972,9.549019813537598
13895,-0.011274510063230991,9.55637264251709
13896,0.005392157007008791,9.428921699523926
13897,0.037254903465509415,9.291666984558105
13898,-0.03186274692416191,9.08088207244873
13899,-0.0019607844296842813,8.85049057006836
13900,-0.0058823530562222,8.541666984558105
13901,-0.022058824077248573,8.299019813537598
13902,-0.0024509804788976908,8.007352828979492
13903,-0.013235294260084629,7.602941036224365
13904,-0.019117647781968117,7.279411792755127
13905,-0.0117647061124444,6.950980186462402
13906,-0.018137255683541298,6.654411792755127
13907,-0.0117647061124444,6.321078300476074
13908,-0.020588235929608345,6.039215564727783
13909,-0.021078431978821754,5.786764621734619
13910,-0.01764705963432789,5.526960849761963
13911,-0.022549020126461983,5.274509906768799
13912,-0.01274509821087122,5.198529243469238
13913,-0.003921568859368563,5.061274528503418
13914,0.0,5.024509906768799
13915,-0.022058824077248573,4.98774528503418
13916,0.0,5.06862735748291
13917,-0.0034313725773245096,5.205882549285889
13918,0.0034313725773245096,5.316176414489746
13919,-0.0029411765281111,5.517157077789307
13920,0.20049019157886505,5.735294342041016
13921,0.06323529779911041,5.990196228027344
13922,-0.13284313678741455,6.240196228027344
13923,0.3970588147640228,6.563725471496582
13924,-0.22794117033481598,6.816176414489746
13925,0.23186273872852325,7.107842922210693
13926,-0.07156863063573837,7.438725471496582
13927,0.04019607976078987,7.720588207244873
13928,0.07156863063573837,8.004901885986328
13929,-0.052941177040338516,8.252450942993164
13930,0.04754902049899101,8.436274528503418
13931,0.005392157007008791,8.63725471496582
13932,0.0004901961074210703,8.730392456054688
13933,0.008823529817163944,8.796568870544434
13934,-0.003921568859368563,8.786765098571777
13935,0.0049019609577953815,8.79411792755127
13936,0.008333333767950535,8.664216041564941
13937,-0.007352941203862429,8.51225471496582
13938,-0.0004901961074210703,8.338234901428223
13939,-0.03333333507180214,8.061274528503418
13940,-0.006862745154649019,7.796568393707275
13941,-0.03284313902258873,7.441176414489746
13942,-0.018137255683541298,7.085784435272217
13943,-0.027941176667809486,6.727941036224365
13944,-0.0235294122248888,6.259803771972656
13945,-0.020098039880394936,5.906862735748291
13946,-0.0235294122248888,5.475490093231201
13947,-0.030392156913876534,5.058823585510254
13948,-0.028431372717022896,4.674019813537598
13949,-0.030392156913876534,4.340686321258545
13950,-0.030882352963089943,4.019608020782471
13951,-0.02598039247095585,3.715686321258545
13952,-0.020588235929608345,3.4852941036224365
13953,-0.1196078434586525,3.2965686321258545
13954,-0.05833333358168602,3.186274528503418
13955,-0.061764705926179886,3.1029412746429443
13956,0.005392157007008791,3.1397058963775635
13957,-0.007843137718737125,3.1715686321258545
13958,0.008823529817163944,3.2352941036224365
13959,-0.0024509804788976908,3.441176414489746
13960,0.008823529817163944,3.6151959896087646
13961,-0.0009803922148421407,3.9289214611053467
13962,-0.0004901961074210703,4.169117450714111
13963,0.018627451732754707,4.507352828979492
13964,0.00637254910543561,4.897058963775635
13965,0.018137255683541298,5.26225471496582
13966,0.02549019642174244,5.654411792755127
13967,0.014705882407724857,5.965686321258545
13968,0.019607843831181526,6.343137264251709
13969,0.029901960864663124,6.683823585510254
13970,0.0117647061124444,6.965686321258545
13971,0.03480392321944237,7.200980186462402
13972,0.01568627543747425,7.433823585510254
13973,0.0117647061124444,7.598039150238037
13974,0.003921568859368563,7.68137264251709
13975,-0.0009803922148421407,7.678921699523926
13976,0.005392157007008791,7.708333492279053
13977,-0.00147058826405555,7.580882549285889
13978,-0.011274510063230991,7.473039150238037
13979,-0.00637254910543561,7.242647171020508
13980,-0.010784314014017582,6.933823585510254
13981,-0.014215686358511448,6.627450942993164
13982,-0.015196078456938267,6.213235378265381
13983,-0.019607843831181526,5.811274528503418
13984,-0.02598039247095585,5.350490093231201
13985,-0.020098039880394936,4.901960849761963
13986,-0.03431372717022896,4.394608020782471
13987,-0.029411764815449715,3.8970587253570557
13988,-0.026960784569382668,3.399509906768799
13989,-0.023039216175675392,2.9852941036224365
13990,-0.030882352963089943,2.5220587253570557
13991,-0.0235294122248888,2.149509906768799
13992,-0.02500000037252903,1.8504902124404907
13993,-0.018627451732754707,1.5220588445663452
13994,-0.022058824077248573,1.279411792755127
13995,-0.01274509821087122,1.1617647409439087
13996,-0.018137255683541298,1.034313678741455
13997,-0.007352941203862429,1.0514706373214722
13998,0.005392157007008791,1.093137264251709
13999,-0.0029411765281111,1.1960784196853638
14000,0.0029411765281111,1.409313678741455
14001,0.0024509804788976908,1.6299020051956177
14002,0.0058823530562222,1.9852941036224365
14003,0.014705882407724857,2.281862735748291
14004,0.013235294260084629,2.715686321258545
14005,0.0235294122248888,3.186274528503418
14006,0.022549020126461983,3.627450942993164
14007,0.022549020126461983,4.090686321258545
14008,0.020098039880394936,4.55637264251709
14009,0.019117647781968117,4.98774528503418
14010,0.028431372717022896,5.411764621734619
14011,0.01617647148668766,5.828431606292725
14012,0.019607843831181526,6.186274528503418
14013,0.022549020126461983,6.421568393707275
14014,0.023039216175675392,6.676470756530762
14015,0.009313725866377354,6.81862735748291
14016,0.0,6.914215564727783
14017,0.010294117964804173,6.953431606292725
14018,0.0058823530562222,6.921568393707275
14019,0.003921568859368563,6.732842922210693
14020,-0.00147058826405555,6.524509906768799
14021,-0.0009803922148421407,6.227941036224365
14022,-0.007843137718737125,5.88725471496582
14023,-0.01617647148668766,5.441176414489746
14024,-0.019607843831181526,5.039215564727783
14025,-0.02450980432331562,4.448529243469238
14026,-0.03480392321944237,3.9485294818878174
14027,-0.026470588520169258,3.345588207244873
14028,-0.03480392321944237,2.7598040103912354
14029,-0.022058824077248573,2.1960785388946533
14030,-0.03284313902258873,1.6617647409439087
14031,-0.026470588520169258,1.1397058963775635
14032,-0.036764707416296005,0.6397058963775635
14033,-0.02500000037252903,0.23774509131908417
14034,-0.03382353112101555,-0.15931372344493866
14035,-0.06568627804517746,-0.4803921580314636
14036,-0.03235294297337532,-0.6691176295280457
14037,-0.03529411926865578,-0.8406862616539001
14038,-0.023039216175675392,-0.875
14039,-0.022058824077248573,-0.8700980544090271
14040,-0.019607843831181526,-0.7647058963775635
14041,-0.0029411765281111,-0.531862735748291
14042,-0.004411764908581972,-0.23039215803146362
14043,0.005392157007008791,0.06617647409439087
14044,0.009803921915590763,0.5196078419685364
14045,0.018137255683541298,0.970588207244873
14046,0.009313725866377354,1.5539215803146362
14047,0.021568628028035164,2.05637264251709
14048,0.026470588520169258,2.659313678741455
14049,0.0313725508749485,3.218137264251709
14050,0.027450980618596077,3.786764621734619
14051,0.0235294122248888,4.365196228027344
14052,0.02401960827410221,4.879901885986328
14053,0.030392156913876534,5.370098114013672
14054,0.021078431978821754,5.789215564727783
14055,0.02401960827410221,6.178921699523926
14056,0.018137255683541298,6.389705657958984
14057,0.02500000037252903,6.654411792755127
14058,0.020588235929608345,6.718137264251709
14059,0.00147058826405555,6.683823585510254
14060,0.006862745154649019,6.671568393707275
14061,-0.01666666753590107,6.48774528503418
14062,-0.019607843831181526,6.191176414489746
14063,-0.02450980432331562,5.784313678741455
14064,-0.019117647781968117,5.333333492279053
14065,-0.038235295563936234,4.870098114013672
14066,-0.028431372717022896,4.272058963775635
14067,-0.038235295563936234,3.627450942993164
14068,-0.027941176667809486,2.973039150238037
14069,-0.046568628400564194,2.2598040103912354
14070,-0.037254903465509415,1.6053920984268188
14071,-0.03970588371157646,0.9411764740943909
14072,-0.044607844203710556,0.2720588147640228
14073,-0.04264706000685692,-0.3382352888584137
14074,-0.04068627581000328,-0.9166666865348816
14075,-0.0416666679084301,-1.4166666269302368
14076,-0.036274511367082596,-1.8308823108673096
14077,-0.029411764815449715,-2.183823585510254
14078,-0.020588235929608345,-2.4191176891326904
14079,-0.030392156913876534,-2.5808823108673096
14080,-0.006862745154649019,-2.654411792755127
14081,-0.009313725866377354,-2.5416667461395264
14082,-0.010784314014017582,-2.375
14083,0.003921568859368563,-2.1127450466156006
14084,0.010784314014017582,-1.7426470518112183
14085,0.008333333767950535,-1.311274528503418
14086,0.011274510063230991,-0.7450980544090271
14087,0.01568627543747425,-0.15931372344493866
14088,-0.052941177040338516,0.5343137383460999
14089,-0.0235294122248888,1.1642156839370728
14090,-0.018137255683541298,1.8848038911819458
14091,0.023039216175675392,2.600490093231201
14092,0.009313725866377354,3.3308823108673096
14093,0.018137255683541298,4.05637264251709
14094,0.0416666679084301,4.676470756530762
14095,0.029901960864663124,5.240196228027344
14096,0.030882352963089943,5.789215564727783
14097,0.020098039880394936,6.203431606292725
14098,0.01274509821087122,6.571078300476074
14099,0.015196078456938267,6.852941036224365
14100,0.013725490309298038,6.977941036224365
14101,0.007352941203862429,6.992647171020508
14102,0.00637254910543561,6.914215564727783
14103,0.0004901961074210703,6.700980186462402
14104,-0.03970588371157646,6.365196228027344
14105,-0.045588236302137375,5.982842922210693
14106,0.00147058826405555,5.419117450714111
14107,-0.05539215728640556,4.860294342041016
14108,-0.01568627543747425,4.171568393707275
14109,-0.05245098099112511,3.4460785388946533
14110,-0.03333333507180214,2.6127450466156006
14111,-0.03431372717022896,1.8014706373214722
14112,-0.037745099514722824,1.0171568393707275
14113,-0.04901960864663124,0.13970588147640228
14114,-0.05049019679427147,-0.6176470518112183
14115,-0.0416666679084301,-1.3970588445663452
14116,-0.04313725605607033,-2.0710785388946533
14117,-0.04362745210528374,-2.6642158031463623
14118,-0.02500000037252903,-3.2279412746429443
14119,-0.022549020126461983,-3.6666667461395264
14120,-0.028921568766236305,-3.965686321258545
14121,-0.02450980432331562,-4.156862735748291
14122,-0.01715686358511448,-4.252450942993164
14123,-0.01764705963432789,-4.198529243469238
14124,-0.0029411765281111,-3.9828431606292725
14125,0.0024509804788976908,-3.688725471496582
14126,0.01715686358511448,-3.308823585510254
14127,0.021078431978821754,-2.754901885986328
14128,0.026470588520169258,-2.1348040103912354
14129,0.021078431978821754,-1.4460784196853638
14130,0.03529411926865578,-0.6666666865348816
14131,0.021568628028035164,0.14215686917304993
14132,0.08480392396450043,1.0147058963775635
14133,0.037254903465509415,1.9240195751190186
14134,0.03921568766236305,2.7696077823638916
14135,0.053921569138765335,3.6691176891326904
14136,0.035784315317869186,4.470588207244873
14137,0.045588236302137375,5.225490093231201
14138,0.04068627581000328,5.914215564727783
14139,0.03872549161314964,6.544117450714111
14140,0.03382353112101555,6.973039150238037
14141,0.02450980432331562,7.355391979217529
14142,0.028921568766236305,7.571078300476074
14143,0.01617647148668766,7.698529243469238
14144,0.006862745154649019,7.629901885986328
14145,-0.00147058826405555,7.416666507720947
14146,-0.007843137718737125,7.174019813537598
14147,-0.007352941203862429,6.710784435272217
14148,-0.006862745154649019,6.161764621734619
14149,-0.01568627543747425,5.458333492279053
14150,-0.03186274692416191,4.752450942993164
14151,-0.04313725605607033,3.911764621734619
14152,-0.04068627581000328,2.963235378265381
14153,-0.04754902049899101,2.0147058963775635
14154,-0.05147058889269829,1.0392156839370728
14155,-0.062745101749897,0.09313725680112839
14156,-0.054411765187978745,-0.8848039507865906
14157,-0.04950980469584465,-1.816176414489746
14158,-0.0470588244497776,-2.68137264251709
14159,-0.0416666679084301,-3.44362735748291
14160,-0.045588236302137375,-4.156862735748291
14161,-0.03431372717022896,-4.75
14162,-0.022549020126461983,-5.196078300476074
14163,-0.046568628400564194,-5.51225471496582
14164,-0.013235294260084629,-5.683823585510254
14165,-0.02500000037252903,-5.742647171020508
14166,-0.010784314014017582,-5.629901885986328
14167,-0.004411764908581972,-5.389705657958984
14168,0.0004901961074210703,-5.014705657958984
14169,0.01568627543747425,-4.460784435272217
14170,0.020098039880394936,-3.81862735748291
14171,0.01568627543747425,-3.0147058963775635
14172,0.03333333507180214,-2.1985294818878174
14173,0.04215686395764351,-1.2426470518112183
14174,0.04117647185921669,-0.21568627655506134
14175,0.04754902049899101,0.8088235259056091
14176,0.05637254938483238,1.8504902124404907
14177,0.0470588244497776,2.875
14178,0.044607844203710556,3.870098114013672
14179,0.05147058889269829,4.852941036224365
14180,0.04362745210528374,5.75
14181,0.04019607976078987,6.529411792755127
14182,0.03970588371157646,7.183823585510254
14183,0.03921568766236305,7.772058963775635
14184,0.03529411926865578,8.176470756530762
14185,0.01666666753590107,8.463234901428223
14186,0.020588235929608345,8.578431129455566
14187,0.0034313725773245096,8.48774528503418
14188,-0.026960784569382668,8.311274528503418
14189,-0.009803921915590763,7.975490093231201
14190,-0.038235295563936234,7.475490093231201
14191,-0.022549020126461983,6.81862735748291
14192,-0.03921568766236305,6.036764621734619
14193,-0.04901960864663124,5.18137264251709
14194,-0.05784313753247261,4.223039150238037
14195,-0.0519607849419117,3.1102941036224365
14196,-0.07500000298023224,2.0122549533843994
14197,-0.06421568989753723,0.9093137383460999
14198,-0.06323529779911041,-0.2132352888584137
14199,-0.0833333358168602,-1.3259804248809814
14200,-0.03872549161314964,-2.436274528503418
14201,-0.09264706075191498,-3.4534313678741455
14202,-0.04313725605607033,-4.330882549285889
14203,-0.062745101749897,-5.164215564727783
14204,0.0779411792755127,-5.816176414489746
14205,1.3661764860153198,-6.299019813537598
14206,-1.285784363746643,-6.889705657958984
14207,0.9936274290084839,-7.075980186462402
14208,-0.5352941155433655,-7.13725471496582
14209,0.13333334028720856,-7.085784435272217
14210,-0.007352941203862429,-6.774509906768799
14211,0.06421568989753723,-6.382352828979492
14212,-0.02500000037252903,-5.80637264251709
14213,0.06715686619281769,-5.100490093231201
14214,0.03921568766236305,-4.240196228027344
14215,0.05931372568011284,-3.2990195751190186
14216,0.035784315317869186,-2.2279412746429443
14217,0.053431373089551926,-1.1200979948043823
14218,0.061764705926179886,0.07598039507865906
14219,0.05147058889269829,1.2720588445663452
14220,0.06519608199596405,2.4583332538604736
14221,0.06323529779911041,3.632352828979492
14222,0.07500000298023224,4.757352828979492
14223,0.05049019679427147,5.779411792755127
14224,0.054901961237192154,6.725490093231201
14225,0.05049019679427147,7.549019813537598
14226,0.04264706000685692,8.242647171020508
14227,0.03480392321944237,8.80637264251709
14228,0.029411764815449715,9.154411315917969
14229,0.019117647781968117,9.389705657958984
14230,0.01617647148668766,9.492647171020508
14231,0.0034313725773245096,9.35049057006836
14232,-0.008823529817163944,9.041666984558105
14233,-0.010784314014017582,8.553921699523926
14234,-0.021568628028035164,7.897058963775635
14235,-0.03872549161314964,7.129901885986328
14236,-0.04754902049899101,6.188725471496582
14237,-0.045098040252923965,5.230391979217529
14238,-0.05637254938483238,4.061274528503418
14239,-0.062745101749897,2.8946077823638916
14240,-0.062254901975393295,1.659313678741455
14241,-0.06519608199596405,0.4362744987010956
14242,-0.07990196347236633,-0.811274528503418
14243,-0.06617647409439087,-2.06862735748291
14244,-0.0779411792755127,-3.2352941036224365
14245,-0.06568627804517746,-4.323529243469238
14246,-0.06617647409439087,-5.284313678741455
14247,-0.06715686619281769,-6.151960849761963
14248,-0.04852941259741783,-6.857842922210693
14249,-0.05049019679427147,-7.441176414489746
14250,-0.030882352963089943,-7.830882549285889
14251,-0.038235295563936234,-8.11274528503418
14252,-0.030882352963089943,-8.164216041564941
14253,-0.018137255683541298,-7.995098114013672
14254,-0.018137255683541298,-7.732842922210693
14255,0.007352941203862429,-7.232842922210693
14256,0.010294117964804173,-6.61274528503418
14257,0.0313725508749485,-5.791666507720947
14258,0.030882352963089943,-4.879901885986328
14259,0.04411764815449715,-3.8259804248809814
14260,0.04411764815449715,-2.68137264251709
14261,0.052941177040338516,-1.5122549533843994
14262,0.053921569138765335,-0.2769607901573181
14263,0.061274509876966476,1.031862735748291
14264,0.06470588594675064,2.313725471496582
14265,0.05049019679427147,3.558823585510254
14266,0.05833333358168602,4.764705657958984
14267,0.05980392172932625,5.879901885986328
14268,0.04852941259741783,6.894608020782471
14269,0.05049019679427147,7.789215564727783
14270,0.07058823853731155,8.541666984558105
14271,0.021078431978821754,9.154411315917969
14272,0.04264706000685692,9.558823585510254
14273,0.01666666753590107,9.86274528503418
14274,0.027450980618596077,9.921568870544434
14275,0.009803921915590763,9.816176414489746
14276,0.003921568859368563,9.602941513061523
14277,-0.008333333767950535,9.134803771972656
14278,-0.03235294297337532,8.53186321258545
14279,-0.3127450942993164,7.776960849761963
14280,-0.7436274290084839,6.781862735748291
14281,0.27156862616539,5.833333492279053
14282,-0.48774510622024536,4.678921699523926
14283,0.0416666679084301,3.504901885986328
14284,-0.18333333730697632,2.252450942993164
14285,-0.15931372344493866,0.9926470518112183
14286,-0.06715686619281769,-0.32107841968536377
14287,-0.11666666716337204,-1.5686274766921997
14288,-0.10588235408067703,-2.811274528503418
14289,-0.06372549384832382,-3.899509906768799
14290,-0.09950980544090271,-5.002450942993164
14291,-0.06960784643888474,-5.926470756530762
14292,-0.07107843458652496,-6.710784435272217
14293,-0.05784313753247261,-7.399509906768799
14294,-0.046568628400564194,-7.906862735748291
14295,-0.05098039284348488,-8.264705657958984
14296,-0.03235294297337532,-8.411765098571777
14297,-0.026960784569382668,-8.433823585510254
14298,-0.02598039247095585,-8.20588207244873
14299,0.0,-7.933823585510254
14300,0.0,-7.367647171020508
14301,0.0117647061124444,-6.676470756530762
14302,0.027450980618596077,-5.892157077789307
14303,0.030882352963089943,-4.960784435272217
14304,0.038235295563936234,-3.8602941036224365
14305,0.04068627581000328,-2.7671568393707275
14306,0.045588236302137375,-1.590686321258545
14307,0.053431373089551926,-0.3529411852359772
14308,0.04754902049899101,0.9313725233078003
14309,0.06323529779911041,2.186274528503418
14310,0.05245098099112511,3.367647171020508
14311,0.05833333358168602,4.524509906768799
14312,0.05686274543404579,5.639705657958984
14313,0.054411765187978745,6.588235378265381
14314,0.04803921654820442,7.468137264251709
14315,0.04019607976078987,8.151960372924805
14316,0.037745099514722824,8.848039627075195
14317,0.030882352963089943,9.259803771972656
14318,0.02401960827410221,9.53186321258545
14319,0.021568628028035164,9.651960372924805
14320,0.005392157007008791,9.620098114013672
14321,-0.007843137718737125,9.39950942993164
14322,0.004411764908581972,9.014705657958984
14323,-0.02450980432331562,8.522058486938477
14324,-0.026960784569382668,7.828431606292725
14325,-0.0313725508749485,7.026960849761963
14326,-0.04754902049899101,6.125
14327,-0.05245098099112511,5.110294342041016
14328,-0.04264706000685692,4.017157077789307
14329,-0.05098039284348488,2.879901885986328
14330,-0.07156863063573837,1.752450942993164
14331,-0.05147058889269829,0.531862735748291
14332,-0.0779411792755127,-0.6274510025978088
14333,-0.0676470622420311,-1.808823585510254
14334,-0.08382353186607361,-2.901960849761963
14335,-0.04803921654820442,-3.867647171020508
14336,-0.08235294371843338,-4.801470756530762
14337,-0.05000000074505806,-5.664215564727783
14338,-0.06470588594675064,-6.372549057006836
14339,-0.7397058606147766,-6.990196228027344
14340,1.122549057006836,-7.325980186462402
14341,-0.9122549295425415,-7.654411792755127
14342,0.761274516582489,-7.786764621734619
14343,-0.18480391800403595,-7.698529243469238
14344,0.07500000298023224,-7.705882549285889
14345,0.061274509876966476,-7.286764621734619
14346,-0.06421568989753723,-6.852941036224365
14347,0.06029411777853966,-6.296568393707275
14348,0.04313725605607033,-5.575980186462402
14349,-0.01568627543747425,-4.799019813537598
14350,0.10833333432674408,-3.8357841968536377
14351,-0.010294117964804173,-2.8872549533843994
14352,0.06470588594675064,-1.906862735748291
14353,0.038235295563936234,-0.811274528503418
14354,0.05931372568011284,0.23039215803146362
14355,0.054901961237192154,1.2671568393707275
14356,0.06372549384832382,2.379901885986328
14357,0.053431373089551926,3.406862735748291
14358,0.04901960864663124,4.343137264251709
14359,0.04362745210528374,5.247549057006836
14360,0.04411764815449715,6.029411792755127
14361,0.04950980469584465,6.730391979217529
14362,0.04313725605607033,7.345588207244873
14363,0.030882352963089943,7.811274528503418
14364,0.018137255683541298,8.186274528503418
14365,0.01715686358511448,8.401960372924805
14366,0.010784314014017582,8.46813678741455
14367,-0.01225490216165781,8.453431129455566
14368,0.0058823530562222,8.27450942993164
14369,0.005392157007008791,7.963235378265381
14370,-0.029411764815449715,7.575980186462402
14371,-0.01617647148668766,7.0
14372,-0.04215686395764351,6.38725471496582
14373,-0.044607844203710556,5.661764621734619
14374,-0.04068627581000328,4.850490093231201
14375,-0.05539215728640556,4.009803771972656
14376,-0.05147058889269829,3.093137264251709
14377,-0.05784313753247261,2.1446077823638916
14378,-0.04754902049899101,1.2132352590560913
14379,-0.053431373089551926,0.2181372493505478
14380,-0.09509804099798203,-0.7058823704719543
14381,-0.028431372717022896,-1.6519607305526733
14382,-0.08921568840742111,-2.5
14383,-0.028431372717022896,-3.279411792755127
14384,-0.06078431382775307,-4.041666507720947
14385,-0.03970588371157646,-4.698529243469238
14386,-0.04852941259741783,-5.286764621734619
14387,-0.03872549161314964,-5.725490093231201
14388,-0.03872549161314964,-6.139705657958984
14389,-0.027450980618596077,-6.333333492279053
14390,-0.022549020126461983,-6.539215564727783
14391,-0.01617647148668766,-6.563725471496582
14392,-0.014705882407724857,-6.441176414489746
14393,-0.0117647061124444,-6.252450942993164
14394,0.0029411765281111,-5.997549057006836
14395,-0.0019607844296842813,-5.598039150238037
14396,0.0024509804788976908,-5.11274528503418
14397,0.01666666753590107,-4.531862735748291
14398,0.011274510063230991,-3.8970587253570557
14399,0.027941176667809486,-3.183823585510254
14400,0.03431372717022896,-2.3921568393707275
14401,0.03235294297337532,-1.5882352590560913
14402,0.03382353112101555,-0.7132353186607361
14403,0.04362745210528374,0.06862745434045792
14404,0.04215686395764351,0.9558823704719543
14405,0.046568628400564194,1.8039215803146362
14406,0.030392156913876534,2.6446077823638916
14407,0.04068627581000328,3.406862735748291
14408,0.036274511367082596,4.186274528503418
14409,0.022549020126461983,4.899509906768799
14410,0.17107842862606049,5.524509906768799
14411,0.6215686202049255,6.095588207244873
14412,-0.4387255012989044,6.522058963775635
14413,0.5465686321258545,6.93137264251709
14414,-0.07205882668495178,7.227941036224365
14415,0.10049019753932953,7.394608020782471
14416,0.08284313976764679,7.529411792755127
14417,-0.00147058826405555,7.43137264251709
14418,0.062254901975393295,7.343137264251709
14419,0.014215686358511448,7.215686321258545
14420,-0.04362745210528374,6.850490093231201
14421,0.0313725508749485,6.468137264251709
14422,-0.03382353112101555,5.982842922210693
14423,-0.003921568859368563,5.433823585510254
14424,-0.029411764815449715,4.776960849761963
14425,-0.04901960864663124,4.085784435272217
14426,-0.027450980618596077,3.3578431606292725
14427,-0.03186274692416191,2.5416667461395264
14428,-0.0313725508749485,1.7867647409439087
14429,-0.062745101749897,0.8897058963775635
14430,-0.04754902049899101,0.03186274692416191
14431,-0.05833333358168602,-0.7401960492134094
14432,-0.0519607849419117,-1.6004902124404907
14433,-0.054901961237192154,-2.3529412746429443
14434,-0.046568628400564194,-3.159313678741455
14435,-0.04901960864663124,-3.816176414489746
14436,-0.04411764815449715,-4.465686321258545
14437,-0.04411764815449715,-5.044117450714111
14438,-0.026960784569382668,-5.48774528503418
14439,-0.03431372717022896,-5.901960849761963
14440,-0.03431372717022896,-6.178921699523926
14441,-0.0235294122248888,-6.416666507720947
14442,-0.015196078456938267,-6.524509906768799
14443,-0.010784314014017582,-6.578431606292725
14444,-0.01568627543747425,-6.44362735748291
14445,-0.0029411765281111,-6.257352828979492
14446,0.009803921915590763,-5.914215564727783
14447,0.0117647061124444,-5.534313678741455
14448,0.004411764908581972,-5.031862735748291
14449,-0.009803921915590763,-4.436274528503418
14450,0.009803921915590763,-3.7647058963775635
14451,0.005392157007008791,-3.0122549533843994
14452,0.021568628028035164,-2.19362735748291
14453,0.021568628028035164,-1.3578431606292725
14454,0.029411764815449715,-0.47549018263816833
14455,0.03333333507180214,0.42401960492134094
14456,0.05147058889269829,1.3210784196853638
14457,0.046568628400564194,2.281862735748291
14458,0.04362745210528374,3.120098114013672
14459,0.05049019679427147,4.039215564727783
14460,0.045098040252923965,4.81862735748291
14461,0.04215686395764351,5.585784435272217
14462,0.04411764815449715,6.286764621734619
14463,0.045098040252923965,6.901960849761963
14464,0.026960784569382668,7.38725471496582
14465,0.03284313902258873,7.845588207244873
14466,0.020098039880394936,8.151960372924805
14467,0.021078431978821754,8.365196228027344
14468,0.01568627543747425,8.470588684082031
14469,-0.004411764908581972,8.438725471496582
14470,-0.0004901961074210703,8.333333015441895
14471,-0.010294117964804173,8.046568870544434
14472,-0.014215686358511448,7.683823585510254
14473,-0.01764705963432789,7.176470756530762
14474,-0.019607843831181526,6.622549057006836
14475,-0.0313725508749485,5.88725471496582
14476,-0.03333333507180214,5.129901885986328
14477,-0.0470588244497776,4.284313678741455
14478,-0.0470588244497776,3.370098114013672
14479,-0.053431373089551926,2.4264705181121826
14480,-0.046078432351350784,1.4607843160629272
14481,-0.05000000074505806,0.40931373834609985
14482,-0.05147058889269829,-0.5857843160629272
14483,-0.06372549384832382,-1.5784313678741455
14484,-0.053431373089551926,-2.536764621734619
14485,-0.04901960864663124,-3.4901959896087646
14486,-0.06568627804517746,-4.36274528503418
14487,-0.053431373089551926,-5.134803771972656
14488,-0.036764707416296005,-5.909313678741455
14489,-0.046078432351350784,-6.495098114013672
14490,-0.03970588371157646,-7.063725471496582
14491,-0.03284313902258873,-7.450980186462402
14492,-0.021568628028035164,-7.735294342041016
14493,-0.013725490309298038,-7.867647171020508
14494,-0.0024509804788976908,-7.94362735748291
14495,-0.0004901961074210703,-7.813725471496582
14496,-0.01225490216165781,-7.585784435272217
14497,0.014705882407724857,-7.225490093231201
14498,0.014705882407724857,-6.75
14499,0.01715686358511448,-6.186274528503418
14500,0.020588235929608345,-5.436274528503418
14501,0.03480392321944237,-4.696078300476074
14502,0.04068627581000328,-3.843137264251709
14503,0.037745099514722824,-2.9142158031463623
14504,0.05245098099112511,-1.8897058963775635
14505,0.054901961237192154,-0.8700980544090271
14506,0.0416666679084301,0.14215686917304993
14507,0.05686274543404579,1.284313678741455
14508,0.04901960864663124,2.3284313678741455
14509,0.0573529414832592,3.313725471496582
14510,0.04411764815449715,4.289215564727783
14511,0.054901961237192154,5.227941036224365
14512,0.05245098099112511,6.110294342041016
14513,0.04803921654820442,6.81862735748291
14514,0.04362745210528374,7.561274528503418
14515,0.036274511367082596,8.120098114013672
14516,0.03529411926865578,8.602941513061523
14517,0.028431372717022896,8.90686321258545
14518,0.02450980432331562,9.132352828979492
14519,0.009313725866377354,9.245098114013672
14520,0.01666666753590107,9.183823585510254
14521,-0.007843137718737125,9.004901885986328
14522,0.0009803922148421407,8.745098114013672
14523,-0.015196078456938267,8.335783958435059
14524,-0.05686274543404579,7.823529243469238
14525,-0.021568628028035164,7.186274528503418
14526,-0.018137255683541298,6.473039150238037
14527,-0.036764707416296005,5.654411792755127
14528,-0.03529411926865578,4.769608020782471
14529,-0.0573529414832592,3.8848040103912354
14530,-0.045588236302137375,2.8602941036224365
14531,-0.05980392172932625,1.8627450466156006
14532,-0.05588235333561897,0.8333333134651184
14533,-0.06470588594675064,-0.14950980246067047
14534,-0.06078431382775307,-1.154411792755127
14535,-0.061764705926179886,-2.129901885986328
14536,-0.06372549384832382,-3.0465686321258545
14537,-0.05539215728640556,-3.901960849761963
14538,-0.04901960864663124,-4.642157077789307
14539,-0.04901960864663124,-5.409313678741455
14540,-0.046078432351350784,-6.046568393707275
14541,-0.038235295563936234,-6.524509906768799
14542,-0.04117647185921669,-6.933823585510254
14543,-0.03529411926865578,-7.267157077789307
14544,-0.02598039247095585,-7.438725471496582
14545,-0.01568627543747425,-7.563725471496582
14546,-0.0019607844296842813,-7.480391979217529
14547,-0.019117647781968117,-7.375
14548,0.01715686358511448,-7.100490093231201
14549,-0.008823529817163944,-6.774509906768799
14550,0.022549020126461983,-6.321078300476074
14551,0.009313725866377354,-5.774509906768799
14552,0.014215686358511448,-5.200980186462402
14553,0.026960784569382668,-4.504901885986328
14554,0.029901960864663124,-3.752450942993164
14555,0.02549019642174244,-2.9534313678741455
14556,0.028431372717022896,-2.1127450466156006
14557,0.0313725508749485,-1.2573529481887817
14558,0.04362745210528374,-0.3382352888584137
14559,0.035784315317869186,0.5073529481887817
14560,0.045098040252923965,1.3700979948043823
14561,0.046078432351350784,2.2279412746429443
14562,0.03382353112101555,3.063725471496582
14563,0.037254903465509415,3.9142158031463623
14564,0.03284313902258873,4.610294342041016
14565,0.03284313902258873,5.281862735748291
14566,0.0313725508749485,5.933823585510254
14567,0.03480392321944237,6.458333492279053
14568,0.01617647148668766,6.911764621734619
14569,0.02450980432331562,7.242647171020508
14570,0.0235294122248888,7.585784435272217
14571,0.01617647148668766,7.80637264251709
14572,0.0034313725773245096,7.894608020782471
14573,-0.01666666753590107,7.909313678741455
14574,-0.01274509821087122,7.86274528503418
14575,0.013235294260084629,7.688725471496582
14576,-0.021078431978821754,7.448529243469238
14577,-0.009313725866377354,7.149509906768799
14578,-0.007843137718737125,6.698529243469238
14579,-0.02598039247095585,6.284313678741455
14580,-0.019117647781968117,5.754901885986328
14581,-0.030882352963089943,5.127450942993164
14582,-0.02500000037252903,4.539215564727783
14583,0.036274511367082596,3.8872549533843994
14584,0.014705882407724857,3.1029412746429443
14585,-0.008823529817163944,2.379901885986328
14586,-0.03333333507180214,1.622549057006836
14587,-0.04264706000685692,0.8578431606292725
14588,-0.04068627581000328,0.05637254938483238
14589,-0.05539215728640556,-0.6642156839370728
14590,-0.03970588371157646,-1.4142156839370728
14591,-0.03921568766236305,-2.1789214611053467
14592,-0.046078432351350784,-2.8872549533843994
14593,-0.03235294297337532,-3.504901885986328
14594,-0.03382353112101555,-4.134803771972656
14595,-0.035784315317869186,-4.691176414489746
14596,-0.04117647185921669,-5.171568393707275
14597,-0.023039216175675392,-5.615196228027344
14598,-0.02500000037252903,-6.01225471496582
14599,-0.022058824077248573,-6.272058963775635
14600,-0.0117647061124444,-6.458333492279053
14601,-0.00637254910543561,-6.571078300476074
14602,0.020588235929608345,-6.629901885986328
14603,-0.02500000037252903,-6.622549057006836
14604,0.018627451732754707,-6.522058963775635
14605,0.00637254910543561,-6.272058963775635
14606,0.01274509821087122,-6.002450942993164
14607,0.019117647781968117,-5.642157077789307
14608,0.009313725866377354,-5.235294342041016
14609,0.02401960827410221,-4.759803771972656
14610,0.019607843831181526,-4.151960849761963
14611,0.029411764815449715,-3.566176414489746
14612,0.03382353112101555,-2.816176414489746
14613,0.0313725508749485,-2.1102941036224365
14614,0.0416666679084301,-1.372549057006836
14615,0.01666666753590107,-0.561274528503418
14616,0.045588236302137375,0.28431373834609985
14617,0.038235295563936234,1.0833333730697632
14618,0.037745099514722824,1.9240195751190186
14619,0.03382353112101555,2.718137264251709
14620,0.04215686395764351,3.502450942993164
14621,0.04215686395764351,4.294117450714111
14622,0.037745099514722824,5.039215564727783
14623,0.046568628400564194,5.73774528503418
14624,0.030882352963089943,6.345588207244873
14625,0.037254903465509415,6.882352828979492
14626,0.02500000037252903,7.414215564727783
14627,0.030392156913876534,7.80637264251709
14628,0.03382353112101555,8.139705657958984
14629,0.028431372717022896,8.40686321258545
14630,0.008333333767950535,8.534314155578613
14631,0.014705882407724857,8.573529243469238
14632,0.0004901961074210703,8.54411792755127
14633,0.0029411765281111,8.411765098571777
14634,0.0,8.166666984558105
14635,-0.0009803922148421407,7.786764621734619
14636,-0.020098039880394936,7.399509906768799
14637,-0.027941176667809486,6.86274528503418
14638,-0.02549019642174244,6.257352828979492
14639,-0.02450980432331562,5.531862735748291
14640,-0.03431372717022896,4.828431606292725
14641,-0.036764707416296005,4.0
14642,-0.04313725605607033,3.18137264251709
14643,-0.053431373089551926,2.257352828979492
14644,-0.05049019679427147,1.3627450466156006
14645,-0.05098039284348488,0.4215686321258545
14646,-0.05098039284348488,-0.5
14647,-0.053921569138765335,-1.4166666269302368
14648,-0.05931372568011284,-2.2941176891326904
14649,-0.05637254938483238,-3.1985294818878174
14650,-0.05049019679427147,-4.041666507720947
14651,-0.054411765187978745,-4.835784435272217
14652,-0.04068627581000328,-5.507352828979492
14653,-0.04264706000685692,-6.134803771972656
14654,-0.04901960864663124,-6.669117450714111
14655,-0.03872549161314964,-7.127450942993164
14656,-0.04313725605607033,-7.470588207244873
14657,-0.029901960864663124,-7.769608020782471
14658,-0.029411764815449715,-7.899509906768799
14659,-0.0117647061124444,-7.980391979217529
14660,-0.010294117964804173,-7.882352828979492
14661,-0.007843137718737125,-7.76225471496582
14662,0.0,-7.463235378265381
14663,0.011274510063230991,-7.115196228027344
14664,0.007843137718737125,-6.639705657958984
14665,0.011274510063230991,-6.142157077789307
14666,0.007843137718737125,-5.495098114013672
14667,0.029901960864663124,-4.828431606292725
14668,0.026470588520169258,-4.039215564727783
14669,0.026960784569382668,-3.2892158031463623
14670,0.037254903465509415,-2.3627450466156006
14671,0.044607844203710556,-1.4558823108673096
14672,0.04215686395764351,-0.5539215803146362
14673,0.03529411926865578,0.33578431606292725
14674,0.045098040252923965,1.2279411554336548
14675,0.044607844203710556,2.1397058963775635
14676,0.038235295563936234,3.029411792755127
14677,0.04803921654820442,3.867647171020508
14678,-0.01666666753590107,4.649509906768799
14679,0.062745101749897,5.384803771972656
14680,0.019607843831181526,6.093137264251709
14681,0.035784315317869186,6.69362735748291
14682,0.027941176667809486,7.215686321258545
14683,0.0313725508749485,7.625
14684,0.037254903465509415,8.041666984558105
14685,0.01764705963432789,8.325980186462402
14686,0.009803921915590763,8.463234901428223
14687,0.008333333767950535,8.553921699523926
14688,0.008823529817163944,8.539216041564941
14689,0.003921568859368563,8.47549057006836
14690,0.0,8.316176414489746
14691,-0.015196078456938267,8.017156600952148
14692,-0.015196078456938267,7.705882549285889
14693,-0.04264706000685692,7.210784435272217
14694,-0.010784314014017582,6.813725471496582
14695,-0.054901961237192154,6.257352828979492
14696,-0.03529411926865578,5.644608020782471
14697,-0.03529411926865578,4.953431606292725
14698,0.0049019609577953815,4.25
14699,1.7946078777313232,3.757352828979492
14700,-0.3745098114013672,2.8848040103912354
14701,0.6068627238273621,2.095588207244873
14702,0.16911764442920685,1.4117647409439087
14703,-0.02500000037252903,0.5171568393707275
14704,0.10490196198225021,-0.16421568393707275
14705,0.04754902049899101,-0.9093137383460999
14706,-0.0519607849419117,-1.6715686321258545
14707,0.05882352963089943,-2.3014705181121826
14708,-0.06421568989753723,-3.0196077823638916
14709,0.05686274543404579,-3.6029412746429443
14710,-0.06568627804517746,-4.174019813537598
14711,-0.006862745154649019,-4.678921699523926
14712,-0.011274510063230991,-5.161764621734619
14713,-0.011274510063230991,-5.551470756530762
14714,-0.03186274692416191,-5.936274528503418
14715,-0.008823529817163944,-6.215686321258545
14716,-0.022549020126461983,-6.414215564727783
14717,-0.0058823530562222,-6.56862735748291
14718,-0.019607843831181526,-6.656862735748291
14719,0.0117647061124444,-6.676470756530762
14720,-0.011274510063230991,-6.625
14721,0.0034313725773245096,-6.534313678741455
14722,0.008823529817163944,-6.335784435272217
14723,0.008823529817163944,-6.073529243469238
14724,-0.003921568859368563,-5.757352828979492
14725,0.013725490309298038,-5.350490093231201
14726,0.009313725866377354,-4.963235378265381
14727,0.018627451732754707,-4.490196228027344
14728,0.018627451732754707,-4.019608020782471
14729,0.03382353112101555,-3.465686321258545
14730,0.014705882407724857,-2.7892158031463623
14731,0.023039216175675392,-2.1740195751190186
14732,0.029901960864663124,-1.465686321258545
14733,0.03431372717022896,-0.781862735748291
14734,0.03970588371157646,-0.10049019753932953
14735,0.045588236302137375,0.6102941036224365
14736,0.036274511367082596,1.3553920984268188
14737,0.0313725508749485,2.0808823108673096
14738,0.026470588520169258,2.7647058963775635
14739,0.01666666753590107,3.5147058963775635
14740,0.03186274692416191,4.188725471496582
14741,0.029411764815449715,4.828431606292725
14742,0.03333333507180214,5.453431606292725
14743,0.029411764815449715,6.05637264251709
14744,0.03333333507180214,6.534313678741455
14745,0.03235294297337532,7.017157077789307
14746,0.03186274692416191,7.455882549285889
14747,0.028921568766236305,7.823529243469238
14748,0.007352941203862429,8.066176414489746
14749,0.01225490216165781,8.27450942993164
14750,0.011274510063230991,8.43137264251709
14751,0.00147058826405555,8.46813678741455
14752,0.003921568859368563,8.436274528503418
14753,-0.0058823530562222,8.340685844421387
14754,-0.009313725866377354,8.142156600952148
14755,-0.008333333767950535,7.860294342041016
14756,-0.014215686358511448,7.551470756530762
14757,-0.022058824077248573,7.156862735748291
14758,-0.02598039247095585,6.588235378265381
14759,-0.02500000037252903,6.039215564727783
14760,-0.03529411926865578,5.406862735748291
14761,-0.03480392321944237,4.742647171020508
14762,-0.04264706000685692,4.046568393707275
14763,-0.01715686358511448,3.247549057006836
14764,-0.05882352963089943,2.4289214611053467
14765,-0.037254903465509415,1.6372549533843994
14766,-0.05049019679427147,0.7647058963775635
14767,-0.0416666679084301,-0.0882352963089943
14768,-0.05147058889269829,-0.9411764740943909
14769,-0.046568628400564194,-1.7598038911819458
14770,-0.05147058889269829,-2.593137264251709
14771,-0.046568628400564194,-3.3357841968536377
14772,-0.037745099514722824,-4.132352828979492
14773,-0.044607844203710556,-4.808823585510254
14774,-0.05049019679427147,-5.416666507720947
14775,0.04264706000685692,-6.024509906768799
14776,0.44411763548851013,-6.470588207244873
14777,0.1612745076417923,-6.93137264251709
14778,-0.10980392247438431,-7.345588207244873
14779,0.3127450942993164,-7.544117450714111
14780,-0.1406862735748291,-7.81862735748291
14781,0.07696078717708588,-7.877450942993164
14782,0.0573529414832592,-7.894608020782471
14783,-0.0313725508749485,-7.823529243469238
14784,0.05784313753247261,-7.644608020782471
14785,-0.01764705963432789,-7.375
14786,0.01666666753590107,-7.034313678741455
14787,0.02500000037252903,-6.632352828979492
14788,0.018627451732754707,-6.154411792755127
14789,0.01764705963432789,-5.566176414489746
14790,0.029901960864663124,-5.009803771972656
14791,0.023039216175675392,-4.321078300476074
14792,0.030392156913876534,-3.593137264251709
14793,0.02450980432331562,-2.875
14794,0.03480392321944237,-2.095588207244873
14795,0.027941176667809486,-1.3210784196853638
14796,0.03235294297337532,-0.5196078419685364
14797,0.03284313902258873,0.3284313678741455
14798,0.019607843831181526,1.0980392694473267
14799,0.036274511367082596,1.8578431606292725
14800,0.03872549161314964,2.6078431606292725
14801,0.026470588520169258,3.3872549533843994
14802,0.028921568766236305,4.073529243469238
14803,0.04068627581000328,4.705882549285889
14804,0.022058824077248573,5.360294342041016
14805,0.04901960864663124,5.889705657958984
14806,0.0058823530562222,6.350490093231201
14807,0.0049019609577953815,6.833333492279053
14808,0.03382353112101555,7.242647171020508
14809,0.004411764908581972,7.544117450714111
14810,0.019117647781968117,7.769608020782471
14811,0.013235294260084629,7.953431606292725
14812,0.006862745154649019,8.088234901428223
14813,0.005392157007008791,8.134803771972656
14814,-0.0004901961074210703,8.102941513061523
14815,-0.014705882407724857,8.022058486938477
14816,0.0,7.899509906768799
14817,-0.01666666753590107,7.725490093231201
14818,-0.013725490309298038,7.404411792755127
14819,-0.01617647148668766,7.147058963775635
14820,-0.01568627543747425,6.789215564727783
14821,-0.018627451732754707,6.38725471496582
14822,-0.02549019642174244,5.968137264251709
14823,-0.02401960827410221,5.455882549285889
14824,-0.01617647148668766,4.904411792755127
14825,-0.037745099514722824,4.352941036224365
14826,-0.029901960864663124,3.7622549533843994
14827,-0.037745099514722824,3.213235378265381
14828,-0.045098040252923965,2.593137264251709
14829,-0.019607843831181526,1.9534313678741455
14830,-0.05637254938483238,1.316176414489746
14831,-0.02549019642174244,0.7034313678741455
14832,-0.04215686395764351,0.05882352963089943
14833,-0.829901933670044,-0.6813725233078003
14834,0.3867647051811218,-1.2230392694473267
14835,-0.28823530673980713,-1.843137264251709
14836,-0.1764705926179886,-2.531862735748291
14837,0.2965686321258545,-3.0122549533843994
14838,-0.3171568512916565,-3.683823585510254
14839,0.1558823585510254,-4.134803771972656
14840,-0.1877450942993164,-4.647058963775635
14841,-0.03480392321944237,-5.125
14842,0.026960784569382668,-5.534313678741455
14843,-0.10686274617910385,-5.916666507720947
14844,0.0049019609577953815,-6.23774528503418
14845,-0.05784313753247261,-6.546568393707275
14846,-0.044607844203710556,-6.754901885986328
14847,-0.003921568859368563,-6.911764621734619
14848,-0.03872549161314964,-7.05637264251709
14849,-0.01568627543747425,-7.122549057006836
14850,-0.01617647148668766,-7.100490093231201
14851,-0.011274510063230991,-7.004901885986328
14852,-0.006862745154649019,-6.88725471496582
14853,-0.0049019609577953815,-6.671568393707275
14854,-0.0024509804788976908,-6.428921699523926
14855,0.0034313725773245096,-6.046568393707275
14856,0.00637254910543561,-5.683823585510254
14857,0.00147058826405555,-5.220588207244873
14858,0.00637254910543561,-4.767157077789307
14859,0.01274509821087122,-4.178921699523926
14860,0.02549019642174244,-3.5710785388946533
14861,0.02549019642174244,-2.997549057006836
14862,0.022549020126461983,-2.25
14863,0.028431372717022896,-1.5465686321258545
14864,0.028431372717022896,-0.7867646813392639
14865,0.03382353112101555,-0.04411764815449715
14866,0.02598039247095585,0.7132353186607361
14867,0.07254902273416519,1.4950979948043823
14868,0.0034313725773245096,2.2598040103912354
14869,0.05833333358168602,3.024509906768799
14870,0.029901960864663124,3.7328431606292725
14871,0.053431373089551926,4.495098114013672
14872,0.044607844203710556,5.159313678741455
14873,0.03970588371157646,5.803921699523926
14874,0.0313725508749485,6.414215564727783
14875,0.02500000037252903,6.992647171020508
14876,0.02450980432331562,7.44362735748291
14877,0.014705882407724857,7.828431606292725
14878,0.01764705963432789,8.252450942993164
14879,0.004411764908581972,8.551470756530762
14880,0.011274510063230991,8.78186321258545
14881,0.009313725866377354,8.877450942993164
14882,0.008333333767950535,8.977941513061523
14883,0.0004901961074210703,8.941176414489746
14884,-0.007352941203862429,8.86274528503418
14885,-0.004411764908581972,8.71813678741455
14886,-0.009313725866377354,8.507352828979492
14887,-0.009313725866377354,8.183823585510254
14888,-0.01715686358511448,7.835784435272217
14889,-0.0235294122248888,7.365196228027344
14890,-0.020098039880394936,6.914215564727783
14891,-0.028431372717022896,6.372549057006836
14892,-0.03431372717022896,5.727941036224365
14893,-0.0416666679084301,5.151960849761963
14894,-0.03480392321944237,4.490196228027344
14895,-0.04264706000685692,3.8235294818878174
14896,-0.04215686395764351,3.1372549533843994
14897,-0.04264706000685692,2.372549057006836
14898,-0.04068627581000328,1.6470588445663452
14899,-0.044607844203710556,0.938725471496582
14900,-0.054901961237192154,0.1617647111415863
14901,-0.29950979351997375,-0.5220588445663452
14902,-0.4122548997402191,-1.2107843160629272
14903,0.21176470816135406,-1.8480392694473267
14904,-0.49754902720451355,-2.5171568393707275
14905,0.18970587849617004,-3.1151959896087646
14906,-0.281862735748291,-3.6960785388946533
14907,-0.036764707416296005,-4.218137264251709
14908,-0.04852941259741783,-4.705882549285889
14909,-0.11323529481887817,-5.115196228027344
14910,-0.008823529817163944,-5.509803771972656
14911,-0.05931372568011284,-5.830882549285889
14912,-0.046568628400564194,-6.127450942993164
14913,-0.005392157007008791,-6.414215564727783
14914,-0.04362745210528374,-6.580882549285889
14915,-0.02500000037252903,-6.730391979217529
14916,-0.03382353112101555,-6.803921699523926
14917,-0.007352941203862429,-6.855391979217529
14918,-0.022058824077248573,-6.852941036224365
14919,0.0009803922148421407,-6.813725471496582
14920,-0.009313725866377354,-6.686274528503418
14921,0.006862745154649019,-6.504901885986328
14922,0.0,-6.338235378265381
14923,-0.004411764908581972,-6.078431606292725
14924,-0.0019607844296842813,-5.843137264251709
14925,0.013725490309298038,-5.546568393707275
14926,0.018137255683541298,-5.132352828979492
14927,0.01715686358511448,-4.732842922210693
14928,0.015196078456938267,-4.367647171020508
14929,0.01666666753590107,-3.9142158031463623
14930,0.009803921915590763,-3.4240195751190186
14931,0.011274510063230991,-2.9460785388946533
14932,0.02401960827410221,-2.3627450466156006
14933,0.029411764815449715,-1.845588207244873
14934,0.028431372717022896,-1.2720588445663452
14935,0.022058824077248573,-0.7328431606292725
14936,0.026960784569382668,-0.10049019753932953
14937,0.028921568766236305,0.5171568393707275
14938,0.02549019642174244,1.093137264251709
14939,0.02500000037252903,1.7352941036224365
14940,0.011274510063230991,2.3357841968536377
14941,0.03333333507180214,2.9289214611053467
14942,0.03284313902258873,3.5465686321258545
14943,0.022058824077248573,4.129901885986328
14944,0.018627451732754707,4.730391979217529
14945,0.038235295563936234,5.269608020782471
14946,0.009313725866377354,5.774509906768799
14947,0.06372549384832382,6.294117450714111
14948,0.05098039284348488,6.720588207244873
14949,0.0470588244497776,7.149509906768799
14950,0.03431372717022896,7.504901885986328
14951,0.03480392321944237,7.857842922210693
14952,0.03186274692416191,8.151960372924805
14953,0.026960784569382668,8.38725471496582
14954,0.005392157007008791,8.553921699523926
14955,0.014705882407724857,8.68137264251709
14956,0.005392157007008791,8.73774528503418
14957,0.007352941203862429,8.671568870544434
14958,-0.0034313725773245096,8.634803771972656
14959,0.0034313725773245096,8.490196228027344
14960,-0.01274509821087122,8.286765098571777
14961,0.0024509804788976908,8.039216041564941
14962,-0.013725490309298038,7.678921699523926
14963,-0.013235294260084629,7.274509906768799
14964,-0.028431372717022896,6.88725471496582
14965,-0.01274509821087122,6.370098114013672
14966,-0.03186274692416191,5.848039150238037
14967,-0.018627451732754707,5.232842922210693
14968,-0.02549019642174244,4.627450942993164
14969,-0.028921568766236305,3.968137264251709
14970,-0.04362745210528374,3.257352828979492
14971,-0.036764707416296005,2.5490195751190186
14972,-0.04411764815449715,1.8627450466156006
14973,-0.03382353112101555,1.093137264251709
14974,-0.045588236302137375,0.3946078419685364
14975,-0.03431372717022896,-0.37745097279548645
14976,-0.0416666679084301,-1.090686321258545
14977,-0.04264706000685692,-1.779411792755127
14978,-0.04313725605607033,-2.406862735748291
14979,-0.036764707416296005,-3.066176414489746
14980,-0.03921568766236305,-3.69362735748291
14981,-0.03921568766236305,-4.254901885986328
14982,-0.037745099514722824,-4.840686321258545
14983,-0.037745099514722824,-5.245098114013672
14984,-0.030392156913876534,-5.730391979217529
14985,-0.018137255683541298,-6.132352828979492
14986,-0.03970588371157646,-6.485294342041016
14987,-0.02598039247095585,-6.757352828979492
14988,-0.027941176667809486,-6.948529243469238
14989,-0.01715686358511448,-7.147058963775635
14990,-0.010294117964804173,-7.223039150238037
14991,-0.0117647061124444,-7.299019813537598
14992,-0.009313725866377354,-7.308823585510254
14993,-0.01666666753590107,-7.274509906768799
14994,-0.010294117964804173,-7.174019813537598
14995,0.0,-6.973039150238037
14996,-0.004411764908581972,-6.843137264251709
14997,0.0034313725773245096,-6.600490093231201
14998,0.003921568859368563,-6.296568393707275
14999,0.01225490216165781,-5.965686321258545
15000,0.011274510063230991,-5.654411792755127
15001,0.008333333767950535,-5.254901885986328
15002,0.010294117964804173,-4.86274528503418
15003,0.018137255683541298,-4.455882549285889
15004,0.02549019642174244,-3.975490093231201
15005,0.01764705963432789,-3.5147058963775635
15006,0.01666666753590107,-3.0196077823638916
15007,0.015196078456938267,-2.5147058963775635
15008,0.0117647061124444,-2.026960849761963
15009,0.03284313902258873,-1.534313678741455
15010,0.026960784569382668,-0.968137264251709
15011,0.01568627543747425,-0.4166666567325592
15012,0.01764705963432789,0.1200980395078659
15013,0.035784315317869186,0.6176470518112183
15014,0.020098039880394936,1.159313678741455
15015,0.027941176667809486,1.6715686321258545
15016,0.030392156913876534,2.242647171020508
15017,0.04411764815449715,2.8039214611053467
15018,0.014705882407724857,3.286764621734619
15019,0.03235294297337532,3.7916667461395264
15020,0.018627451732754707,4.281862735748291
15021,0.020588235929608345,4.752450942993164
15022,0.0313725508749485,5.186274528503418
15023,0.02598039247095585,5.639705657958984
15024,0.027450980618596077,6.044117450714111
15025,0.02500000037252903,6.465686321258545
15026,0.020588235929608345,6.803921699523926
15027,0.01666666753590107,7.174019813537598
15028,0.019117647781968117,7.44362735748291
15029,0.013235294260084629,7.757352828979492
15030,0.014215686358511448,8.014705657958984
15031,0.01225490216165781,8.210783958435059
15032,0.0019607844296842813,8.333333015441895
15033,0.0049019609577953815,8.436274528503418
15034,0.0,8.502450942993164
15035,0.0024509804788976908,8.482843399047852
15036,0.037745099514722824,8.463234901428223
15037,-0.009803921915590763,8.379901885986328
15038,-0.010784314014017582,8.21813678741455
15039,0.0009803922148421407,7.98774528503418
15040,-0.02450980432331562,7.715686321258545
15041,0.0034313725773245096,7.416666507720947
15042,-0.013725490309298038,7.115196228027344
15043,-0.011274510063230991,6.669117450714111
15044,-0.01617647148668766,6.18137264251709
15045,-0.026470588520169258,5.715686321258545
15046,-0.026470588520169258,5.19362735748291
15047,-0.0313725508749485,4.620098114013672
15048,-0.03382353112101555,3.9877450466156006
15049,-0.030882352963089943,3.404411792755127
15050,-0.03333333507180214,2.7720587253570557
15051,-0.0313725508749485,2.0759804248809814
15052,-0.046568628400564194,1.375
15053,-0.0416666679084301,0.7279411554336548
15054,-0.03333333507180214,0.029411764815449715
15055,-0.0313725508749485,-0.6274510025978088
15056,-0.04852941259741783,-1.316176414489746
15057,-0.046568628400564194,-1.9950979948043823
15058,-0.04068627581000328,-2.6446077823638916
15059,-0.046568628400564194,-3.2401959896087646
15060,-0.036764707416296005,-3.779411792755127
15061,-0.03872549161314964,-4.350490093231201
15062,-0.03235294297337532,-4.857842922210693
15063,-0.04852941259741783,-5.303921699523926
15064,-0.08382353186607361,-5.705882549285889
15065,-0.009803921915590763,-6.075980186462402
15066,-0.05245098099112511,-6.43137264251709
15067,-0.0416666679084301,-6.686274528503418
15068,-0.026960784569382668,-6.899509906768799
15069,-0.02500000037252903,-7.093137264251709
15070,-0.02401960827410221,-7.186274528503418
15071,-0.020588235929608345,-7.321078300476074
15072,-0.020098039880394936,-7.345588207244873
15073,-0.0117647061124444,-7.294117450714111
15074,-0.011274510063230991,-7.286764621734619
15075,-0.01225490216165781,-7.139705657958984
15076,-0.008823529817163944,-7.007352828979492
15077,-0.004411764908581972,-6.833333492279053
15078,-0.0004901961074210703,-6.617647171020508
15079,0.007843137718737125,-6.370098114013672
15080,-0.1039215698838234,-6.061274528503418
15081,0.0019607844296842813,-5.759803771972656
15082,-0.02401960827410221,-5.490196228027344
15083,0.03529411926865578,-5.063725471496582
15084,0.014705882407724857,-4.754901885986328
15085,0.0029411765281111,-4.379901885986328
15086,0.021078431978821754,-3.933823585510254
15087,0.020098039880394936,-3.534313678741455
15088,0.01764705963432789,-3.1151959896087646
15089,0.014215686358511448,-2.651960849761963
15090,0.02401960827410221,-2.2083332538604736
15091,0.018627451732754707,-1.7328431606292725
15092,0.037745099514722824,-1.2647058963775635
15093,0.01274509821087122,-0.779411792755127
15094,0.023039216175675392,-0.30392158031463623
15095,0.013725490309298038,0.13725490868091583
15096,0.02401960827410221,0.6764705777168274
15097,0.027941176667809486,1.1740195751190186
15098,0.026470588520169258,1.622549057006836
15099,0.02401960827410221,2.1446077823638916
15100,0.03235294297337532,2.661764621734619
15101,0.018137255683541298,3.1348040103912354
15102,0.03333333507180214,3.625
15103,0.022549020126461983,4.115196228027344
15104,0.027941176667809486,4.553921699523926
15105,0.02598039247095585,5.044117450714111
15106,0.028921568766236305,5.5
15107,0.01617647148668766,5.93137264251709
15108,0.027450980618596077,6.375
15109,0.01617647148668766,6.759803771972656
15110,0.018627451732754707,7.063725471496582
15111,0.018137255683541298,7.453431606292725
15112,0.013725490309298038,7.713235378265381
15113,0.020588235929608345,8.007352828979492
15114,0.007352941203862429,8.230392456054688
15115,0.00637254910543561,8.414216041564941
15116,0.010784314014017582,8.598039627075195
15117,0.010294117964804173,8.683823585510254
15118,0.0049019609577953815,8.79411792755127
15119,0.0049019609577953815,8.75
15120,0.005392157007008791,8.757352828979492
15121,0.0019607844296842813,8.642156600952148
15122,-0.010294117964804173,8.5
15123,-0.009313725866377354,8.340685844421387
15124,-0.0049019609577953815,8.083333015441895
15125,-0.027941176667809486,7.786764621734619
15126,-0.01666666753590107,7.460784435272217
15127,-0.019607843831181526,7.088235378265381
15128,-0.019117647781968117,6.678921699523926
15129,-0.02401960827410221,6.279411792755127
15130,-0.023039216175675392,5.796568393707275
15131,-0.022549020126461983,5.218137264251709
15132,-0.03431372717022896,4.661764621734619
15133,-0.023039216175675392,4.122549057006836
15134,-0.03333333507180214,3.492647171020508
15135,-0.030882352963089943,2.8872549533843994
15136,-0.04754902049899101,2.3210785388946533
15137,-0.035784315317869186,1.6985293626785278
15138,-0.0313725508749485,1.0710784196853638
15139,-0.037254903465509415,0.4828431308269501
15140,-0.0313725508749485,-0.11519607901573181
15141,-0.04362745210528374,-0.6985294222831726
15142,-0.04215686395764351,-1.316176414489746
15143,-0.03333333507180214,-1.8259804248809814
15144,-0.03480392321944237,-2.3284313678741455
15145,-0.05049019679427147,-2.8627450466156006
15146,-0.022549020126461983,-3.3897058963775635
15147,-0.03186274692416191,-3.8014705181121826
15148,-0.027941176667809486,-4.203431606292725
15149,-0.02500000037252903,-4.585784435272217
15150,-0.027450980618596077,-4.975490093231201
15151,-0.026960784569382668,-5.235294342041016
15152,-0.010784314014017582,-5.534313678741455
15153,-0.01617647148668766,-5.816176414489746
15154,-0.027450980618596077,-6.058823585510254
15155,-0.018627451732754707,-6.230391979217529
15156,-0.01764705963432789,-6.377450942993164
15157,-0.021078431978821754,-6.55637264251709
15158,-0.014215686358511448,-6.639705657958984
15159,-0.00637254910543561,-6.686274528503418
15160,-0.01274509821087122,-6.764705657958984
15161,-0.011274510063230991,-6.781862735748291
15162,-0.02450980432331562,-6.776960849761963
15163,-0.013725490309298038,-6.767157077789307
15164,-0.01274509821087122,-6.688725471496582
15165,-0.0009803922148421407,-6.664215564727783
15166,-0.0004901961074210703,-6.583333492279053
15167,-0.00637254910543561,-6.492647171020508
15168,0.0034313725773245096,-6.345588207244873
15169,-0.0034313725773245096,-6.149509906768799
15170,0.014705882407724857,-5.997549057006836
15171,0.003921568859368563,-5.828431606292725
15172,0.04264706000685692,-5.580882549285889
15173,0.04362745210528374,-5.330882549285889
15174,0.019607843831181526,-5.073529243469238
15175,0.01568627543747425,-4.823529243469238
15176,0.018627451732754707,-4.48774528503418
15177,0.021078431978821754,-4.125
15178,0.008823529817163944,-3.7965686321258545
15179,0.021078431978821754,-3.382352828979492
15180,0.018137255683541298,-2.9803922176361084
15181,0.015196078456938267,-2.55637264251709
15182,0.01568627543747425,-2.098039150238037
15183,0.009313725866377354,-1.6372549533843994
15184,0.01715686358511448,-1.1348038911819458
15185,0.022549020126461983,-0.5980392098426819
15186,0.014215686358511448,-0.05637254938483238
15187,0.01666666753590107,0.4852941036224365
15188,0.037745099514722824,1.002450942993164
15189,0.013725490309298038,1.6323529481887817
15190,0.03382353112101555,2.191176414489746
15191,-0.7745097875595093,2.6446077823638916
15192,-0.9269607663154602,3.1985294818878174
15193,0.697549045085907,3.8357841968536377
15194,-0.9995098114013672,4.30637264251709
15195,0.3911764621734619,4.914215564727783
15196,-0.2029411792755127,5.38725471496582
15197,0.03480392321944237,5.892157077789307
15198,-0.014215686358511448,6.330882549285889
15199,-0.05833333358168602,6.752450942993164
15200,0.035784315317869186,7.183823585510254
15201,-0.0034313725773245096,7.55637264251709
15202,-0.010294117964804173,7.857842922210693
15203,0.010784314014017582,8.115196228027344
15204,-0.020098039880394936,8.28186321258545
15205,0.014215686358511448,8.477941513061523
15206,-0.005392157007008791,8.703431129455566
15207,-0.0117647061124444,8.75
15208,-0.0004901961074210703,8.786765098571777
15209,-0.007352941203862429,8.838234901428223
15210,-0.004411764908581972,8.821078300476074
15211,0.0029411765281111,8.710783958435059
15212,-0.007843137718737125,8.59313678741455
15213,-0.0029411765281111,8.485294342041016
15214,-0.008333333767950535,8.296568870544434
15215,-0.0058823530562222,8.053921699523926
15216,-0.006862745154649019,7.794117450714111
15217,-0.01715686358511448,7.553921699523926
15218,-0.009313725866377354,7.259803771972656
15219,-0.022058824077248573,6.911764621734619
15220,-0.022549020126461983,6.583333492279053
15221,-0.020588235929608345,6.227941036224365
15222,-0.03235294297337532,5.882352828979492
15223,-0.0235294122248888,5.480391979217529
15224,-0.021568628028035164,5.110294342041016
15225,-0.03921568766236305,4.705882549285889
15226,-0.021568628028035164,4.328431606292725
15227,-0.026960784569382668,3.936274528503418
15228,-0.037254903465509415,3.526960849761963
15229,-0.02450980432331562,3.1053922176361084
15230,-0.029411764815449715,2.7083332538604736
15231,-0.021568628028035164,2.3553922176361084
15232,-0.026470588520169258,1.968137264251709
15233,-0.026470588520169258,1.5465686321258545
15234,-0.0235294122248888,1.1519607305526733
15235,-0.022058824077248573,0.7426470518112183
15236,-0.02500000037252903,0.3382352888584137
15237,-0.027450980618596077,-0.04901960864663124
15238,-0.023039216175675392,-0.45588234066963196
15239,-0.018137255683541298,-0.8357843160629272
15240,-0.021078431978821754,-1.2401961088180542
15241,-0.022058824077248573,-1.6519607305526733
15242,-0.022549020126461983,-2.117647171020508
15243,-0.023039216175675392,-2.5122549533843994
15244,-0.027450980618596077,-2.877450942993164
15245,-0.018627451732754707,-3.2303922176361084
15246,-0.028431372717022896,-3.6470587253570557
15247,-0.036274511367082596,-4.06862735748291
15248,-0.02598039247095585,-4.426470756530762
15249,-0.028921568766236305,-4.803921699523926
15250,-0.0313725508749485,-5.186274528503418
15251,-0.0519607849419117,-5.561274528503418
15252,0.003921568859368563,-5.870098114013672
15253,-0.05147058889269829,-6.191176414489746
15254,-0.010294117964804173,-6.507352828979492
15255,-0.045588236302137375,-6.759803771972656
15256,-0.4436274468898773,-7.090686321258545
15257,-0.5004901885986328,-7.276960849761963
15258,0.20931372046470642,-7.419117450714111
15259,-0.4210784435272217,-7.63725471496582
15260,0.12352941185235977,-7.727941036224365
15261,-0.16813725233078003,-7.808823585510254
15262,-0.10294117778539658,-7.855391979217529
15263,0.011274510063230991,-7.843137264251709
15264,-0.05833333358168602,-7.786764621734619
15265,-0.029411764815449715,-7.723039150238037
15266,-0.01225490216165781,-7.593137264251709
15267,-0.018627451732754707,-7.421568393707275
15268,0.0019607844296842813,-7.230391979217529
15269,-0.018137255683541298,-6.968137264251709
15270,-0.013725490309298038,-6.710784435272217
15271,0.013235294260084629,-6.419117450714111
15272,-0.015196078456938267,-6.053921699523926
15273,0.0470588244497776,-5.676470756530762
15274,0.008333333767950535,-5.272058963775635
15275,0.019607843831181526,-4.860294342041016
15276,0.020588235929608345,-4.448529243469238
15277,0.005392157007008791,-3.965686321258545
15278,0.021568628028035164,-3.5392158031463623
15279,0.011274510063230991,-3.0539214611053467
15280,0.022549020126461983,-2.5710785388946533
15281,0.022549020126461983,-2.0710785388946533
15282,0.015196078456938267,-1.6421568393707275
15283,0.014705882407724857,-1.1470588445663452
15284,0.009313725866377354,-0.686274528503418
15285,0.026960784569382668,-0.2181372493505478
15286,0.021568628028035164,0.26225489377975464
15287,0.011274510063230991,0.7132353186607361
15288,0.021078431978821754,1.1299020051956177
15289,0.013235294260084629,1.5220588445663452
15290,0.01617647148668766,1.9264706373214722
15291,0.018137255683541298,2.3039214611053467
15292,0.018137255683541298,2.6789214611053467
15293,0.019117647781968117,3.031862735748291
15294,0.020588235929608345,3.3921568393707275
15295,0.013235294260084629,3.6740195751190186
15296,0.015196078456938267,4.041666507720947
15297,0.01568627543747425,4.330882549285889
15298,0.019607843831181526,4.642157077789307
15299,0.0034313725773245096,4.906862735748291
15300,-0.005392157007008791,5.174019813537598
15301,0.036274511367082596,5.421568393707275
15302,-0.010294117964804173,5.710784435272217
15303,0.014705882407724857,5.990196228027344
15304,0.01274509821087122,6.196078300476074
15305,-0.0019607844296842813,6.470588207244873
15306,0.010294117964804173,6.727941036224365
15307,0.008333333767950535,6.914215564727783
15308,0.009803921915590763,7.122549057006836
15309,0.01274509821087122,7.330882549285889
15310,0.011274510063230991,7.541666507720947
15311,0.023039216175675392,7.732842922210693
15312,-0.007843137718737125,7.879901885986328
15313,0.010294117964804173,8.110294342041016
15314,-0.01274509821087122,8.210783958435059
15315,0.014215686358511448,8.30637264251709
15316,0.0024509804788976908,8.41911792755127
15317,-0.009313725866377354,8.55637264251709
15318,0.0004901961074210703,8.558823585510254
15319,-0.0019607844296842813,8.566176414489746
15320,0.0034313725773245096,8.575980186462402
15321,-0.006862745154649019,8.522058486938477
15322,-0.01225490216165781,8.44362735748291
15323,0.0,8.323529243469238
15324,-0.010294117964804173,8.186274528503418
15325,0.11176470667123795,8.02450942993164
15326,0.6622549295425415,7.855391979217529
15327,-0.9769607782363892,7.490196228027344
15328,1.0333333015441895,7.286764621734619
15329,-1.006862759590149,6.892157077789307
15330,0.4676470458507538,6.551470756530762
15331,-0.27303922176361084,6.230391979217529
15332,0.09607843309640884,5.808823585510254
15333,-0.01274509821087122,5.404411792755127
15334,-0.07058823853731155,4.897058963775635
15335,0.01274509821087122,4.480391979217529
15336,-0.008333333767950535,4.031862735748291
15337,-0.0676470622420311,3.5539214611053467
15338,0.0034313725773245096,3.0735294818878174
15339,-0.05000000074505806,2.55637264251709
15340,-0.01617647148668766,2.066176414489746
15341,-0.022058824077248573,1.5980392694473267
15342,-0.03333333507180214,1.1151961088180542
15343,-0.01225490216165781,0.6323529481887817
15344,-0.02549019642174244,0.1715686321258545
15345,-0.04117647185921669,-0.27450981736183167
15346,-0.035784315317869186,-0.6740196347236633
15347,-0.03872549161314964,-1.1323529481887817
15348,-0.026960784569382668,-1.4607843160629272
15349,-0.029411764815449715,-1.877450942993164
15350,-0.0313725508749485,-2.242647171020508
15351,-0.018627451732754707,-2.5465686321258545
15352,-0.022549020126461983,-2.8946077823638916
15353,-0.019117647781968117,-3.149509906768799
15354,-0.030392156913876534,-3.4485294818878174
15355,-0.019607843831181526,-3.723039150238037
15356,-0.01225490216165781,-3.9583332538604736
15357,-0.02500000037252903,-4.166666507720947
15358,-0.01617647148668766,-4.406862735748291
15359,-0.018137255683541298,-4.625
15360,-0.02500000037252903,-4.821078300476074
15361,-0.007843137718737125,-5.009803771972656
15362,-0.044607844203710556,-5.215686321258545
15363,-0.0117647061124444,-5.43137264251709
15364,-0.021568628028035164,-5.590686321258545
15365,0.0,-5.727941036224365
15366,-0.02598039247095585,-5.948529243469238
15367,-0.0004901961074210703,-6.088235378265381
15368,-0.02401960827410221,-6.284313678741455
15369,-0.01666666753590107,-6.416666507720947
15370,-0.014215686358511448,-6.566176414489746
15371,-0.01225490216165781,-6.705882549285889
15372,-0.003921568859368563,-6.838235378265381
15373,-0.01666666753590107,-7.022058963775635
15374,-0.01666666753590107,-7.102941036224365
15375,-0.015196078456938267,-7.225490093231201
15376,-0.011274510063230991,-7.25
15377,-0.01617647148668766,-7.345588207244873
15378,-0.018137255683541298,-7.404411792755127
15379,-0.009313725866377354,-7.382352828979492
15380,0.0,-7.382352828979492
15381,-0.0034313725773245096,-7.379901885986328
15382,-0.008333333767950535,-7.30637264251709
15383,-0.005392157007008791,-7.188725471496582
15384,0.0009803922148421407,-7.073529243469238
15385,-0.00147058826405555,-6.909313678741455
15386,-0.004411764908581972,-6.715686321258545
15387,0.008823529817163944,-6.502450942993164
15388,0.0034313725773245096,-6.281862735748291
15389,-0.00637254910543561,-5.990196228027344
15390,0.009313725866377354,-5.700980186462402
15391,0.009313725866377354,-5.340686321258545
15392,0.007843137718737125,-5.004901885986328
15393,0.011274510063230991,-4.593137264251709
15394,-0.028921568766236305,-4.188725471496582
15395,-0.4176470637321472,-3.838235378265381
15396,0.32058823108673096,-3.3259804248809814
15397,-0.3553921580314636,-2.911764621734619
15398,0.09656862914562225,-2.4558823108673096
15399,0.007843137718737125,-2.0147058963775635
15400,-0.12205882370471954,-1.5759804248809814
15401,0.06666667014360428,-1.093137264251709
15402,0.00147058826405555,-0.6446078419685364
15403,-0.0019607844296842813,-0.20098039507865906
15404,0.05147058889269829,0.25245097279548645
15405,-0.03333333507180214,0.6936274766921997
15406,0.05539215728640556,1.0710784196853638
15407,0.006862745154649019,1.3995097875595093
15408,0.00637254910543561,1.8235293626785278
15409,0.01666666753590107,2.1740195751190186
15410,0.010294117964804173,2.492647171020508
15411,0.008333333767950535,2.7916667461395264
15412,0.019117647781968117,3.1421568393707275
15413,0.0,3.370098114013672
15414,0.020588235929608345,3.6764705181121826
15415,0.0117647061124444,3.906862735748291
15416,0.014705882407724857,4.088235378265381
15417,0.0004901961074210703,4.367647171020508
15418,0.004411764908581972,4.595588207244873
15419,0.019117647781968117,4.776960849761963
15420,0.014215686358511448,5.034313678741455
15421,-0.0024509804788976908,5.227941036224365
15422,0.005392157007008791,5.44362735748291
15423,0.01274509821087122,5.580882549285889
15424,0.0,5.799019813537598
15425,0.009313725866377354,6.031862735748291
15426,0.006862745154649019,6.218137264251709
15427,0.0019607844296842813,6.424019813537598
15428,0.003921568859368563,6.588235378265381
15429,0.013235294260084629,6.816176414489746
15430,0.0024509804788976908,7.041666507720947
15431,0.0024509804788976908,7.196078300476074
15432,0.0029411765281111,7.458333492279053
15433,0.0049019609577953815,7.651960849761963
15434,-0.0034313725773245096,7.848039150238037
15435,0.0058823530562222,7.98774528503418
15436,0.004411764908581972,8.19362735748291
15437,-0.0009803922148421407,8.328431129455566
15438,-0.0019607844296842813,8.477941513061523
15439,0.007352941203862429,8.620098114013672
15440,-0.03186274692416191,8.730392456054688
15441,0.04215686395764351,8.808823585510254
15442,0.0313725508749485,8.83088207244873
15443,0.026470588520169258,8.909314155578613
15444,0.023039216175675392,8.884803771972656
15445,0.008333333767950535,8.833333015441895
15446,0.005392157007008791,8.757352828979492
15447,0.008333333767950535,8.671568870544434
15448,0.008333333767950535,8.551470756530762
15449,-0.0019607844296842813,8.394607543945312
15450,0.0024509804788976908,8.191176414489746
15451,-0.014705882407724857,7.911764621734619
15452,-0.0029411765281111,7.710784435272217
15453,-0.004411764908581972,7.463235378265381
15454,-0.01764705963432789,7.139705657958984
15455,-0.014215686358511448,6.81862735748291
15456,-0.01225490216165781,6.519608020782471
15457,-0.015196078456938267,6.156862735748291
15458,-0.0117647061124444,5.776960849761963
15459,-0.026470588520169258,5.424019813537598
15460,-0.02598039247095585,5.06862735748291
15461,-0.014705882407724857,4.651960849761963
15462,-0.026960784569382668,4.281862735748291
15463,-0.01568627543747425,3.9166667461395264
15464,-0.02549019642174244,3.531862735748291
15465,-0.027941176667809486,3.220588207244873
15466,-0.014705882407724857,2.872549057006836
15467,-0.01274509821087122,2.5147058963775635
15468,-0.014705882407724857,2.1666667461395264
15469,-0.009803921915590763,1.936274528503418
15470,-0.014705882407724857,1.5784313678741455
15471,-0.02549019642174244,1.281862735748291
15472,-0.006862745154649019,1.0392156839370728
15473,-0.02401960827410221,0.7647058963775635
15474,-0.014215686358511448,0.5245097875595093
15475,-0.010784314014017582,0.2916666567325592
15476,-0.013725490309298038,0.05147058889269829
15477,-0.01568627543747425,-0.14950980246067047
15478,-0.0519607849419117,-0.39950981736183167
15479,-0.014215686358511448,-0.595588207244873
15480,-0.018137255683541298,-0.8308823704719543
15481,-0.013725490309298038,-1.0686274766921997
15482,-0.018137255683541298,-1.2622549533843994
15483,-0.01274509821087122,-1.5073529481887817
15484,-0.020588235929608345,-1.784313678741455
15485,-0.01274509821087122,-2.029411792755127
15486,-0.01225490216165781,-2.3039214611053467
15487,-0.022058824077248573,-2.5857841968536377
15488,-0.011274510063230991,-2.8529412746429443
15489,-0.020588235929608345,-3.186274528503418
15490,-0.013235294260084629,-3.463235378265381
15491,-0.01666666753590107,-3.784313678741455
15492,-0.015196078456938267,-4.100490093231201
15493,-0.021568628028035164,-4.414215564727783
15494,-0.0117647061124444,-4.735294342041016
15495,-0.021568628028035164,-5.036764621734619
15496,-0.018627451732754707,-5.382352828979492
15497,-0.01568627543747425,-5.698529243469238
15498,-0.007352941203862429,-6.0
15499,-0.020588235929608345,-6.269608020782471
15500,-0.03235294297337532,-6.561274528503418
15501,-0.014705882407724857,-6.80637264251709
15502,-0.01617647148668766,-7.075980186462402
15503,-0.022549020126461983,-7.257352828979492
15504,-0.009313725866377354,-7.482842922210693
15505,-0.015196078456938267,-7.651960849761963
15506,-0.01764705963432789,-7.767157077789307
15507,-0.014705882407724857,-7.872549057006836
15508,-0.01274509821087122,-7.946078300476074
15509,-0.0117647061124444,-7.955882549285889
15510,-0.014215686358511448,-7.997549057006836
15511,-0.01715686358511448,-7.970588207244873
15512,-0.0058823530562222,-7.955882549285889
15513,-0.004411764908581972,-7.830882549285889
15514,-0.0009803922148421407,-7.735294342041016
15515,0.0019607844296842813,-7.664215564727783
15516,0.0009803922148421407,-7.539215564727783
15517,-0.0019607844296842813,-7.355391979217529
15518,0.00147058826405555,-7.196078300476074
15519,-0.00147058826405555,-7.026960849761963
15520,0.009803921915590763,-6.791666507720947
15521,0.010784314014017582,-6.598039150238037
15522,0.01274509821087122,-6.411764621734619
15523,0.005392157007008791,-6.213235378265381
15524,0.026960784569382668,-6.026960849761963
15525,-0.014215686358511448,-5.789215564727783
15526,-0.0049019609577953815,-5.595588207244873
15527,-0.010294117964804173,-5.411764621734619
15528,0.007352941203862429,-5.220588207244873
15529,0.027450980618596077,-5.100490093231201
15530,-0.008333333767950535,-4.928921699523926
15531,0.018627451732754707,-4.769608020782471
15532,-0.004411764908581972,-4.63725471496582
15533,0.010294117964804173,-4.482842922210693
15534,0.0058823530562222,-4.330882549285889
15535,0.0049019609577953815,-4.245098114013672
15536,-0.0034313725773245096,-4.107842922210693
15537,0.0019607844296842813,-3.9877450466156006
15538,0.0,-3.8651959896087646
15539,0.005392157007008791,-3.7696077823638916
15540,0.0034313725773245096,-3.6127450466156006
15541,-0.0004901961074210703,-3.4166667461395264
15542,-0.0049019609577953815,-3.286764621734619
15543,0.009803921915590763,-3.093137264251709
15544,-0.027941176667809486,-2.850490093231201
15545,0.00147058826405555,-2.713235378265381
15546,0.020588235929608345,-2.4264705181121826
15547,-0.004411764908581972,-2.25
15548,0.015196078456938267,-1.9019607305526733
15549,0.01274509821087122,-1.654411792755127
15550,0.009803921915590763,-1.3382352590560913
15551,0.01225490216165781,-1.029411792755127
15552,0.013725490309298038,-0.6446078419685364
15553,0.010294117964804173,-0.2769607901573181
15554,0.01715686358511448,0.06862745434045792
15555,0.036764707416296005,0.4828431308269501
15556,0.01715686358511448,0.8946078419685364
15557,0.01225490216165781,1.3186274766921997
15558,0.01274509821087122,1.686274528503418
15559,0.01715686358511448,2.0710785388946533
15560,0.018137255683541298,2.5171568393707275
15561,0.01666666753590107,2.882352828979492
15562,0.014705882407724857,3.279411792755127
15563,0.01715686358511448,3.6372549533843994
15564,0.021078431978821754,4.004901885986328
15565,0.01715686358511448,4.406862735748291
15566,0.0235294122248888,4.669117450714111
15567,0.00637254910543561,4.975490093231201
15568,0.0019607844296842813,5.215686321258545
15569,0.01764705963432789,5.421568393707275
15570,-0.03480392321944237,5.659313678741455
15571,0.03235294297337532,5.852941036224365
15572,-0.021568628028035164,6.046568393707275
15573,0.007352941203862429,6.139705657958984
15574,-0.08529412001371384,6.301470756530762
15575,-0.03186274692416191,6.428921699523926
15576,-0.04068627581000328,6.424019813537598
15577,0.020098039880394936,6.575980186462402
15578,-0.0049019609577953815,6.61274528503418
15579,0.0004901961074210703,6.683823585510254
15580,0.00147058826405555,6.666666507720947
15581,0.01274509821087122,6.745098114013672
15582,0.010294117964804173,6.774509906768799
15583,-0.0058823530562222,6.774509906768799
15584,-0.006862745154649019,6.813725471496582
15585,0.01764705963432789,6.852941036224365
15586,0.00147058826405555,6.909313678741455
15587,0.01225490216165781,6.982842922210693
15588,0.01568627543747425,7.049019813537598
15589,0.007843137718737125,7.161764621734619
15590,0.008333333767950535,7.254901885986328
15591,0.0024509804788976908,7.325980186462402
15592,0.006862745154649019,7.441176414489746
15593,0.0024509804788976908,7.536764621734619
15594,-0.0019607844296842813,7.705882549285889
15595,0.013235294260084629,7.867647171020508
15596,0.010784314014017582,7.980391979217529
15597,0.0058823530562222,8.154411315917969
15598,0.007843137718737125,8.279411315917969
15599,0.0117647061124444,8.411765098571777
15600,0.01274509821087122,8.539216041564941
15601,0.007843137718737125,8.61274528503418
15602,0.008823529817163944,8.713234901428223
15603,0.01274509821087122,8.81862735748291
15604,-0.004411764908581972,8.852941513061523
15605,0.00147058826405555,8.928921699523926
15606,0.0024509804788976908,8.960783958435059
15607,-0.0004901961074210703,8.916666984558105
15608,0.0004901961074210703,8.889705657958984
15609,-0.006862745154649019,8.803921699523926
15610,0.005392157007008791,8.720588684082031
15611,0.0004901961074210703,8.551470756530762
15612,-0.007352941203862429,8.404411315917969
15613,-0.01225490216165781,8.191176414489746
15614,-0.014215686358511448,8.014705657958984
15615,-0.010784314014017582,7.774509906768799
15616,-0.013235294260084629,7.539215564727783
15617,-0.018627451732754707,7.269608020782471
15618,-0.01715686358511448,7.004901885986328
15619,-0.0117647061124444,6.674019813537598
15620,-0.01225490216165781,6.399509906768799
15621,-0.018627451732754707,6.100490093231201
15622,-0.01225490216165781,5.801470756530762
15623,-0.013725490309298038,5.507352828979492
15624,-0.018627451732754707,5.25
15625,-0.015196078456938267,4.963235378265381
15626,-0.014705882407724857,4.674019813537598
15627,-0.01764705963432789,4.438725471496582
15628,-0.0235294122248888,4.227941036224365
15629,-0.01568627543747425,3.997549057006836
15630,-0.022058824077248573,3.8014705181121826
15631,-0.013235294260084629,3.595588207244873
15632,-0.00147058826405555,3.438725471496582
15633,-0.009803921915590763,3.279411792755127
15634,-0.011274510063230991,3.188725471496582
15635,-0.00637254910543561,3.0710785388946533
15636,0.007843137718737125,2.9264705181121826
15637,-0.014705882407724857,2.8553922176361084
15638,0.0,2.757352828979492
15639,-0.01666666753590107,2.6789214611053467
15640,-0.0019607844296842813,2.558823585510254
15641,-0.010784314014017582,2.5
15642,-0.005392157007008791,2.3872549533843994
15643,-0.0034313725773245096,2.2916667461395264
15644,-0.009313725866377354,2.2107841968536377
15645,-0.005392157007008791,2.058823585510254
15646,-0.0034313725773245096,1.8921568393707275
15647,-0.005392157007008791,1.7573529481887817
15648,-0.015196078456938267,1.5833333730697632
15649,-0.010294117964804173,1.3259804248809814
15650,-0.014705882407724857,1.0784313678741455
15651,-0.003921568859368563,0.8725489974021912
15652,-0.011274510063230991,0.5514705777168274
15653,-0.008823529817163944,0.2647058963775635
15654,-0.01568627543747425,-0.0024509804788976908
15655,-0.014215686358511448,-0.3897058963775635
15656,-0.01764705963432789,-0.688725471496582
15657,-0.021078431978821754,-1.0514706373214722
15658,-0.029901960864663124,-1.433823585510254
15659,-0.02549019642174244,-1.7696079015731812
15660,-0.01764705963432789,-2.1446077823638916
15661,-0.03529411926865578,-2.5465686321258545
15662,-0.0117647061124444,-2.81862735748291
15663,-0.02549019642174244,-3.2009804248809814
15664,-0.021568628028035164,-3.507352828979492
15665,-0.01274509821087122,-3.8357841968536377
15666,-0.028431372717022896,-4.154411792755127
15667,-0.015196078456938267,-4.389705657958984
15668,-0.01225490216165781,-4.639705657958984
15669,-0.019607843831181526,-4.875
15670,-0.007843137718737125,-5.073529243469238
15671,0.035784315317869186,-5.166666507720947
15672,-0.014215686358511448,-5.340686321258545
15673,0.0029411765281111,-5.424019813537598
15674,-0.020588235929608345,-5.536764621734619
15675,-0.010784314014017582,-5.539215564727783
15676,-0.009313725866377354,-5.607842922210693
15677,-0.009313725866377354,-5.644608020782471
15678,-0.006862745154649019,-5.634803771972656
15679,-0.014215686358511448,-5.615196228027344
15680,-0.014705882407724857,-5.600490093231201
15681,-0.0029411765281111,-5.544117450714111
15682,-0.0058823530562222,-5.561274528503418
15683,-0.01764705963432789,-5.539215564727783
15684,0.01568627543747425,-5.534313678741455
15685,-0.020588235929608345,-5.509803771972656
15686,0.2549019753932953,-5.495098114013672
15687,0.2754901945590973,-5.5
15688,-1.1710784435272217,-5.654411792755127
15689,0.7259804010391235,-5.634803771972656
15690,-0.8549019694328308,-5.742647171020508
15691,0.1774509847164154,-5.865196228027344
15692,-0.1348039209842682,-5.911764621734619
15693,-0.019607843831181526,-6.044117450714111
15694,-0.03333333507180214,-6.203431606292725
15695,-0.02401960827410221,-6.370098114013672
15696,-0.01568627543747425,-6.531862735748291
15697,-0.0004901961074210703,-6.752450942993164
15698,-0.04215686395764351,-6.938725471496582
15699,-0.015196078456938267,-7.110294342041016
15700,-0.019607843831181526,-7.345588207244873
15701,-0.009313725866377354,-7.566176414489746
15702,-0.01666666753590107,-7.696078300476074
15703,-0.029411764815449715,-7.897058963775635
15704,-0.005392157007008791,-8.078431129455566
15705,-0.008823529817163944,-8.208333015441895
15706,-0.010294117964804173,-8.30637264251709
15707,-0.010784314014017582,-8.421568870544434
15708,-0.01617647148668766,-8.426470756530762
15709,0.0,-8.5
15710,-0.01225490216165781,-8.541666984558105
15711,-0.008333333767950535,-8.470588684082031
15712,0.0029411765281111,-8.404411315917969
15713,-0.00147058826405555,-8.370098114013672
15714,-0.005392157007008791,-8.23774528503418
15715,-0.0029411765281111,-8.107843399047852
15716,0.0,-7.958333492279053
15717,-0.0058823530562222,-7.772058963775635
15718,0.004411764908581972,-7.558823585510254
15719,0.0,-7.352941036224365
15720,0.010294117964804173,-7.105391979217529
15721,0.0049019609577953815,-6.892157077789307
15722,0.009803921915590763,-6.63725471496582
15723,0.009313725866377354,-6.404411792755127
15724,0.008333333767950535,-6.196078300476074
15725,-0.0019607844296842813,-5.914215564727783
15726,0.0049019609577953815,-5.710784435272217
15727,0.007352941203862429,-5.585784435272217
15728,0.0058823530562222,-5.424019813537598
15729,0.0004901961074210703,-5.301470756530762
15730,-0.005392157007008791,-5.093137264251709
15731,0.007352941203862429,-5.046568393707275
15732,-0.0009803922148421407,-4.938725471496582
15733,0.0029411765281111,-4.911764621734619
15734,-0.01274509821087122,-4.921568393707275
15735,-0.0004901961074210703,-4.877450942993164
15736,-0.01225490216165781,-4.899509906768799
15737,0.0029411765281111,-4.906862735748291
15738,-0.0029411765281111,-4.982842922210693
15739,-0.008333333767950535,-4.992647171020508
15740,-0.0117647061124444,-5.073529243469238
15741,-0.014215686358511448,-5.127450942993164
15742,-0.010294117964804173,-5.191176414489746
15743,0.007843137718737125,-5.245098114013672
15744,-0.036764707416296005,-5.281862735748291
15745,0.0019607844296842813,-5.252450942993164
15746,-0.01617647148668766,-5.303921699523926
15747,-0.00147058826405555,-5.281862735748291
15748,-0.009313725866377354,-5.230391979217529
15749,-0.0049019609577953815,-5.147058963775635
15750,-0.0024509804788976908,-5.093137264251709
15751,-0.0009803922148421407,-4.921568393707275
15752,-0.0058823530562222,-4.76225471496582
15753,0.0024509804788976908,-4.583333492279053
15754,-0.0034313725773245096,-4.330882549285889
15755,0.20441175997257233,-4.05637264251709
15756,-0.36617645621299744,-3.9289214611053467
15757,-0.07156863063573837,-3.566176414489746
15758,0.14901961386203766,-3.186274528503418
15759,-0.16078431904315948,-2.9142158031463623
15760,0.09558823704719543,-2.5171568393707275
15761,-0.011274510063230991,-2.220588207244873
15762,-0.029411764815449715,-1.8872549533843994
15763,0.08529412001371384,-1.5441176891326904
15764,-0.036274511367082596,-1.1936274766921997
15765,0.038235295563936234,-0.8651960492134094
15766,0.020588235929608345,-0.6029411554336548
15767,0.014705882407724857,-0.3014705777168274
15768,0.005392157007008791,-0.05637254938483238
15769,-0.00147058826405555,0.20098039507865906
15770,-0.0004901961074210703,0.3848039209842682
15771,0.01225490216165781,0.5465686321258545
15772,0.0009803922148421407,0.7058823704719543
15773,0.010784314014017582,0.8382353186607361
15774,-0.01715686358511448,0.9117646813392639
15775,-0.003921568859368563,0.9583333134651184
15776,0.0049019609577953815,0.970588207244873
15777,-0.01225490216165781,0.9607843160629272
15778,-0.008823529817163944,0.9754902124404907
15779,-0.008333333767950535,0.9093137383460999
15780,-0.013725490309298038,0.8921568393707275
15781,-0.009313725866377354,0.8186274766921997
15782,-0.011274510063230991,0.7450980544090271
15783,-0.0024509804788976908,0.6666666865348816
15784,-0.021568628028035164,0.6642156839370728
15785,-0.019117647781968117,0.6519607901573181
15786,-0.0029411765281111,0.656862735748291
15787,0.0019607844296842813,0.6323529481887817
15788,-0.008823529817163944,0.6151960492134094
15789,-0.0024509804788976908,0.688725471496582
15790,0.0024509804788976908,0.7401960492134094
15791,0.007843137718737125,0.8578431606292725
15792,-0.005392157007008791,0.9730392098426819
15793,0.0,1.215686321258545
15794,0.0049019609577953815,1.3848038911819458
15795,0.008823529817163944,1.593137264251709
15796,0.014705882407724857,1.840686321258545
15797,0.02598039247095585,2.1421568393707275
15798,0.01764705963432789,2.436274528503418
15799,0.010784314014017582,2.7671568393707275
15800,0.013235294260084629,3.0759804248809814
15801,0.01568627543747425,3.409313678741455
15802,0.005392157007008791,3.75
15803,0.01617647148668766,4.083333492279053
15804,0.011274510063230991,4.424019813537598
15805,0.019117647781968117,4.757352828979492
15806,0.011274510063230991,5.046568393707275
15807,0.011274510063230991,5.301470756530762
15808,0.01225490216165781,5.502450942993164
15809,0.0,5.759803771972656
15810,0.008333333767950535,5.955882549285889
15811,0.00147058826405555,6.066176414489746
15812,0.0049019609577953815,6.223039150238037
15813,0.0024509804788976908,6.296568393707275
15814,0.005392157007008791,6.375
15815,-0.0024509804788976908,6.372549057006836
15816,-0.006862745154649019,6.345588207244873
15817,-0.0058823530562222,6.269608020782471
15818,-0.020098039880394936,6.208333492279053
15819,-0.0024509804788976908,6.129901885986328
15820,-0.015196078456938267,5.985294342041016
15821,0.013235294260084629,5.840686321258545
15822,1.3544117212295532,5.801470756530762
15823,-0.7872549295425415,5.590686321258545
15824,1.2098039388656616,5.465686321258545
15825,-0.5117647051811218,5.269608020782471
15826,0.4156862795352936,5.134803771972656
15827,-0.1039215698838234,5.041666507720947
15828,0.046078432351350784,5.007352828979492
15829,0.07254902273416519,4.892157077789307
15830,-0.01274509821087122,4.857842922210693
15831,0.023039216175675392,4.884803771972656
15832,0.04313725605607033,4.924019813537598
15833,-0.027450980618596077,5.007352828979492
15834,0.04411764815449715,5.107842922210693
15835,0.0034313725773245096,5.252450942993164
15836,0.015196078456938267,5.477941036224365
15837,0.010784314014017582,5.659313678741455
15838,-0.00147058826405555,5.897058963775635
15839,0.021078431978821754,6.166666507720947
15840,0.0235294122248888,6.44362735748291
15841,0.013235294260084629,6.718137264251709
15842,0.018627451732754707,7.031862735748291
15843,0.021078431978821754,7.323529243469238
15844,0.018627451732754707,7.644608020782471
15845,0.0235294122248888,7.899509906768799
15846,0.004411764908581972,8.16911792755127
15847,0.008333333767950535,8.382352828979492
15848,0.007352941203862429,8.610294342041016
15849,0.01617647148668766,8.80637264251709
15850,0.0117647061124444,8.960783958435059
15851,0.007352941203862429,9.085783958435059
15852,0.007352941203862429,9.139705657958984
15853,0.00147058826405555,9.215685844421387
15854,0.01666666753590107,9.164216041564941
15855,-0.04068627581000328,9.154411315917969
15856,0.037745099514722824,9.061274528503418
15857,-0.045098040252923965,8.894607543945312
15858,0.013235294260084629,8.789216041564941
15859,-0.02401960827410221,8.553921699523926
15860,-0.0019607844296842813,8.389705657958984
15861,-0.023039216175675392,8.125
15862,-0.010294117964804173,7.884803771972656
15863,-0.010784314014017582,7.644608020782471
15864,-0.013725490309298038,7.414215564727783
15865,-0.010294117964804173,7.095588207244873
15866,-0.018137255683541298,6.892157077789307
15867,-0.009803921915590763,6.678921699523926
15868,-0.020588235929608345,6.502450942993164
15869,-0.01617647148668766,6.338235378265381
15870,-0.007843137718737125,6.208333492279053
15871,-0.008333333767950535,6.120098114013672
15872,-0.007352941203862429,6.06862735748291
15873,-0.006862745154649019,5.977941036224365
15874,-0.0024509804788976908,6.039215564727783
15875,-0.009313725866377354,6.132352828979492
15876,0.008823529817163944,6.210784435272217
15877,0.0,6.384803771972656
15878,0.00637254910543561,6.536764621734619
15879,0.0049019609577953815,6.752450942993164
15880,0.008823529817163944,6.980391979217529
15881,0.010294117964804173,7.294117450714111
15882,0.0004901961074210703,7.558823585510254
15883,0.014215686358511448,7.799019813537598
15884,-0.008823529817163944,8.088234901428223
15885,-0.01617647148668766,8.365196228027344
15886,-0.005392157007008791,8.610294342041016
15887,-0.397549033164978,8.825980186462402
15888,-0.010784314014017582,9.046568870544434
15889,-0.020588235929608345,9.267156600952148
15890,-0.22990195453166962,9.392156600952148
15891,0.16764706373214722,9.546568870544434
15892,-0.22303920984268188,9.590685844421387
15893,0.045098040252923965,9.620098114013672
15894,-0.0058823530562222,9.622549057006836
15895,-0.062254901975393295,9.526960372924805
15896,0.04901960864663124,9.450980186462402
15897,-0.04803921654820442,9.28186321258545
15898,0.0034313725773245096,9.08088207244873
15899,-0.019117647781968117,8.796568870544434
15900,-0.029411764815449715,8.571078300476074
15901,-0.01568627543747425,8.267156600952148
15902,-0.01715686358511448,7.933823585510254
15903,-0.014215686358511448,7.620098114013672
15904,-0.004411764908581972,7.30637264251709
15905,-0.030882352963089943,6.911764621734619
15906,-0.01617647148668766,6.615196228027344
15907,-0.027941176667809486,6.294117450714111
15908,-0.06029411777853966,6.022058963775635
15909,-0.009803921915590763,5.732842922210693
15910,-0.03529411926865578,5.473039150238037
15911,-0.021078431978821754,5.316176414489746
15912,-0.020098039880394936,5.164215564727783
15913,-0.010294117964804173,5.071078300476074
15914,-0.013235294260084629,5.01225471496582
15915,-0.007352941203862429,5.031862735748291
15916,-0.013235294260084629,5.088235378265381
15917,0.0,5.176470756530762
15918,-0.007843137718737125,5.355391979217529
15919,0.0034313725773245096,5.526960849761963
15920,0.0034313725773245096,5.727941036224365
15921,0.008823529817163944,5.985294342041016
15922,0.008333333767950535,6.242647171020508
15923,0.008333333767950535,6.502450942993164
15924,0.018627451732754707,6.865196228027344
15925,0.013725490309298038,7.142157077789307
15926,0.014215686358511448,7.480391979217529
15927,0.010784314014017582,7.732842922210693
15928,0.006862745154649019,8.02450942993164
15929,0.01274509821087122,8.272058486938477
15930,0.006862745154649019,8.433823585510254
15931,0.009803921915590763,8.639705657958984
15932,-0.0034313725773245096,8.72549057006836
15933,0.005392157007008791,8.759803771972656
15934,-0.03235294297337532,8.801470756530762
15935,0.022549020126461983,8.786765098571777
15936,0.01274509821087122,8.674019813537598
15937,0.022058824077248573,8.502450942993164
15938,0.00147058826405555,8.348039627075195
15939,0.0049019609577953815,8.066176414489746
15940,0.0029411765281111,7.767157077789307
15941,-0.00637254910543561,7.460784435272217
15942,-0.014705882407724857,7.078431606292725
15943,-0.014705882407724857,6.686274528503418
15944,-0.01764705963432789,6.333333492279053
15945,-0.015196078456938267,5.875
15946,-0.021078431978821754,5.448529243469238
15947,-0.0235294122248888,5.039215564727783
15948,-0.020098039880394936,4.696078300476074
15949,-0.015196078456938267,4.360294342041016
15950,-0.029901960864663124,4.002450942993164
15951,-0.03235294297337532,3.7107841968536377
15952,-0.020588235929608345,3.536764621734619
15953,-0.018627451732754707,3.308823585510254
15954,-0.008333333767950535,3.1985294818878174
15955,0.0,3.100490093231201
15956,-0.007352941203862429,3.100490093231201
15957,-0.00147058826405555,3.120098114013672
15958,0.008823529817163944,3.286764621734619
15959,0.0049019609577953815,3.409313678741455
15960,-0.0029411765281111,3.627450942993164
15961,0.006862745154649019,3.879901885986328
15962,0.010294117964804173,4.200980186462402
15963,0.00147058826405555,4.571078300476074
15964,0.01225490216165781,4.894608020782471
15965,0.018627451732754707,5.252450942993164
15966,0.018137255683541298,5.651960849761963
15967,0.018627451732754707,5.992647171020508
15968,0.00637254910543561,6.338235378265381
15969,0.022058824077248573,6.642157077789307
15970,0.008333333767950535,6.970588207244873
15971,0.02500000037252903,7.220588207244873
15972,-0.010294117964804173,7.421568393707275
15973,0.027450980618596077,7.583333492279053
15974,-0.0019607844296842813,7.723039150238037
15975,0.008823529817163944,7.745098114013672
15976,-0.00147058826405555,7.691176414489746
15977,0.0024509804788976908,7.590686321258545
15978,-0.0117647061124444,7.441176414489746
15979,-0.009803921915590763,7.196078300476074
15980,-0.01617647148668766,6.928921699523926
15981,-0.014705882407724857,6.590686321258545
15982,-0.019607843831181526,6.232842922210693
15983,-0.018137255683541298,5.833333492279053
15984,-0.03186274692416191,5.372549057006836
15985,-0.01274509821087122,4.899509906768799
15986,-0.03529411926865578,4.375
15987,-0.013235294260084629,3.93137264251709
15988,-0.027941176667809486,3.433823585510254
15989,-0.027450980618596077,2.9607841968536377
15990,-0.023039216175675392,2.55637264251709
15991,-0.02549019642174244,2.159313678741455
15992,-0.019117647781968117,1.8235293626785278
15993,-0.010784314014017582,1.534313678741455
15994,-0.01666666753590107,1.3063725233078003
15995,-0.007843137718737125,1.1078431606292725
15996,-0.010784314014017582,1.0416666269302368
15997,-0.009313725866377354,1.061274528503418
15998,-0.009313725866377354,1.0808823108673096
15999,0.005392157007008791,1.2034313678741455
16000,-0.0009803922148421407,1.3995097875595093
16001,-0.0034313725773245096,1.6764706373214722
16002,0.007352941203862429,1.965686321258545
16003,0.01617647148668766,2.3235294818878174
16004,0.011274510063230991,2.720588207244873
16005,0.019607843831181526,3.156862735748291
16006,0.022058824077248573,3.590686321258545
16007,0.029901960864663124,4.083333492279053
16008,0.01274509821087122,4.534313678741455
16009,0.019117647781968117,5.004901885986328
16010,0.021078431978821754,5.392157077789307
16011,0.027450980618596077,5.754901885986328
16012,0.018137255683541298,6.171568393707275
16013,0.018627451732754707,6.458333492279053
16014,0.013725490309298038,6.686274528503418
16015,0.00637254910543561,6.848039150238037
16016,0.005392157007008791,6.938725471496582
16017,0.0,6.977941036224365
16018,-0.0024509804788976908,6.877450942993164
16019,-0.0019607844296842813,6.754901885986328
16020,0.01715686358511448,6.553921699523926
16021,0.003921568859368563,6.279411792755127
16022,0.0,5.909313678741455
16023,-0.003921568859368563,5.448529243469238
16024,-0.037254903465509415,4.963235378265381
16025,-0.01568627543747425,4.507352828979492
16026,-0.03529411926865578,3.933823585510254
16027,-0.01715686358511448,3.3848040103912354
16028,-0.03921568766236305,2.813725471496582
16029,-0.027450980618596077,2.215686321258545
16030,-0.03284313902258873,1.6691176891326904
16031,-0.03186274692416191,1.122549057006836
16032,-0.028431372717022896,0.6740196347236633
16033,-0.0235294122248888,0.21568627655506134
16034,-0.027941176667809486,-0.1568627506494522
16035,-0.028431372717022896,-0.46568626165390015
16036,-0.014705882407724857,-0.6764705777168274
16037,-0.015196078456938267,-0.7941176295280457
16038,-0.010784314014017582,-0.8578431606292725
16039,-0.03480392321944237,-0.8676470518112183
16040,0.0024509804788976908,-0.7230392098426819
16041,-0.013235294260084629,-0.5269607901573181
16042,-0.0004901961074210703,-0.26225489377975464
16043,0.010294117964804173,0.11274509876966476
16044,0.01568627543747425,0.5220588445663452
16045,0.007843137718737125,0.9730392098426819
16046,0.010294117964804173,1.5171568393707275
16047,0.021568628028035164,2.0759804248809814
16048,0.02450980432331562,2.6151959896087646
16049,0.02401960827410221,3.2303922176361084
16050,0.023039216175675392,3.8259804248809814
16051,0.029411764815449715,4.367647171020508
16052,0.02549019642174244,4.904411792755127
16053,0.021078431978821754,5.382352828979492
16054,0.021078431978821754,5.796568393707275
16055,0.010294117964804173,6.134803771972656
16056,0.018627451732754707,6.375
16057,0.006862745154649019,6.573529243469238
16058,0.0029411765281111,6.703431606292725
16059,0.0034313725773245096,6.740196228027344
16060,0.0019607844296842813,6.607842922210693
16061,-0.00147058826405555,6.485294342041016
16062,-0.01764705963432789,6.188725471496582
16063,-0.018137255683541298,5.769608020782471
16064,-0.036274511367082596,5.36274528503418
16065,-0.02401960827410221,4.81862735748291
16066,-0.030392156913876534,4.269608020782471
16067,-0.029901960864663124,3.691176414489746
16068,-0.136274516582489,2.963235378265381
16069,-0.06078431382775307,2.2965686321258545
16070,-0.09068627655506134,1.5735293626785278
16071,-0.03431372717022896,0.9411764740943909
16072,-0.04852941259741783,0.281862735748291
16073,-0.04117647185921669,-0.34558823704719543
16074,-0.04411764815449715,-0.9289215803146362
16075,-0.02401960827410221,-1.3823529481887817
16076,-0.03235294297337532,-1.8504902124404907
16077,-0.01225490216165781,-2.1715686321258545
16078,-0.04068627581000328,-2.4289214611053467
16079,0.0019607844296842813,-2.588235378265381
16080,-0.018627451732754707,-2.600490093231201
16081,-0.0034313725773245096,-2.6078431606292725
16082,-0.0019607844296842813,-2.3970587253570557
16083,0.0034313725773245096,-2.098039150238037
16084,0.010784314014017582,-1.7377450466156006
16085,0.01225490216165781,-1.2990195751190186
16086,0.019607843831181526,-0.7720588445663452
16087,0.021568628028035164,-0.18627451360225677
16088,0.02500000037252903,0.5122548937797546
16089,0.038235295563936234,1.191176414489746
16090,0.030392156913876534,1.8921568393707275
16091,0.029901960864663124,2.590686321258545
16092,0.03431372717022896,3.3357841968536377
16093,0.03284313902258873,4.034313678741455
16094,0.03333333507180214,4.664215564727783
16095,0.028921568766236305,5.264705657958984
16096,0.02401960827410221,5.776960849761963
16097,0.02598039247095585,6.215686321258545
16098,0.026470588520169258,6.598039150238037
16099,0.018137255683541298,6.843137264251709
16100,0.00637254910543561,6.955882549285889
16101,0.004411764908581972,6.963235378265381
16102,0.0004901961074210703,6.914215564727783
16103,0.0009803922148421407,6.674019813537598
16104,-0.0029411765281111,6.372549057006836
16105,-0.014705882407724857,5.975490093231201
16106,-0.02450980432331562,5.428921699523926
16107,-0.027941176667809486,4.852941036224365
16108,-0.035784315317869186,4.149509906768799
16109,-0.03284313902258873,3.44362735748291
16110,-0.03284313902258873,2.588235378265381
16111,-0.04313725605607033,1.8504902124404907
16112,-0.03529411926865578,1.0367647409439087
16113,-0.046078432351350784,0.14705882966518402
16114,-0.046568628400564194,-0.6348039507865906
16115,-0.04264706000685692,-1.3700979948043823
16116,-0.04264706000685692,-2.095588207244873
16117,-0.03480392321944237,-2.69362735748291
16118,-0.03921568766236305,-3.1666667461395264
16119,-0.0313725508749485,-3.622549057006836
16120,-0.02500000037252903,-3.9460785388946533
16121,-0.021078431978821754,-4.144608020782471
16122,-0.01666666753590107,-4.227941036224365
16123,-0.010784314014017582,-4.191176414489746
16124,-0.00147058826405555,-3.997549057006836
16125,0.004411764908581972,-3.6960785388946533
16126,0.004411764908581972,-3.2965686321258545
16127,0.013725490309298038,-2.7647058963775635
16128,0.009313725866377354,-2.18137264251709
16129,0.02401960827410221,-1.4289215803146362
16130,0.04264706000685692,-0.6740196347236633
16131,0.05098039284348488,0.1764705926179886
16132,0.023039216175675392,1.0490195751190186
16133,0.05980392172932625,1.9313725233078003
16134,0.03284313902258873,2.813725471496582
16135,0.052941177040338516,3.7034313678741455
16136,0.05098039284348488,4.458333492279053
16137,0.044607844203710556,5.198529243469238
16138,0.029411764815449715,5.899509906768799
16139,0.03921568766236305,6.460784435272217
16140,0.0235294122248888,6.968137264251709
16141,0.026960784569382668,7.333333492279053
16142,0.021078431978821754,7.551470756530762
16143,0.010294117964804173,7.656862735748291
16144,0.007352941203862429,7.647058963775635
16145,0.0,7.421568393707275
16146,-0.00637254910543561,7.105391979217529
16147,-0.01666666753590107,6.730391979217529
16148,-0.022058824077248573,6.11274528503418
16149,-0.030882352963089943,5.507352828979492
16150,-0.037254903465509415,4.710784435272217
16151,-0.04411764815449715,3.879901885986328
16152,-0.03970588371157646,2.975490093231201
16153,-0.037254903465509415,2.05637264251709
16154,-0.053431373089551926,1.0759804248809814
16155,-0.06078431382775307,0.07598039507865906
16156,-0.0519607849419117,-0.8651960492134094
16157,-0.04901960864663124,-1.808823585510254
16158,-0.06519608199596405,-2.68137264251709
16159,-0.053921569138765335,-3.4509804248809814
16160,-0.05000000074505806,-4.129901885986328
16161,-0.037254903465509415,-4.68137264251709
16162,-0.03431372717022896,-5.200980186462402
16163,-0.02450980432331562,-5.514705657958984
16164,-0.01715686358511448,-5.708333492279053
16165,-0.061764705926179886,-5.779411792755127
16166,-0.036274511367082596,-5.659313678741455
16167,-0.013235294260084629,-5.36274528503418
16168,-0.0024509804788976908,-4.985294342041016
16169,0.0034313725773245096,-4.458333492279053
16170,0.011274510063230991,-3.811274528503418
16171,0.023039216175675392,-3.004901885986328
16172,0.029411764815449715,-2.159313678741455
16173,0.02598039247095585,-1.2328431606292725
16174,0.04264706000685692,-0.22303920984268188
16175,0.061274509876966476,0.7941176295280457
16176,0.03529411926865578,1.8578431606292725
16177,0.06960784643888474,2.911764621734619
16178,0.0313725508749485,3.877450942993164
16179,0.046568628400564194,4.850490093231201
16180,-0.699999988079071,5.683823585510254
16181,-1.186274528503418,6.441176414489746
16182,0.7799019813537598,7.227941036224365
16183,-1.1073529720306396,7.713235378265381
16184,0.3583333194255829,8.171568870544434
16185,-0.2088235318660736,8.460783958435059
16186,0.019117647781968117,8.575980186462402
16187,-0.08480392396450043,8.509803771972656
16188,-0.054901961237192154,8.323529243469238
16189,-0.04215686395764351,7.948529243469238
16190,-0.03284313902258873,7.465686321258545
16191,-0.07107843458652496,6.80637264251709
16192,-0.036274511367082596,6.019608020782471
16193,-0.07009804248809814,5.120098114013672
16194,-0.04754902049899101,4.169117450714111
16195,-0.06666667014360428,3.132352828979492
16196,-0.08137255162000656,2.004901885986328
16197,-0.06568627804517746,0.9019607901573181
16198,-0.07990196347236633,-0.2181372493505478
16199,-0.07156863063573837,-1.343137264251709
16200,-0.07107843458652496,-2.433823585510254
16201,-0.0676470622420311,-3.4852941036224365
16202,-0.05882352963089943,-4.379901885986328
16203,-0.05000000074505806,-5.156862735748291
16204,-0.05049019679427147,-5.828431606292725
16205,-0.04852941259741783,-6.392157077789307
16206,-0.04313725605607033,-6.855391979217529
16207,-0.03480392321944237,-7.036764621734619
16208,-0.029901960864663124,-7.164215564727783
16209,-0.022549020126461983,-6.995098114013672
16210,-0.005392157007008791,-6.784313678741455
16211,-0.008333333767950535,-6.367647171020508
16212,0.0117647061124444,-5.808823585510254
16213,0.023039216175675392,-5.002450942993164
16214,0.030882352963089943,-4.178921699523926
16215,0.020588235929608345,-3.2377450466156006
16216,0.045588236302137375,-2.2377450466156006
16217,0.0519607849419117,-1.1029411554336548
16218,0.05049019679427147,0.07598039507865906
16219,0.062745101749897,1.2622549533843994
16220,0.053921569138765335,2.492647171020508
16221,0.06323529779911041,3.632352828979492
16222,0.06323529779911041,4.764705657958984
16223,0.05147058889269829,5.754901885986328
16224,0.05882352963089943,6.73774528503418
16225,0.04264706000685692,7.519608020782471
16226,0.03529411926865578,8.232843399047852
16227,0.03186274692416191,8.823529243469238
16228,0.02549019642174244,9.164216041564941
16229,0.014215686358511448,9.39950942993164
16230,0.01764705963432789,9.465685844421387
16231,-0.00637254910543561,9.313725471496582
16232,-0.0049019609577953815,8.977941513061523
16233,-0.008823529817163944,8.551470756530762
16234,-0.028431372717022896,7.946078300476074
16235,-0.03480392321944237,7.102941036224365
16236,-0.010294117964804173,6.186274528503418
16237,-0.020588235929608345,5.169117450714111
16238,-0.05882352963089943,4.110294342041016
16239,-0.03284313902258873,2.877450942993164
16240,-0.0941176488995552,1.6470588445663452
16241,-0.03382353112101555,0.3799019753932953
16242,-0.0833333358168602,-0.845588207244873
16243,-0.05980392172932625,-2.06862735748291
16244,-0.07745098322629929,-3.2107841968536377
16245,-0.07254902273416519,-4.325980186462402
16246,-0.06617647409439087,-5.274509906768799
16247,-0.05588235333561897,-6.166666507720947
16248,-0.05980392172932625,-6.875
16249,-0.0470588244497776,-7.44362735748291
16250,-0.037254903465509415,-7.852941036224365
16251,-0.028431372717022896,-8.063725471496582
16252,-0.019607843831181526,-8.159314155578613
16253,-0.022058824077248573,-7.997549057006836
16254,-0.053921569138765335,-7.703431606292725
16255,-0.5063725709915161,-7.259803771972656
16256,0.07990196347236633,-6.617647171020508
16257,-0.10098039358854294,-5.799019813537598
16258,-0.12107843160629272,-4.909313678741455
16259,0.07107843458652496,-3.8235294818878174
16260,-0.13186274468898773,-2.7107841968536377
16261,-0.003921568859368563,-1.4926470518112183
16262,0.05637254938483238,-0.2132352888584137
16263,-0.03382353112101555,1.0367647409439087
16264,0.045588236302137375,2.308823585510254
16265,-0.0058823530562222,3.561274528503418
16266,0.036764707416296005,4.735294342041016
16267,0.027450980618596077,5.882352828979492
16268,0.006862745154649019,6.889705657958984
16269,0.020098039880394936,7.781862735748291
16270,0.030392156913876534,8.553921699523926
16271,0.0049019609577953815,9.144607543945312
16272,0.008333333767950535,9.573529243469238
16273,-0.0024509804788976908,9.799019813537598
16274,-0.013725490309298038,9.936274528503418
16275,-0.03872549161314964,9.865196228027344
16276,-0.04019607976078987,9.571078300476074
16277,-0.05245098099112511,9.125
16278,-0.05784313753247261,8.51225471496582
16279,-0.05784313753247261,7.764705657958984
16280,-0.07254902273416519,6.857842922210693
16281,-0.07941176742315292,5.811274528503418
16282,-0.08284313976764679,4.703431606292725
16283,-0.09656862914562225,3.536764621734619
16284,-0.0941176488995552,2.220588207244873
16285,-0.10490196198225021,0.9877451062202454
16286,-0.10784313827753067,-0.2720588147640228
16287,-0.10539215803146362,-1.561274528503418
16288,-0.11127451062202454,-2.7647058963775635
16289,-0.11029411852359772,-3.904411792755127
16290,-0.10294117778539658,-4.960784435272217
16291,-0.10833333432674408,-5.941176414489746
16292,-0.08774510025978088,-6.727941036224365
16293,-0.09019608050584793,-7.424019813537598
16294,-0.08725490421056747,-7.921568393707275
16295,-0.0784313753247261,-8.299019813537598
16296,-0.06911765038967133,-8.433823585510254
16297,-0.06029411777853966,-8.43137264251709
16298,-0.03970588371157646,-8.203431129455566
16299,-0.0416666679084301,-7.94362735748291
16300,-0.02500000037252903,-7.357842922210693
16301,-0.02450980432331562,-6.703431606292725
16302,-0.009313725866377354,-5.88725471496582
16303,-0.010294117964804173,-4.919117450714111
16304,0.0034313725773245096,-3.9583332538604736
16305,0.0117647061124444,-2.7990195751190186
16306,0.0235294122248888,-1.566176414489746
16307,0.02450980432331562,-0.33088234066963196
16308,0.0313725508749485,0.845588207244873
16309,0.029411764815449715,2.1642158031463623
16310,0.028921568766236305,3.350490093231201
16311,0.02598039247095585,4.534313678741455
16312,0.04117647185921669,5.595588207244873
16313,0.0004901961074210703,6.56862735748291
16314,0.12941177189350128,7.514705657958984
16315,0.8333333134651184,8.230392456054688
16316,-0.9911764860153198,8.732843399047852
16317,1.1235294342041016,9.23774528503418
16318,-0.9686274528503418,9.534314155578613
16319,0.47107842564582825,9.625
16320,-0.23333333432674408,9.634803771972656
16321,0.06666667014360428,9.379901885986328
16322,-0.0024509804788976908,9.036765098571777
16323,-0.10196078568696976,8.519607543945312
16324,-0.022058824077248573,7.799019813537598
16325,-0.04313725605607033,7.019608020782471
16326,-0.13137255609035492,6.11274528503418
16327,-0.04411764815449715,5.095588207244873
16328,-0.11519607901573181,4.039215564727783
16329,-0.07598039507865906,2.8921568393707275
16330,-0.08725490421056747,1.75
16331,-0.10980392247438431,0.5245097875595093
16332,-0.09166666865348816,-0.625
16333,-0.10049019753932953,-1.7867647409439087
16334,-0.09656862914562225,-2.8872549533843994
16335,-0.09068627655506134,-3.936274528503418
16336,-0.10049019753932953,-4.845588207244873
16337,-0.08774510025978088,-5.661764621734619
16338,-0.08137255162000656,-6.379901885986328
16339,-0.0882352963089943,-6.921568393707275
16340,-0.06960784643888474,-7.372549057006836
16341,-0.06323529779911041,-7.696078300476074
16342,-0.06960784643888474,-7.796568393707275
16343,-0.053431373089551926,-7.779411792755127
16344,-0.06323529779911041,-7.632352828979492
16345,0.0,-7.323529243469238
16346,-0.07107843458652496,-6.889705657958984
16347,0.011274510063230991,-6.269608020782471
16348,-0.03480392321944237,-5.563725471496582
16349,-0.00147058826405555,-4.757352828979492
16350,-0.00637254910543561,-3.8970587253570557
16351,0.005392157007008791,-2.899509906768799
16352,0.0029411765281111,-1.8897058963775635
16353,0.0024509804788976908,-0.8235294222831726
16354,0.010294117964804173,0.281862735748291
16355,0.020098039880394936,1.3186274766921997
16356,0.01764705963432789,2.350490093231201
16357,0.02401960827410221,3.3872549533843994
16358,0.014215686358511448,4.357842922210693
16359,0.019607843831181526,5.230391979217529
16360,0.007352941203862429,6.022058963775635
16361,0.0019607844296842813,6.742647171020508
16362,0.004411764908581972,7.365196228027344
16363,-0.0019607844296842813,7.811274528503418
16364,-0.0049019609577953815,8.215685844421387
16365,-0.007352941203862429,8.426470756530762
16366,-0.022549020126461983,8.450980186462402
16367,-0.022549020126461983,8.43137264251709
16368,-0.03186274692416191,8.242647171020508
16369,-0.03382353112101555,7.953431606292725
16370,-0.054411765187978745,7.522058963775635
16371,-0.05539215728640556,7.017157077789307
16372,-0.052941177040338516,6.399509906768799
16373,-0.061764705926179886,5.674019813537598
16374,-0.061274509876966476,4.816176414489746
16375,-0.07254902273416519,3.9877450466156006
16376,-0.07647059112787247,3.0710785388946533
16377,-0.08676470816135406,2.117647171020508
16378,-0.08186274766921997,1.218137264251709
16379,-0.09264706075191498,0.2549019753932953
16380,-0.0941176488995552,-0.7328431606292725
16381,-0.0887254923582077,-1.5857843160629272
16382,-0.09313725680112839,-2.5171568393707275
16383,-0.08627451211214066,-3.2671568393707275
16384,-0.08578431606292725,-4.036764621734619
16385,-0.08627451211214066,-4.710784435272217
16386,-0.08088235557079315,-5.264705657958984
16387,0.07696078717708588,-5.720588207244873
16388,0.5014705657958984,-6.061274528503418
16389,-0.5460784435272217,-6.370098114013672
16390,0.49803921580314636,-6.526960849761963
16391,-0.22205881774425507,-6.524509906768799
16392,0.09166666865348816,-6.458333492279053
16393,0.0049019609577953815,-6.316176414489746
16394,-0.04852941259741783,-6.017157077789307
16395,0.054901961237192154,-5.585784435272217
16396,-0.028921568766236305,-5.098039150238037
16397,-0.03333333507180214,-4.534313678741455
16398,0.035784315317869186,-3.8602941036224365
16399,-0.015196078456938267,-3.161764621734619
16400,0.021078431978821754,-2.411764621734619
16401,0.008333333767950535,-1.566176414489746
16402,-0.003921568859368563,-0.7647058963775635
16403,0.020588235929608345,0.11764705926179886
16404,0.0,0.9534313678741455
16405,0.008333333767950535,1.7941176891326904
16406,0.009313725866377354,2.588235378265381
16407,0.006862745154649019,3.441176414489746
16408,0.0049019609577953815,4.176470756530762
16409,0.01274509821087122,4.875
16410,-0.005392157007008791,5.504901885986328
16411,0.004411764908581972,6.05637264251709
16412,-0.0004901961074210703,6.571078300476074
16413,-0.0019607844296842813,6.884803771972656
16414,-0.008333333767950535,7.164215564727783
16415,-0.020588235929608345,7.377450942993164
16416,-0.011274510063230991,7.473039150238037
16417,-0.026960784569382668,7.480391979217529
16418,-0.022058824077248573,7.357842922210693
16419,-0.03480392321944237,7.154411792755127
16420,-0.04411764815449715,6.857842922210693
16421,-0.05147058889269829,6.470588207244873
16422,-0.052941177040338516,5.968137264251709
16423,-0.052941177040338516,5.43137264251709
16424,-0.05245098099112511,4.752450942993164
16425,-0.06666667014360428,4.115196228027344
16426,-0.06666667014360428,3.3651959896087646
16427,-0.06960784643888474,2.5441176891326904
16428,-0.07254902273416519,1.8039215803146362
16429,-0.0833333358168602,0.9019607901573181
16430,-0.07205882668495178,0.07352941483259201
16431,-0.07892157137393951,-0.7892156839370728
16432,-0.07156863063573837,-1.5735293626785278
16433,-0.08774510025978088,-2.350490093231201
16434,-0.0784313753247261,-3.151960849761963
16435,-0.06960784643888474,-3.8308823108673096
16436,-0.07254902273416519,-4.482842922210693
16437,-0.06617647409439087,-5.019608020782471
16438,-0.06421568989753723,-5.529411792755127
16439,-0.05931372568011284,-5.941176414489746
16440,-0.06078431382775307,-6.254901885986328
16441,-0.05784313753247261,-6.433823585510254
16442,-0.054411765187978745,-6.531862735748291
16443,-0.04068627581000328,-6.541666507720947
16444,-0.03333333507180214,-6.426470756530762
16445,-0.027941176667809486,-6.269608020782471
16446,-0.021568628028035164,-5.960784435272217
16447,-0.026960784569382668,-5.539215564727783
16448,-0.01617647148668766,-5.01225471496582
16449,-0.008333333767950535,-4.409313678741455
16450,-0.004411764908581972,-3.7279412746429443
16451,0.04117647185921669,-2.9534313678741455
16452,0.1196078434586525,-2.2303922176361084
16453,0.05000000074505806,-1.3970588445663452
16454,0.07156863063573837,-0.46568626165390015
16455,0.04950980469584465,0.4313725531101227
16456,0.019117647781968117,1.3014706373214722
16457,0.01764705963432789,2.2622549533843994
16458,0.014705882407724857,3.125
16459,0.021568628028035164,4.024509906768799
16460,0.021568628028035164,4.833333492279053
16461,0.02500000037252903,5.595588207244873
16462,0.020588235929608345,6.272058963775635
16463,0.014215686358511448,6.88725471496582
16464,0.027941176667809486,7.450980186462402
16465,0.008823529817163944,7.816176414489746
16466,0.005392157007008791,8.176470756530762
16467,0.0034313725773245096,8.384803771972656
16468,-0.015196078456938267,8.473039627075195
16469,-0.02450980432331562,8.490196228027344
16470,-0.022058824077248573,8.299019813537598
16471,-0.027941176667809486,8.039216041564941
16472,-0.038235295563936234,7.676470756530762
16473,-0.04264706000685692,7.164215564727783
16474,-0.05049019679427147,6.602941036224365
16475,-0.06421568989753723,5.901960849761963
16476,-0.06372549384832382,5.125
16477,-0.061764705926179886,4.267157077789307
16478,-0.07352941483259201,3.4166667461395264
16479,-0.07450980693101883,2.4142158031463623
16480,-0.06617647409439087,1.433823585510254
16481,-0.08137255162000656,0.43382352590560913
16482,-0.0784313753247261,-0.5784313678741455
16483,-0.08480392396450043,-1.5563725233078003
16484,-0.07647059112787247,-2.5735294818878174
16485,-0.08627451211214066,-3.4607841968536377
16486,-0.08382353186607361,-4.36274528503418
16487,-0.07401961088180542,-5.161764621734619
16488,-0.07401961088180542,-5.857842922210693
16489,-0.06960784643888474,-6.524509906768799
16490,-0.05833333358168602,-7.007352828979492
16491,-0.05637254938483238,-7.433823585510254
16492,-0.05833333358168602,-7.720588207244873
16493,-0.03921568766236305,-7.889705657958984
16494,-0.03970588371157646,-7.88725471496582
16495,-0.04411764815449715,-7.816176414489746
16496,-0.03284313902258873,-7.583333492279053
16497,-0.02401960827410221,-7.198529243469238
16498,-0.007843137718737125,-6.742647171020508
16499,-0.0009803922148421407,-6.174019813537598
16500,0.0004901961074210703,-5.475490093231201
16501,0.0009803922148421407,-4.661764621734619
16502,0.0029411765281111,-3.811274528503418
16503,0.009313725866377354,-2.899509906768799
16504,0.020588235929608345,-1.8946079015731812
16505,0.022549020126461983,-0.8602941036224365
16506,0.02450980432331562,0.21568627655506134
16507,0.03235294297337532,1.2279411554336548
16508,0.02401960827410221,2.281862735748291
16509,0.03480392321944237,3.3039214611053467
16510,0.0416666679084301,4.323529243469238
16511,0.038235295563936234,5.225490093231201
16512,0.008333333767950535,6.075980186462402
16513,0.028431372717022896,6.875
16514,0.010294117964804173,7.573529243469238
16515,0.01568627543747425,8.107843399047852
16516,0.009803921915590763,8.575980186462402
16517,0.009803921915590763,8.911765098571777
16518,-0.0019607844296842813,9.110294342041016
16519,-0.006862745154649019,9.242647171020508
16520,-0.027941176667809486,9.186274528503418
16521,-0.0235294122248888,9.014705657958984
16522,-0.03529411926865578,8.735294342041016
16523,-0.037254903465509415,8.316176414489746
16524,-0.036274511367082596,7.791666507720947
16525,-0.04019607976078987,7.176470756530762
16526,-0.054411765187978745,6.509803771972656
16527,-0.06862745434045792,5.620098114013672
16528,-0.061274509876966476,4.776960849761963
16529,-0.07009804248809814,3.838235378265381
16530,-0.0833333358168602,2.8627450466156006
16531,-0.0730392187833786,1.8848038911819458
16532,-0.0779411792755127,0.8529411554336548
16533,-0.07892157137393951,-0.1348039209842682
16534,-0.07549019902944565,-1.1200979948043823
16535,-0.07205882668495178,-2.0808823108673096
16536,-0.08627451211214066,-3.0196077823638916
16537,-0.0779411792755127,-3.8897058963775635
16538,-0.07500000298023224,-4.713235378265381
16539,-0.07500000298023224,-5.394608020782471
16540,-0.06421568989753723,-6.026960849761963
16541,-0.061274509876966476,-6.524509906768799
16542,-0.045588236302137375,-6.963235378265381
16543,-0.05686274543404579,-7.235294342041016
16544,-0.04313725605607033,-7.448529243469238
16545,-0.0416666679084301,-7.551470756530762
16546,-0.036764707416296005,-7.561274528503418
16547,-0.03235294297337532,-7.392157077789307
16548,-0.0235294122248888,-7.149509906768799
16549,-0.010294117964804173,-6.80637264251709
16550,-0.01764705963432789,-6.330882549285889
16551,-0.0019607844296842813,-5.828431606292725
16552,-0.006862745154649019,-5.164215564727783
16553,0.009313725866377354,-4.526960849761963
16554,0.014705882407724857,-3.723039150238037
16555,0.013725490309298038,-2.938725471496582
16556,0.01666666753590107,-2.100490093231201
16557,0.01568627543747425,-1.2377450466156006
16558,0.02500000037252903,-0.3553921580314636
16559,0.030882352963089943,0.5367646813392639
16560,0.011274510063230991,1.404411792755127
16561,0.02598039247095585,2.311274528503418
16562,0.01617647148668766,3.0735294818878174
16563,0.04068627581000328,3.8848040103912354
16564,0.01764705963432789,4.620098114013672
16565,0.0004901961074210703,5.26225471496582
16566,0.022549020126461983,5.924019813537598
16567,0.009803921915590763,6.43137264251709
16568,0.009313725866377354,6.924019813537598
16569,0.0024509804788976908,7.30637264251709
16570,0.0019607844296842813,7.580882549285889
16571,-0.004411764908581972,7.747549057006836
16572,-0.003921568859368563,7.865196228027344
16573,-0.01715686358511448,7.919117450714111
16574,-0.021568628028035164,7.857842922210693
16575,-0.02450980432331562,7.666666507720947
16576,-0.03235294297337532,7.497549057006836
16577,-0.03284313902258873,7.159313678741455
16578,-0.03382353112101555,6.776960849761963
16579,-0.04411764815449715,6.235294342041016
16580,-0.036764707416296005,5.776960849761963
16581,-0.05686274543404579,5.149509906768799
16582,-0.045098040252923965,4.48774528503418
16583,-0.05049019679427147,3.81862735748291
16584,-0.05882352963089943,3.125
16585,-0.06078431382775307,2.3553922176361084
16586,-0.09754902124404907,1.625
16587,-0.037254903465509415,0.8259803652763367
16588,-0.019607843831181526,0.01715686358511448
16589,-0.08921568840742111,-0.6691176295280457
16590,-0.05637254938483238,-1.4436274766921997
16591,-0.06617647409439087,-2.1715686321258545
16592,-0.07352941483259201,-2.8235294818878174
16593,-0.0573529414832592,-3.502450942993164
16594,-0.05539215728640556,-4.107842922210693
16595,-0.05098039284348488,-4.698529243469238
16596,-0.05049019679427147,-5.156862735748291
16597,-0.05098039284348488,-5.585784435272217
16598,-0.03431372717022896,-6.019608020782471
16599,-0.04019607976078987,-6.257352828979492
16600,-0.03480392321944237,-6.5
16601,-0.027941176667809486,-6.575980186462402
16602,-0.02549019642174244,-6.639705657958984
16603,-0.026470588520169258,-6.615196228027344
16604,-0.022549020126461983,-6.522058963775635
16605,-0.020588235929608345,-6.296568393707275
16606,-0.014215686358511448,-6.024509906768799
16607,-0.0019607844296842813,-5.68137264251709
16608,0.013235294260084629,-5.230391979217529
16609,-0.0024509804788976908,-4.710784435272217
16610,0.044607844203710556,-4.188725471496582
16611,0.05049019679427147,-3.507352828979492
16612,0.026470588520169258,-2.840686321258545
16613,0.027941176667809486,-2.1397058963775635
16614,0.01225490216165781,-1.3186274766921997
16615,0.022549020126461983,-0.5490196347236633
16616,0.02500000037252903,0.2598039209842682
16617,0.004411764908581972,1.0759804248809814
16618,0.035784315317869186,1.9166666269302368
16619,0.007843137718737125,2.715686321258545
16620,0.0313725508749485,3.492647171020508
16621,0.02598039247095585,4.267157077789307
16622,0.01666666753590107,5.026960849761963
16623,0.021078431978821754,5.696078300476074
16624,0.018627451732754707,6.340686321258545
16625,0.014215686358511448,6.909313678741455
16626,0.0117647061124444,7.375
16627,0.010294117964804173,7.833333492279053
16628,0.022549020126461983,8.139705657958984
16629,0.0034313725773245096,8.397058486938477
16630,-0.00147058826405555,8.517156600952148
16631,-0.013235294260084629,8.595588684082031
16632,-0.018627451732754707,8.563725471496582
16633,-0.028431372717022896,8.365196228027344
16634,-0.029901960864663124,8.120098114013672
16635,-0.037254903465509415,7.81862735748291
16636,-0.02549019642174244,7.399509906768799
16637,-0.03970588371157646,6.848039150238037
16638,-0.04754902049899101,6.254901885986328
16639,-0.05147058889269829,5.571078300476074
16640,-0.0573529414832592,4.81862735748291
16641,-0.05049019679427147,4.031862735748291
16642,-0.06911765038967133,3.1691176891326904
16643,-0.062254901975393295,2.313725471496582
16644,-0.06323529779911041,1.375
16645,-0.07549019902944565,0.4485294222831726
16646,-0.0676470622420311,-0.4779411852359772
16647,-0.06960784643888474,-1.406862735748291
16648,-0.07500000298023224,-2.313725471496582
16649,-0.07401961088180542,-3.213235378265381
16650,-0.0730392187833786,-4.026960849761963
16651,-0.06666667014360428,-4.784313678741455
16652,-0.0573529414832592,-5.453431606292725
16653,-0.062745101749897,-6.107842922210693
16654,-0.054411765187978745,-6.683823585510254
16655,-0.053921569138765335,-7.120098114013672
16656,-0.046568628400564194,-7.458333492279053
16657,-0.04215686395764351,-7.754901885986328
16658,-0.04264706000685692,-7.867647171020508
16659,-0.027941176667809486,-7.973039150238037
16660,-0.03284313902258873,-7.877450942993164
16661,-0.022549020126461983,-7.710784435272217
16662,-0.019607843831181526,-7.51225471496582
16663,-0.005392157007008791,-7.080882549285889
16664,-0.005392157007008791,-6.659313678741455
16665,-0.0009803922148421407,-6.11274528503418
16666,0.007352941203862429,-5.463235378265381
16667,-0.0117647061124444,-4.786764621734619
16668,0.03921568766236305,-4.034313678741455
16669,-0.019607843831181526,-3.215686321258545
16670,0.04264706000685692,-2.3578431606292725
16671,0.019117647781968117,-1.4754902124404907
16672,0.1039215698838234,-0.5514705777168274
16673,1.6906862258911133,0.5098039507865906
16674,-1.0529412031173706,1.252450942993164
16675,1.0764706134796143,2.191176414489746
16676,-0.3009803891181946,3.088235378265381
16677,0.1867647022008896,3.850490093231201
16678,0.07696078717708588,4.659313678741455
16679,0.12892156839370728,5.394608020782471
16680,-0.0024509804788976908,6.06862735748291
16681,0.08431372791528702,6.676470756530762
16682,0.0,7.18137264251709
16683,0.09460784494876862,7.666666507720947
16684,-0.009313725866377354,8.0
16685,0.044607844203710556,8.284314155578613
16686,0.007352941203862429,8.453431129455566
16687,-0.00147058826405555,8.56862735748291
16688,0.0,8.60049057006836
16689,-0.0049019609577953815,8.480392456054688
16690,-0.013725490309298038,8.316176414489746
16691,-0.020098039880394936,8.046568870544434
16692,-0.0235294122248888,7.674019813537598
16693,-0.021568628028035164,7.281862735748291
16694,-0.027941176667809486,6.776960849761963
16695,-0.04313725605607033,6.257352828979492
16696,-0.0470588244497776,5.632352828979492
16697,-0.05637254938483238,5.01225471496582
16698,-0.04117647185921669,4.311274528503418
16699,-0.053431373089551926,3.617647171020508
16700,-0.05833333358168602,2.8284313678741455
16701,-0.061764705926179886,2.06862735748291
16702,-0.0519607849419117,1.3063725233078003
16703,-0.06617647409439087,0.5588235259056091
16704,-0.053431373089551926,-0.2083333283662796
16705,-0.05588235333561897,-0.9436274766921997
16706,-0.053431373089551926,-1.6372549533843994
16707,-0.04901960864663124,-2.279411792755127
16708,-0.05980392172932625,-2.9901959896087646
16709,-0.052941177040338516,-3.595588207244873
16710,-0.046078432351350784,-4.183823585510254
16711,-0.05098039284348488,-4.691176414489746
16712,-0.054901961237192154,-5.161764621734619
16713,-0.045098040252923965,-5.580882549285889
16714,-0.044607844203710556,-5.877450942993164
16715,-0.04068627581000328,-6.200980186462402
16716,-0.037745099514722824,-6.399509906768799
16717,-0.029411764815449715,-6.558823585510254
16718,-0.03431372717022896,-6.644608020782471
16719,-0.022058824077248573,-6.639705657958984
16720,-0.030392156913876534,-6.585784435272217
16721,-0.019117647781968117,-6.485294342041016
16722,-0.0235294122248888,-6.321078300476074
16723,-0.015196078456938267,-6.06862735748291
16724,-0.008823529817163944,-5.772058963775635
16725,-0.006862745154649019,-5.428921699523926
16726,0.003921568859368563,-4.94362735748291
16727,0.0,-4.468137264251709
16728,0.014705882407724857,-3.9901959896087646
16729,-0.030392156913876534,-3.465686321258545
16730,0.037745099514722824,-2.808823585510254
16731,-0.003921568859368563,-2.1691176891326904
16732,0.026470588520169258,-1.4779411554336548
16733,0.0117647061124444,-0.8357843160629272
16734,0.02401960827410221,-0.125
16735,0.02450980432331562,0.625
16736,0.021078431978821754,1.3651961088180542
16737,0.018627451732754707,2.088235378265381
16738,0.026960784569382668,2.7990195751190186
16739,0.021568628028035164,3.526960849761963
16740,0.02598039247095585,4.178921699523926
16741,0.02598039247095585,4.840686321258545
16742,0.030392156913876534,5.504901885986328
16743,0.018627451732754707,6.002450942993164
16744,0.019607843831181526,6.558823585510254
16745,-0.020588235929608345,7.0
16746,-0.4995098114013672,7.401960849761963
16747,0.0313725508749485,7.796568393707275
16748,-0.03970588371157646,8.098039627075195
16749,-0.16960784792900085,8.259803771972656
16750,0.08578431606292725,8.46813678741455
16751,-0.15392157435417175,8.460783958435059
16752,-0.046568628400564194,8.465685844421387
16753,0.0235294122248888,8.31862735748291
16754,-0.0882352963089943,8.164216041564941
16755,0.00147058826405555,7.904411792755127
16756,-0.06519608199596405,7.546568393707275
16757,-0.029901960864663124,7.080882549285889
16758,-0.037254903465509415,6.644608020782471
16759,-0.045588236302137375,6.058823585510254
16760,-0.053921569138765335,5.480391979217529
16761,-0.04068627581000328,4.730391979217529
16762,-0.0519607849419117,4.024509906768799
16763,-0.05637254938483238,3.218137264251709
16764,-0.061764705926179886,2.4485294818878174
16765,-0.05980392172932625,1.6421568393707275
16766,-0.06519608199596405,0.8161764740943909
16767,-0.06960784643888474,-0.08088235557079315
16768,-0.07009804248809814,-0.9436274766921997
16769,-0.06078431382775307,-1.7401961088180542
16770,-0.07156863063573837,-2.5441176891326904
16771,-0.061274509876966476,-3.350490093231201
16772,-0.0573529414832592,-4.090686321258545
16773,-0.05049019679427147,-4.823529243469238
16774,-0.05098039284348488,-5.468137264251709
16775,-0.05637254938483238,-6.017157077789307
16776,-0.05245098099112511,-6.546568393707275
16777,-0.0573529414832592,-6.965686321258545
16778,-0.04068627581000328,-7.311274528503418
16779,-0.035784315317869186,-7.600490093231201
16780,-0.0416666679084301,-7.769608020782471
16781,-0.03431372717022896,-7.892157077789307
16782,-0.030882352963089943,-7.897058963775635
16783,-0.027941176667809486,-7.730391979217529
16784,-0.01617647148668766,-7.622549057006836
16785,-0.007843137718737125,-7.38725471496582
16786,-0.010784314014017582,-7.034313678741455
16787,-0.00147058826405555,-6.600490093231201
16788,0.0024509804788976908,-6.154411792755127
16789,0.011274510063230991,-5.588235378265381
16790,0.0058823530562222,-4.948529243469238
16791,0.01764705963432789,-4.274509906768799
16792,0.023039216175675392,-3.6053922176361084
16793,0.02549019642174244,-2.8651959896087646
16794,0.03333333507180214,-2.088235378265381
16795,0.02500000037252903,-1.2965686321258545
16796,0.029411764815449715,-0.49754902720451355
16797,0.023039216175675392,0.2965686321258545
16798,0.018137255683541298,1.1029411554336548
16799,0.026470588520169258,1.8259804248809814
16800,0.018627451732754707,2.629901885986328
16801,0.03235294297337532,3.3333332538604736
16802,0.0049019609577953815,4.090686321258545
16803,0.0416666679084301,4.708333492279053
16804,-0.0009803922148421407,5.296568393707275
16805,0.03480392321944237,5.88725471496582
16806,0.007352941203862429,6.389705657958984
16807,-0.7259804010391235,6.747549057006836
16808,1.108823537826538,7.264705657958984
16809,-0.7607843279838562,7.571078300476074
16810,0.6377450823783875,7.781862735748291
16811,-0.054411765187978745,8.02450942993164
16812,0.0117647061124444,8.061274528503418
16813,0.11862745136022568,8.19362735748291
16814,-0.09656862914562225,8.088234901428223
16815,0.019117647781968117,8.036765098571777
16816,0.01715686358511448,7.894608020782471
16817,-0.08186274766921997,7.698529243469238
16818,0.04264706000685692,7.470588207244873
16819,-0.07401961088180542,7.142157077789307
16820,-0.01274509821087122,6.799019813537598
16821,-0.02549019642174244,6.416666507720947
16822,-0.04411764815449715,5.93137264251709
16823,-0.02500000037252903,5.43137264251709
16824,-0.04362745210528374,4.911764621734619
16825,-0.04901960864663124,4.36274528503418
16826,-0.028921568766236305,3.813725471496582
16827,-0.046078432351350784,3.2328431606292725
16828,-0.03480392321944237,2.5808823108673096
16829,-0.045588236302137375,1.9558823108673096
16830,-0.02450980432331562,1.3210784196853638
16831,-0.08921568840742111,0.6593137383460999
16832,-0.029901960864663124,0.053921569138765335
16833,-0.06078431382775307,-0.6078431606292725
16834,-0.06617647409439087,-1.2549020051956177
16835,-0.052941177040338516,-1.8651961088180542
16836,-0.045588236302137375,-2.5
16837,-0.04901960864663124,-3.0441176891326904
16838,-0.05588235333561897,-3.6348040103912354
16839,-0.05245098099112511,-4.164215564727783
16840,-0.05049019679427147,-4.664215564727783
16841,-0.045098040252923965,-5.110294342041016
16842,-0.053921569138765335,-5.546568393707275
16843,-0.04362745210528374,-5.857842922210693
16844,-0.04362745210528374,-6.230391979217529
16845,-0.03186274692416191,-6.539215564727783
16846,-0.03970588371157646,-6.725490093231201
16847,-0.03284313902258873,-6.904411792755127
16848,-0.029901960864663124,-7.041666507720947
16849,-0.027941176667809486,-7.061274528503418
16850,-0.018627451732754707,-7.049019813537598
16851,-0.007352941203862429,-7.034313678741455
16852,-0.007843137718737125,-6.872549057006836
16853,-0.006862745154649019,-6.647058963775635
16854,-0.0034313725773245096,-6.394608020782471
16855,0.010784314014017582,-6.053921699523926
16856,0.0019607844296842813,-5.661764621734619
16857,0.014215686358511448,-5.286764621734619
16858,0.0009803922148421407,-4.754901885986328
16859,0.008823529817163944,-4.161764621734619
16860,0.01764705963432789,-3.56862735748291
16861,0.020588235929608345,-2.9583332538604736
16862,0.01764705963432789,-2.2352941036224365
16863,0.023039216175675392,-1.558823585510254
16864,0.02598039247095585,-0.813725471496582
16865,0.03382353112101555,-0.04901960864663124
16866,0.02401960827410221,0.7254902124404907
16867,0.02401960827410221,1.5098038911819458
16868,0.03431372717022896,2.2696077823638916
16869,0.027450980618596077,3.0147058963775635
16870,0.03333333507180214,3.7671568393707275
16871,0.028921568766236305,4.504901885986328
16872,0.029411764815449715,5.142157077789307
16873,0.03284313902258873,5.786764621734619
16874,0.019607843831181526,6.419117450714111
16875,0.028431372717022896,7.002450942993164
16876,0.021078431978821754,7.492647171020508
16877,0.023039216175675392,7.882352828979492
16878,0.015196078456938267,8.227941513061523
16879,0.005392157007008791,8.53186321258545
16880,-0.00147058826405555,8.813725471496582
16881,-0.0029411765281111,8.914216041564941
16882,0.02549019642174244,9.02450942993164
16883,-0.04264706000685692,9.004901885986328
16884,0.04754902049899101,8.901960372924805
16885,0.16421568393707275,8.742647171020508
16886,0.14166666567325592,8.5
16887,-0.2661764621734619,8.15686321258545
16888,0.34656861424446106,7.835784435272217
16889,-0.2803921699523926,7.377450942993164
16890,0.12058823555707932,6.897058963775635
16891,-0.04803921654820442,6.372549057006836
16892,-0.04803921654820442,5.752450942993164
16893,0.014705882407724857,5.139705657958984
16894,-0.10147058963775635,4.482842922210693
16895,-0.026470588520169258,3.779411792755127
16896,-0.03382353112101555,3.0808823108673096
16897,-0.0573529414832592,2.350490093231201
16898,-0.03382353112101555,1.6519607305526733
16899,-0.05539215728640556,0.8921568393707275
16900,-0.053921569138765335,0.20588235557079315
16901,-0.05245098099112511,-0.5245097875595093
16902,-0.053431373089551926,-1.2230392694473267
16903,-0.0470588244497776,-1.8602941036224365
16904,-0.05882352963089943,-2.536764621734619
16905,-0.0519607849419117,-3.1102941036224365
16906,-0.04362745210528374,-3.6397058963775635
16907,-0.046568628400564194,-4.218137264251709
16908,-0.04803921654820442,-4.69362735748291
16909,-0.04803921654820442,-5.125
16910,-0.04803921654820442,-5.534313678741455
16911,-0.036764707416296005,-5.865196228027344
16912,-0.038235295563936234,-6.132352828979492
16913,-0.03284313902258873,-6.367647171020508
16914,-0.03333333507180214,-6.549019813537598
16915,-0.020588235929608345,-6.703431606292725
16916,-0.021078431978821754,-6.796568393707275
16917,-0.02401960827410221,-6.816176414489746
16918,-0.01764705963432789,-6.828431606292725
16919,-0.01764705963432789,-6.772058963775635
16920,-0.02401960827410221,-6.671568393707275
16921,-0.0058823530562222,-6.507352828979492
16922,-0.01568627543747425,-6.311274528503418
16923,-0.014215686358511448,-6.110294342041016
16924,-0.00637254910543561,-5.823529243469238
16925,-0.005392157007008791,-5.524509906768799
16926,0.0009803922148421407,-5.117647171020508
16927,0.0029411765281111,-4.772058963775635
16928,0.00637254910543561,-4.335784435272217
16929,0.0058823530562222,-3.909313678741455
16930,0.011274510063230991,-3.4852941036224365
16931,0.01225490216165781,-2.9289214611053467
16932,0.008333333767950535,-2.382352828979492
16933,0.010784314014017582,-1.8823529481887817
16934,0.02401960827410221,-1.2769607305526733
16935,0.014215686358511448,-0.7230392098426819
16936,0.01666666753590107,-0.09558823704719543
16937,0.01274509821087122,0.5220588445663452
16938,0.01715686358511448,1.0808823108673096
16939,0.018137255683541298,1.715686321258545
16940,0.05588235333561897,2.3357841968536377
16941,0.06519608199596405,2.9583332538604736
16942,0.01225490216165781,3.526960849761963
16943,0.04264706000685692,4.098039150238037
16944,0.028921568766236305,4.69362735748291
16945,0.014705882407724857,5.269608020782471
16946,0.03872549161314964,5.76225471496582
16947,0.014705882407724857,6.286764621734619
16948,0.01568627543747425,6.76225471496582
16949,0.0117647061124444,7.166666507720947
16950,0.01764705963432789,7.580882549285889
16951,0.014215686358511448,7.884803771972656
16952,0.011274510063230991,8.147058486938477
16953,0.0019607844296842813,8.377450942993164
16954,0.009313725866377354,8.585783958435059
16955,0.0,8.629901885986328
16956,-0.00637254910543561,8.720588684082031
16957,-0.01225490216165781,8.71813678741455
16958,-0.0049019609577953815,8.639705657958984
16959,-0.01617647148668766,8.54411792755127
16960,-0.020588235929608345,8.299019813537598
16961,-0.020588235929608345,8.022058486938477
16962,-0.01568627543747425,7.703431606292725
16963,-0.05000000074505806,7.308823585510254
16964,-0.02598039247095585,6.877450942993164
16965,-0.046078432351350784,6.365196228027344
16966,-0.0416666679084301,5.86274528503418
16967,-0.046078432351350784,5.23774528503418
16968,-0.05000000074505806,4.617647171020508
16969,-0.045588236302137375,3.963235378265381
16970,-0.04950980469584465,3.2990195751190186
16971,-0.046078432351350784,2.56862735748291
16972,-0.04754902049899101,1.8382352590560913
16973,-0.0416666679084301,1.1102941036224365
16974,-0.0573529414832592,0.37254902720451355
16975,-0.04362745210528374,-0.33088234066963196
16976,-0.04264706000685692,-1.0735293626785278
16977,-0.054411765187978745,-1.7892156839370728
16978,-0.04852941259741783,-2.406862735748291
16979,-0.05539215728640556,-3.098039150238037
16980,-0.05147058889269829,-3.7009804248809814
16981,-0.05588235333561897,-4.264705657958984
16982,-0.04313725605607033,-4.833333492279053
16983,-0.03970588371157646,-5.294117450714111
16984,-0.036764707416296005,-5.730391979217529
16985,-0.03529411926865578,-6.151960849761963
16986,-0.035784315317869186,-6.473039150238037
16987,-0.035784315317869186,-6.747549057006836
16988,-0.02549019642174244,-6.985294342041016
16989,-0.0313725508749485,-7.127450942993164
16990,-0.02500000037252903,-7.26225471496582
16991,-0.02598039247095585,-7.289215564727783
16992,-0.008823529817163944,-7.31862735748291
16993,-0.007352941203862429,-7.247549057006836
16994,-0.007352941203862429,-7.178921699523926
16995,-0.01274509821087122,-7.029411792755127
16996,0.0034313725773245096,-6.828431606292725
16997,-0.01666666753590107,-6.615196228027344
16998,0.013235294260084629,-6.355391979217529
16999,-0.015196078456938267,-5.985294342041016
17000,0.008333333767950535,-5.674019813537598
17001,-0.007352941203862429,-5.267157077789307
17002,0.0024509804788976908,-4.894608020782471
17003,-0.0049019609577953815,-4.406862735748291
17004,0.005392157007008791,-3.995098114013672
17005,0.01617647148668766,-3.5392158031463623
17006,-0.05245098099112511,-3.06862735748291
17007,0.0,-2.5171568393707275
17008,0.007843137718737125,-2.0196077823638916
17009,0.004411764908581972,-1.4926470518112183
17010,0.021568628028035164,-0.9950980544090271
17011,0.019607843831181526,-0.4387255012989044
17012,0.021078431978821754,0.08088235557079315
17013,0.014215686358511448,0.6200980544090271
17014,0.00637254910543561,1.1470588445663452
17015,0.01568627543747425,1.691176414489746
17016,0.01274509821087122,2.2401959896087646
17017,0.01274509821087122,2.7720587253570557
17018,0.021568628028035164,3.284313678741455
17019,0.022058824077248573,3.7916667461395264
17020,0.00637254910543561,4.296568393707275
17021,0.018137255683541298,4.779411792755127
17022,0.009313725866377354,5.254901885986328
17023,0.02500000037252903,5.674019813537598
17024,-0.003921568859368563,6.053921699523926
17025,0.0117647061124444,6.482842922210693
17026,0.0009803922148421407,6.821078300476074
17027,0.005392157007008791,7.18137264251709
17028,0.00637254910543561,7.490196228027344
17029,0.0034313725773245096,7.774509906768799
17030,0.0,7.977941036224365
17031,-0.0049019609577953815,8.188725471496582
17032,-0.00147058826405555,8.345588684082031
17033,-0.007843137718737125,8.428921699523926
17034,-0.00637254910543561,8.522058486938477
17035,-0.0117647061124444,8.48774528503418
17036,-0.011274510063230991,8.450980186462402
17037,-0.005392157007008791,8.325980186462402
17038,-0.01715686358511448,8.227941513061523
17039,-0.022549020126461983,8.007352828979492
17040,-0.0313725508749485,7.73774528503418
17041,-0.019117647781968117,7.409313678741455
17042,-0.021568628028035164,7.098039150238037
17043,-0.027941176667809486,6.674019813537598
17044,-0.030882352963089943,6.213235378265381
17045,-0.04019607976078987,5.68137264251709
17046,-0.03382353112101555,5.191176414489746
17047,-0.04313725605607033,4.602941036224365
17048,-0.04754902049899101,4.014705657958984
17049,-0.01715686358511448,3.377450942993164
17050,-0.03284313902258873,2.742647171020508
17051,-0.07401961088180542,2.0490195751190186
17052,-0.04362745210528374,1.3995097875595093
17053,-0.04313725605607033,0.7303921580314636
17054,-0.04901960864663124,0.0024509804788976908
17055,-0.05686274543404579,-0.6519607901573181
17056,-0.054901961237192154,-1.2867647409439087
17057,-0.053431373089551926,-1.9901961088180542
17058,-0.04901960864663124,-2.598039150238037
17059,-0.04950980469584465,-3.225490093231201
17060,-0.045098040252923965,-3.779411792755127
17061,-0.0416666679084301,-4.36274528503418
17062,-0.04411764815449715,-4.86274528503418
17063,-0.04313725605607033,-5.299019813537598
17064,-0.036274511367082596,-5.703431606292725
17065,-0.027941176667809486,-6.110294342041016
17066,-0.03333333507180214,-6.399509906768799
17067,-0.03480392321944237,-6.678921699523926
17068,-0.02598039247095585,-6.889705657958984
17069,-0.02401960827410221,-7.098039150238037
17070,-0.029901960864663124,-7.227941036224365
17071,-0.019607843831181526,-7.308823585510254
17072,-0.01764705963432789,-7.321078300476074
17073,-0.015196078456938267,-7.323529243469238
17074,-0.01666666753590107,-7.225490093231201
17075,0.0009803922148421407,-7.13725471496582
17076,-0.008823529817163944,-6.995098114013672
17077,-0.004411764908581972,-6.821078300476074
17078,-0.0004901961074210703,-6.625
17079,0.004411764908581972,-6.335784435272217
17080,0.0009803922148421407,-6.115196228027344
17081,0.005392157007008791,-5.803921699523926
17082,0.007843137718737125,-5.470588207244873
17083,0.0024509804788976908,-5.090686321258545
17084,0.0049019609577953815,-4.715686321258545
17085,0.010294117964804173,-4.355391979217529
17086,0.01666666753590107,-3.9607841968536377
17087,0.009803921915590763,-3.5539214611053467
17088,0.010784314014017582,-3.120098114013672
17089,0.021078431978821754,-2.649509906768799
17090,0.009313725866377354,-2.220588207244873
17091,0.005392157007008791,-1.7401961088180542
17092,0.01274509821087122,-1.2671568393707275
17093,0.014705882407724857,-0.7720588445663452
17094,0.010784314014017582,-0.3284313678741455
17095,0.0313725508749485,0.18627451360225677
17096,0.014215686358511448,0.6617646813392639
17097,0.019117647781968117,1.1813725233078003
17098,0.018137255683541298,1.6764706373214722
17099,0.01764705963432789,2.149509906768799
17100,0.020588235929608345,2.6764705181121826
17101,0.02500000037252903,3.1372549533843994
17102,0.018137255683541298,3.6446077823638916
17103,0.01568627543747425,4.095588207244873
17104,0.021568628028035164,4.590686321258545
17105,0.008333333767950535,5.05637264251709
17106,0.01666666753590107,5.473039150238037
17107,0.01568627543747425,5.960784435272217
17108,0.01568627543747425,6.333333492279053
17109,0.008333333767950535,6.727941036224365
17110,0.014215686358511448,7.088235378265381
17111,0.014215686358511448,7.448529243469238
17112,0.010294117964804173,7.735294342041016
17113,0.013725490309298038,8.022058486938477
17114,0.0117647061124444,8.23774528503418
17115,0.010784314014017582,8.40686321258545
17116,0.009803921915590763,8.629901885986328
17117,0.0029411765281111,8.69362735748291
17118,0.0,8.752450942993164
17119,-0.0058823530562222,8.757352828979492
17120,-0.0029411765281111,8.740196228027344
17121,-0.007843137718737125,8.661765098571777
17122,-0.010784314014017582,8.566176414489746
17123,-0.0235294122248888,8.325980186462402
17124,-0.019117647781968117,8.063725471496582
17125,-0.018627451732754707,7.81862735748291
17126,-0.01666666753590107,7.475490093231201
17127,-0.030392156913876534,7.107842922210693
17128,-0.02450980432331562,6.715686321258545
17129,-0.03284313902258873,6.274509906768799
17130,-0.03284313902258873,5.747549057006836
17131,-0.04313725605607033,5.257352828979492
17132,-0.04117647185921669,4.674019813537598
17133,-0.036764707416296005,4.156862735748291
17134,-0.036764707416296005,3.5441176891326904
17135,-0.04068627581000328,2.9289214611053467
17136,-0.04803921654820442,2.3259804248809814
17137,-0.03480392321944237,1.6617647409439087
17138,-0.038235295563936234,1.0735293626785278
17139,-0.046568628400564194,0.4779411852359772
17140,-0.03382353112101555,-0.12254901975393295
17141,-0.04019607976078987,-0.688725471496582
17142,-0.046568628400564194,-1.2916666269302368
17143,-0.04411764815449715,-1.8700979948043823
17144,-0.03235294297337532,-2.3602941036224365
17145,-0.046078432351350784,-2.845588207244873
17146,-0.036274511367082596,-3.3529412746429443
17147,-0.036764707416296005,-3.7892158031463623
17148,-0.03921568766236305,-4.186274528503418
17149,-0.036274511367082596,-4.625
17150,-0.037254903465509415,-4.928921699523926
17151,-0.026960784569382668,-5.279411792755127
17152,-0.029901960864663124,-5.563725471496582
17153,-0.0313725508749485,-5.816176414489746
17154,-0.026960784569382668,-6.036764621734619
17155,-0.027941176667809486,-6.203431606292725
17156,-0.019607843831181526,-6.38725471496582
17157,-0.03872549161314964,-6.519608020782471
17158,-0.007843137718737125,-6.625
17159,-0.0235294122248888,-6.708333492279053
17160,-0.026470588520169258,-6.730391979217529
17161,-0.014215686358511448,-6.75
17162,-0.005392157007008791,-6.81862735748291
17163,-0.01568627543747425,-6.732842922210693
17164,-0.008823529817163944,-6.715686321258545
17165,-1.0083333253860474,-6.700980186462402
17166,0.16470588743686676,-6.610294342041016
17167,0.1818627417087555,-6.375
17168,-0.46568626165390015,-6.372549057006836
17169,0.32499998807907104,-6.125
17170,-0.13774509727954865,-6.002450942993164
17171,-0.011274510063230991,-5.784313678741455
17172,0.02549019642174244,-5.56862735748291
17173,-0.07156863063573837,-5.325980186462402
17174,0.04117647185921669,-5.088235378265381
17175,-0.027450980618596077,-4.816176414489746
17176,0.004411764908581972,-4.492647171020508
17177,-0.0058823530562222,-4.142157077789307
17178,0.009803921915590763,-3.8259804248809814
17179,0.014705882407724857,-3.3946077823638916
17180,-0.0029411765281111,-2.992647171020508
17181,-0.010784314014017582,-2.5392158031463623
17182,0.013235294260084629,-2.100490093231201
17183,0.004411764908581972,-1.5980392694473267
17184,0.021568628028035164,-1.0980392694473267
17185,0.01274509821087122,-0.5735294222831726
17186,0.009803921915590763,-0.08578431606292725
17187,0.02598039247095585,0.47058823704719543
17188,0.019117647781968117,1.0882352590560913
17189,0.01715686358511448,1.6200979948043823
17190,0.019607843831181526,2.095588207244873
17191,0.022549020126461983,2.7009804248809814
17192,0.019117647781968117,3.281862735748291
17193,0.026470588520169258,3.870098114013672
17194,0.01764705963432789,4.392157077789307
17195,0.019117647781968117,4.897058963775635
17196,0.018627451732754707,5.438725471496582
17197,0.01764705963432789,5.892157077789307
17198,0.020588235929608345,6.333333492279053
17199,0.01568627543747425,6.754901885986328
17200,0.021078431978821754,7.154411792755127
17201,0.01715686358511448,7.551470756530762
17202,0.01666666753590107,7.850490093231201
17203,0.014705882407724857,8.102941513061523
17204,0.010294117964804173,8.340685844421387
17205,0.005392157007008791,8.52450942993164
17206,0.0029411765281111,8.68137264251709
17207,0.0019607844296842813,8.791666984558105
17208,-0.0009803922148421407,8.808823585510254
17209,0.019607843831181526,8.85049057006836
17210,-0.04264706000685692,8.786765098571777
17211,0.0235294122248888,8.700980186462402
17212,-0.020588235929608345,8.607843399047852
17213,0.003921568859368563,8.463234901428223
17214,-0.02549019642174244,8.257352828979492
17215,-0.021078431978821754,8.036765098571777
17216,-0.018627451732754707,7.816176414489746
17217,-0.021568628028035164,7.526960849761963
17218,-0.01764705963432789,7.284313678741455
17219,-0.007352941203862429,6.909313678741455
17220,-0.023039216175675392,6.539215564727783
17221,-0.020098039880394936,6.215686321258545
17222,-0.02450980432331562,5.867647171020508
17223,-0.015196078456938267,5.536764621734619
17224,-0.037745099514722824,5.144608020782471
17225,-0.021078431978821754,4.69362735748291
17226,-0.029901960864663124,4.333333492279053
17227,-0.035784315317869186,3.9215686321258545
17228,-0.026470588520169258,3.5490195751190186
17229,-0.029901960864663124,3.125
17230,-0.03431372717022896,2.69362735748291
17231,-0.03921568766236305,2.3308823108673096
17232,-0.0313725508749485,1.906862735748291
17233,-0.028921568766236305,1.5563725233078003
17234,-0.022549020126461983,1.1446079015731812
17235,-0.029901960864663124,0.7573529481887817
17236,-0.046568628400564194,0.3602941036224365
17237,-0.037254903465509415,-0.05147058889269829
17238,0.2029411792755127,-0.4313725531101227
17239,0.3029411733150482,-0.8382353186607361
17240,-0.45637255907058716,-1.2598038911819458
17241,0.42990195751190186,-1.6102941036224365
17242,-0.23578430712223053,-2.0808823108673096
17243,0.08431372791528702,-2.4509804248809814
17244,0.011274510063230991,-2.8259804248809814
17245,-0.05539215728640556,-3.284313678741455
17246,0.0019607844296842813,-3.6642158031463623
17247,-0.03970588371157646,-4.041666507720947
17248,-0.04117647185921669,-4.468137264251709
17249,-0.0019607844296842813,-4.825980186462402
17250,-0.030392156913876534,-5.151960849761963
17251,-0.026470588520169258,-5.519608020782471
17252,-0.03333333507180214,-5.875
17253,-0.030392156913876534,-6.225490093231201
17254,-0.019117647781968117,-6.458333492279053
17255,-0.03529411926865578,-6.745098114013672
17256,-0.02598039247095585,-7.022058963775635
17257,-0.02401960827410221,-7.26225471496582
17258,-0.022058824077248573,-7.424019813537598
17259,-0.026960784569382668,-7.602941036224365
17260,-0.02598039247095585,-7.696078300476074
17261,-0.01764705963432789,-7.767157077789307
17262,-0.01225490216165781,-7.860294342041016
17263,-0.03480392321944237,-7.843137264251709
17264,-0.01715686358511448,-7.808823585510254
17265,-0.0009803922148421407,-7.698529243469238
17266,-0.01225490216165781,-7.573529243469238
17267,-0.011274510063230991,-7.43137264251709
17268,-0.004411764908581972,-7.227941036224365
17269,-0.007352941203862429,-6.98774528503418
17270,-0.010784314014017582,-6.696078300476074
17271,-0.014705882407724857,-6.392157077789307
17272,0.0009803922148421407,-6.039215564727783
17273,0.013235294260084629,-5.654411792755127
17274,0.013235294260084629,-5.299019813537598
17275,0.007352941203862429,-4.855391979217529
17276,-0.0004901961074210703,-4.419117450714111
17277,0.007843137718737125,-3.9583332538604736
17278,0.01764705963432789,-3.492647171020508
17279,0.008823529817163944,-3.029411792755127
17280,0.007352941203862429,-2.531862735748291
17281,0.01764705963432789,-2.0735294818878174
17282,0.013235294260084629,-1.5710784196853638
17283,0.015196078456938267,-1.1102941036224365
17284,0.013235294260084629,-0.6372548937797546
17285,0.01715686358511448,-0.20098039507865906
17286,0.014215686358511448,0.27941176295280457
17287,0.010294117964804173,0.6740196347236633
17288,0.014705882407724857,1.0710784196853638
17289,0.014705882407724857,1.5563725233078003
17290,0.014215686358511448,1.9534313678741455
17291,0.004411764908581972,2.3553922176361084
17292,-0.0029411765281111,2.629901885986328
17293,-0.020098039880394936,3.0490195751190186
17294,0.026960784569382668,3.3848040103912354
17295,-0.02450980432331562,3.723039150238037
17296,0.009803921915590763,4.009803771972656
17297,0.0,4.348039150238037
17298,0.003921568859368563,4.602941036224365
17299,0.1931372582912445,4.960784435272217
17300,-0.21568627655506134,5.156862735748291
17301,-0.45539215207099915,5.399509906768799
17302,0.4220588207244873,5.759803771972656
17303,-0.8553921580314636,5.909313678741455
17304,0.45049020648002625,6.218137264251709
17305,-0.33578431606292725,6.43137264251709
17306,0.14411765336990356,6.691176414489746
17307,-0.036274511367082596,6.88725471496582
17308,-0.07058823853731155,7.110294342041016
17309,0.07009804248809814,7.365196228027344
17310,-0.04264706000685692,7.566176414489746
17311,-0.01274509821087122,7.732842922210693
17312,0.018137255683541298,7.909313678741455
17313,-0.018137255683541298,8.075980186462402
17314,0.014215686358511448,8.279411315917969
17315,-0.006862745154649019,8.367647171020508
17316,0.019607843831181526,8.473039627075195
17317,0.01764705963432789,8.526960372924805
17318,-0.022058824077248573,8.54411792755127
17319,0.0049019609577953815,8.595588684082031
17320,-0.00147058826405555,8.55637264251709
17321,-0.0117647061124444,8.55637264251709
17322,-0.013725490309298038,8.453431129455566
17323,-0.0019607844296842813,8.333333015441895
17324,-0.03235294297337532,8.183823585510254
17325,0.007352941203862429,8.01225471496582
17326,-0.035784315317869186,7.769608020782471
17327,0.003921568859368563,7.578431606292725
17328,-0.023039216175675392,7.26225471496582
17329,-0.014705882407724857,6.93137264251709
17330,-0.026960784569382668,6.595588207244873
17331,-0.023039216175675392,6.225490093231201
17332,-0.02598039247095585,5.81862735748291
17333,-0.022058824077248573,5.404411792755127
17334,-0.029411764815449715,4.936274528503418
17335,-0.0313725508749485,4.470588207244873
17336,-0.03480392321944237,4.053921699523926
17337,-0.03186274692416191,3.5490195751190186
17338,-0.029411764815449715,3.0514705181121826
17339,-0.02450980432331562,2.5490195751190186
17340,-0.036274511367082596,2.061274528503418
17341,-0.03529411926865578,1.6029411554336548
17342,-0.046078432351350784,1.122549057006836
17343,-0.04068627581000328,0.6446078419685364
17344,-0.030882352963089943,0.18137255311012268
17345,-0.036764707416296005,-0.2549019753932953
17346,-0.03431372717022896,-0.6666666865348816
17347,-0.045588236302137375,-1.0833333730697632
17348,-0.03333333507180214,-1.5196079015731812
17349,-0.0313725508749485,-1.877450942993164
17350,-0.03382353112101555,-2.213235378265381
17351,-0.03431372717022896,-2.5514705181121826
17352,-0.04068627581000328,-2.843137264251709
17353,-0.03382353112101555,-3.159313678741455
17354,-0.03480392321944237,-3.406862735748291
17355,-0.028431372717022896,-3.7401959896087646
17356,-0.037254903465509415,-3.9803922176361084
17357,-0.03333333507180214,-4.230391979217529
17358,-0.02598039247095585,-4.38725471496582
17359,-0.027941176667809486,-4.598039150238037
17360,-0.026960784569382668,-4.860294342041016
17361,-0.02401960827410221,-5.01225471496582
17362,-0.028921568766236305,-5.247549057006836
17363,-0.030882352963089943,-5.375
17364,-0.02500000037252903,-5.61274528503418
17365,-0.022549020126461983,-5.725490093231201
17366,-0.023039216175675392,-5.904411792755127
17367,-0.021568628028035164,-6.093137264251709
17368,-0.02598039247095585,-6.257352828979492
17369,-0.023039216175675392,-6.44362735748291
17370,-0.023039216175675392,-6.600490093231201
17371,-0.026470588520169258,-6.700980186462402
17372,0.021568628028035164,-6.830882549285889
17373,0.28284314274787903,-6.924019813537598
17374,0.005392157007008791,-7.105391979217529
17375,-0.12892156839370728,-7.205882549285889
17376,0.3019607961177826,-7.203431606292725
17377,-0.22843137383460999,-7.348039150238037
17378,0.1348039209842682,-7.367647171020508
17379,-0.029901960864663124,-7.421568393707275
17380,-0.01617647148668766,-7.389705657958984
17381,0.06568627804517746,-7.401960849761963
17382,-0.0730392187833786,-7.301470756530762
17383,0.0313725508749485,-7.205882549285889
17384,0.0019607844296842813,-7.061274528503418
17385,-0.015196078456938267,-6.916666507720947
17386,0.009313725866377354,-6.742647171020508
17387,-0.0058823530562222,-6.48774528503418
17388,0.00637254910543561,-6.26225471496582
17389,0.0029411765281111,-6.026960849761963
17390,-0.007352941203862429,-5.661764621734619
17391,0.00147058826405555,-5.311274528503418
17392,0.011274510063230991,-5.019608020782471
17393,0.01568627543747425,-4.625
17394,0.0019607844296842813,-4.159313678741455
17395,0.003921568859368563,-3.8039214611053467
17396,0.0034313725773245096,-3.348039150238037
17397,0.019607843831181526,-2.875
17398,0.0049019609577953815,-2.43137264251709
17399,0.00637254910543561,-1.9901961088180542
17400,0.0058823530562222,-1.5220588445663452
17401,0.009803921915590763,-1.061274528503418
17402,0.010784314014017582,-0.6078431606292725
17403,0.010294117964804173,-0.17892156541347504
17404,0.018137255683541298,0.281862735748291
17405,0.003921568859368563,0.6274510025978088
17406,0.0019607844296842813,1.0196079015731812
17407,0.0117647061124444,1.4313725233078003
17408,0.010294117964804173,1.8210784196853638
17409,0.01225490216165781,2.161764621734619
17410,0.01617647148668766,2.5
17411,0.01764705963432789,2.8235294818878174
17412,0.020588235929608345,3.122549057006836
17413,0.0004901961074210703,3.382352828979492
17414,0.019607843831181526,3.6470587253570557
17415,-0.004411764908581972,3.877450942993164
17416,0.009803921915590763,4.159313678741455
17417,0.04215686395764351,4.379901885986328
17418,0.04362745210528374,4.578431606292725
17419,0.04411764815449715,4.764705657958984
17420,0.0004901961074210703,5.022058963775635
17421,-0.0009803922148421407,5.235294342041016
17422,0.0024509804788976908,5.367647171020508
17423,-0.014705882407724857,5.615196228027344
17424,0.013725490309298038,5.81862735748291
17425,0.0009803922148421407,5.990196228027344
17426,0.0029411765281111,6.196078300476074
17427,0.013235294260084629,6.389705657958984
17428,0.008823529817163944,6.63725471496582
17429,0.009313725866377354,6.81862735748291
17430,0.0034313725773245096,7.014705657958984
17431,0.004411764908581972,7.252450942993164
17432,0.0024509804788976908,7.44362735748291
17433,0.009803921915590763,7.664215564727783
17434,0.018627451732754707,7.835784435272217
17435,-0.023039216175675392,8.022058486938477
17436,0.018627451732754707,8.164216041564941
17437,-0.009313725866377354,8.382352828979492
17438,0.010784314014017582,8.45588207244873
17439,0.0024509804788976908,8.625
17440,0.005392157007008791,8.727941513061523
17441,0.0,8.789216041564941
17442,-0.0004901961074210703,8.892156600952148
17443,0.0058823530562222,8.909314155578613
17444,-0.0034313725773245096,8.877450942993164
17445,0.004411764908581972,8.808823585510254
17446,0.00637254910543561,8.769607543945312
17447,-0.0004901961074210703,8.634803771972656
17448,-0.0004901961074210703,8.553921699523926
17449,-0.011274510063230991,8.36274528503418
17450,-0.018627451732754707,8.16911792755127
17451,-0.009803921915590763,7.98774528503418
17452,-0.00637254910543561,7.718137264251709
17453,-0.01274509821087122,7.433823585510254
17454,-0.020098039880394936,7.176470756530762
17455,-0.018137255683541298,6.835784435272217
17456,-0.013725490309298038,6.509803771972656
17457,-0.019117647781968117,6.196078300476074
17458,-0.028431372717022896,5.774509906768799
17459,-0.02450980432331562,5.43137264251709
17460,-0.021078431978821754,5.088235378265381
17461,-0.030392156913876534,4.686274528503418
17462,-0.022058824077248573,4.289215564727783
17463,-0.018137255683541298,3.941176414489746
17464,-0.027941176667809486,3.531862735748291
17465,-0.026960784569382668,3.2058823108673096
17466,-0.02450980432331562,2.8529412746429443
17467,-0.03382353112101555,2.5220587253570557
17468,-0.026470588520169258,2.2034313678741455
17469,-0.028921568766236305,1.909313678741455
17470,-0.03186274692416191,1.6372549533843994
17471,-0.0235294122248888,1.3210784196853638
17472,-0.01715686358511448,1.0539215803146362
17473,-0.023039216175675392,0.7867646813392639
17474,-0.019607843831181526,0.5269607901573181
17475,-0.01666666753590107,0.2671568691730499
17476,-0.01764705963432789,0.05882352963089943
17477,-0.027450980618596077,-0.14705882966518402
17478,-0.018137255683541298,-0.3921568691730499
17479,-0.02500000037252903,-0.6029411554336548
17480,-0.0235294122248888,-0.8382353186607361
17481,-0.019607843831181526,-1.0563725233078003
17482,-0.0117647061124444,-1.2990195751190186
17483,0.021078431978821754,-1.5490195751190186
17484,-0.01764705963432789,-1.8014706373214722
17485,-0.010784314014017582,-2.002450942993164
17486,-0.05049019679427147,-2.3014705181121826
17487,-0.01666666753590107,-2.593137264251709
17488,-0.026470588520169258,-2.8651959896087646
17489,-0.009803921915590763,-3.156862735748291
17490,-0.019607843831181526,-3.470588207244873
17491,-0.0004901961074210703,-3.757352828979492
17492,-0.014705882407724857,-4.110294342041016
17493,-0.013235294260084629,-4.428921699523926
17494,-0.02500000037252903,-4.723039150238037
17495,-0.01225490216165781,-5.026960849761963
17496,-0.020588235929608345,-5.379901885986328
17497,-0.028431372717022896,-5.698529243469238
17498,-0.030392156913876534,-6.007352828979492
17499,-0.036274511367082596,-6.31862735748291
17500,-0.026960784569382668,-6.578431606292725
17501,-0.022549020126461983,-6.825980186462402
17502,-0.0313725508749485,-7.061274528503418
17503,-0.026960784569382668,-7.313725471496582
17504,-0.026960784569382668,-7.455882549285889
17505,-0.027941176667809486,-7.590686321258545
17506,-0.03186274692416191,-7.757352828979492
17507,-0.028431372717022896,-7.855391979217529
17508,-0.019117647781968117,-7.936274528503418
17509,-0.021568628028035164,-7.968137264251709
17510,-0.01568627543747425,-8.034314155578613
17511,-0.015196078456938267,-7.985294342041016
17512,-0.01617647148668766,-7.950980186462402
17513,-0.013725490309298038,-7.909313678741455
17514,-0.003921568859368563,-7.784313678741455
17515,-0.0117647061124444,-7.68137264251709
17516,-0.013725490309298038,-7.502450942993164
17517,-0.015196078456938267,-7.274509906768799
17518,-0.004411764908581972,-7.144608020782471
17519,-0.0004901961074210703,-7.029411792755127
17520,-0.0019607844296842813,-6.801470756530762
17521,0.0024509804788976908,-6.605391979217529
17522,-0.007843137718737125,-6.421568393707275
17523,-0.0034313725773245096,-6.198529243469238
17524,0.0,-5.997549057006836
17525,-0.011274510063230991,-5.80637264251709
17526,-0.003921568859368563,-5.585784435272217
17527,-0.01715686358511448,-5.43137264251709
17528,-0.0004901961074210703,-5.203431606292725
17529,-0.0034313725773245096,-5.093137264251709
17530,-0.0029411765281111,-4.889705657958984
17531,-0.0024509804788976908,-4.745098114013672
17532,-0.010784314014017582,-4.607842922210693
17533,-0.007843137718737125,-4.490196228027344
17534,0.0019607844296842813,-4.348039150238037
17535,-0.0049019609577953815,-4.235294342041016
17536,0.0024509804788976908,-4.073529243469238
17537,-0.004411764908581972,-4.007352828979492
17538,-0.0058823530562222,-3.8235294818878174
17539,-0.0024509804788976908,-3.725490093231201
17540,-0.03970588371157646,-3.558823585510254
17541,0.00147058826405555,-3.470588207244873
17542,-0.0029411765281111,-3.308823585510254
17543,-0.004411764908581972,-3.093137264251709
17544,-0.00147058826405555,-2.906862735748291
17545,-0.0034313725773245096,-2.686274528503418
17546,0.00147058826405555,-2.404411792755127
17547,-0.00147058826405555,-2.223039150238037
17548,0.00637254910543561,-1.936274528503418
17549,0.009313725866377354,-1.6200979948043823
17550,0.0024509804788976908,-1.3602941036224365
17551,0.0117647061124444,-1.0220588445663452
17552,0.003921568859368563,-0.6372548937797546
17553,0.006862745154649019,-0.2965686321258545
17554,0.01225490216165781,0.11519607901573181
17555,-0.019607843831181526,0.48774510622024536
17556,0.00637254910543561,0.8651960492134094
17557,0.007352941203862429,1.2377450466156006
17558,0.01764705963432789,1.7034313678741455
17559,0.01715686358511448,2.100490093231201
17560,0.007843137718737125,2.497549057006836
17561,0.015196078456938267,2.899509906768799
17562,0.015196078456938267,3.2892158031463623
17563,0.00637254910543561,3.661764621734619
17564,0.004411764908581972,4.044117450714111
17565,0.013725490309298038,4.357842922210693
17566,0.009313725866377354,4.669117450714111
17567,0.01764705963432789,4.933823585510254
17568,0.013235294260084629,5.220588207244873
17569,0.004411764908581972,5.465686321258545
17570,0.01715686358511448,5.676470756530762
17571,-0.0058823530562222,5.865196228027344
17572,0.0058823530562222,6.004901885986328
17573,0.0009803922148421407,6.196078300476074
17574,-0.003921568859368563,6.289215564727783
17575,-0.008333333767950535,6.379901885986328
17576,0.0034313725773245096,6.455882549285889
17577,-0.004411764908581972,6.551470756530762
17578,-0.008823529817163944,6.600490093231201
17579,-0.0019607844296842813,6.647058963775635
17580,-0.0049019609577953815,6.683823585510254
17581,-0.008823529817163944,6.745098114013672
17582,0.0029411765281111,6.786764621734619
17583,0.0009803922148421407,6.754901885986328
17584,-0.005392157007008791,6.855391979217529
17585,-0.014215686358511448,6.843137264251709
17586,-0.0049019609577953815,6.953431606292725
17587,-0.0024509804788976908,6.970588207244873
17588,-0.003921568859368563,7.078431606292725
17589,-0.005392157007008791,7.151960849761963
17590,0.0019607844296842813,7.227941036224365
17591,-0.0034313725773245096,7.340686321258545
17592,-0.0049019609577953815,7.48774528503418
17593,0.0004901961074210703,7.585784435272217
17594,-0.007843137718737125,7.698529243469238
17595,0.01617647148668766,7.845588207244873
17596,-0.007843137718737125,8.009803771972656
17597,-0.003921568859368563,8.144607543945312
17598,0.004411764908581972,8.252450942993164
17599,0.00637254910543561,8.41911792755127
17600,-0.0058823530562222,8.53186321258545
17601,-0.003921568859368563,8.644607543945312
17602,-0.004411764908581972,8.752450942993164
17603,0.0034313725773245096,8.816176414489746
17604,-0.004411764908581972,8.89950942993164
17605,-0.007352941203862429,8.928921699523926
17606,-0.005392157007008791,8.946078300476074
17607,0.0024509804788976908,8.901960372924805
17608,-0.009313725866377354,8.86274528503418
17609,-0.004411764908581972,8.821078300476074
17610,-0.009803921915590763,8.703431129455566
17611,0.0009803922148421407,8.571078300476074
17612,-0.008823529817163944,8.401960372924805
17613,-0.0049019609577953815,8.220588684082031
17614,-0.013725490309298038,8.007352828979492
17615,-0.013725490309298038,7.81862735748291
17616,-0.013235294260084629,7.519608020782471
17617,-0.020588235929608345,7.235294342041016
17618,-0.018137255683541298,7.007352828979492
17619,-0.018627451732754707,6.723039150238037
17620,-0.013235294260084629,6.399509906768799
17621,-0.030392156913876534,6.125
17622,-0.018627451732754707,5.794117450714111
17623,-0.037254903465509415,5.524509906768799
17624,-0.029411764815449715,5.269608020782471
17625,-0.02500000037252903,4.916666507720947
17626,-0.02500000037252903,4.666666507720947
17627,-0.028921568766236305,4.414215564727783
17628,-0.027450980618596077,4.200980186462402
17629,-0.01666666753590107,3.9877450466156006
17630,-0.02450980432331562,3.8039214611053467
17631,-0.020098039880394936,3.600490093231201
17632,-0.045098040252923965,3.463235378265381
17633,-0.04362745210528374,3.308823585510254
17634,-0.0024509804788976908,3.1691176891326904
17635,-0.029901960864663124,3.0441176891326904
17636,-0.02401960827410221,2.933823585510254
17637,-0.020588235929608345,2.840686321258545
17638,-0.015196078456938267,2.7892158031463623
17639,-0.018137255683541298,2.6691176891326904
17640,-0.022058824077248573,2.566176414489746
17641,-0.018137255683541298,2.5196077823638916
17642,-0.014215686358511448,2.404411792755127
17643,-0.01617647148668766,2.284313678741455
17644,-0.01225490216165781,2.1715686321258545
17645,-0.008823529817163944,2.0710785388946533
17646,-0.01617647148668766,1.8823529481887817
17647,-0.004411764908581972,1.7401961088180542
17648,-0.02598039247095585,1.5759804248809814
17649,-0.015196078456938267,1.3602941036224365
17650,-0.01225490216165781,1.1102941036224365
17651,-0.01764705963432789,0.843137264251709
17652,-0.030392156913876534,0.5882353186607361
17653,-0.0029411765281111,0.29411765933036804
17654,-0.052941177040338516,-0.061274509876966476
17655,-0.0029411765281111,-0.36764705181121826
17656,-0.04019607976078987,-0.7083333134651184
17657,0.1877450942993164,-1.0490195751190186
17658,0.8220587968826294,-1.3799020051956177
17659,-1.352450966835022,-1.909313678741455
17660,0.9323529601097107,-2.1666667461395264
17661,-0.7627450823783875,-2.507352828979492
17662,0.15343137085437775,-2.8946077823638916
17663,-0.09705882519483566,-3.188725471496582
17664,-0.010294117964804173,-3.55637264251709
17665,-0.053431373089551926,-3.8553922176361084
17666,-0.014705882407724857,-4.13725471496582
17667,-0.04950980469584465,-4.372549057006836
17668,0.020098039880394936,-4.647058963775635
17669,-0.05637254938483238,-4.840686321258545
17670,-0.010784314014017582,-5.026960849761963
17671,-0.02401960827410221,-5.205882549285889
17672,-0.0117647061124444,-5.340686321258545
17673,-0.003921568859368563,-5.438725471496582
17674,-0.018137255683541298,-5.509803771972656
17675,-0.0004901961074210703,-5.600490093231201
17676,-0.00147058826405555,-5.551470756530762
17677,-0.01568627543747425,-5.642157077789307
17678,-0.0049019609577953815,-5.615196228027344
17679,-0.01715686358511448,-5.632352828979492
17680,-0.013725490309298038,-5.617647171020508
17681,-0.01666666753590107,-5.598039150238037
17682,-0.018627451732754707,-5.544117450714111
17683,-0.019117647781968117,-5.497549057006836
17684,-0.008823529817163944,-5.485294342041016
17685,-0.01225490216165781,-5.477941036224365
17686,-0.015196078456938267,-5.514705657958984
17687,-0.009313725866377354,-5.534313678741455
17688,-0.01568627543747425,-5.566176414489746
17689,-0.01666666753590107,-5.642157077789307
17690,-0.014215686358511448,-5.703431606292725
17691,-0.014215686358511448,-5.779411792755127
17692,-0.018627451732754707,-5.916666507720947
17693,-0.013235294260084629,-6.063725471496582
17694,-0.02450980432331562,-6.171568393707275
17695,-0.027941176667809486,-6.377450942993164
17696,-0.01715686358511448,-6.573529243469238
17697,-0.02500000037252903,-6.740196228027344
17698,-0.01764705963432789,-6.936274528503418
17699,-0.0235294122248888,-7.129901885986328
17700,-0.02500000037252903,-7.325980186462402
17701,-0.020098039880394936,-7.534313678741455
17702,-0.018137255683541298,-7.730391979217529
17703,-0.0058823530562222,-7.879901885986328
17704,-0.04019607976078987,-8.041666984558105
17705,-0.0029411765281111,-8.19362735748291
17706,-0.03186274692416191,-8.325980186462402
17707,-0.019117647781968117,-8.384803771972656
17708,-0.023039216175675392,-8.46813678741455
17709,-0.009803921915590763,-8.490196228027344
17710,-0.019607843831181526,-8.495098114013672
17711,-0.009313725866377354,-8.458333015441895
17712,-0.01225490216165781,-8.41911792755127
17713,0.0034313725773245096,-8.333333015441895
17714,-0.006862745154649019,-8.245098114013672
17715,-0.01764705963432789,-8.09313678741455
17716,-0.0009803922148421407,-7.948529243469238
17717,-0.0004901961074210703,-7.796568393707275
17718,-0.008823529817163944,-7.544117450714111
17719,-0.0004901961074210703,-7.348039150238037
17720,0.0029411765281111,-7.071078300476074
17721,-0.005392157007008791,-6.857842922210693
17722,0.07990196347236633,-6.627450942993164
17723,0.42352941632270813,-6.367647171020508
17724,0.34558823704719543,-6.095588207244873
17725,-0.13137255609035492,-5.948529243469238
17726,0.4210784435272217,-5.769608020782471
17727,-0.12205882370471954,-5.55637264251709
17728,0.08039215952157974,-5.382352828979492
17729,0.0990196093916893,-5.264705657958984
17730,-0.014705882407724857,-5.196078300476074
17731,0.0779411792755127,-5.002450942993164
17732,-0.003921568859368563,-4.924019813537598
17733,0.006862745154649019,-4.906862735748291
17734,0.02598039247095585,-4.865196228027344
17735,-0.0019607844296842813,-4.916666507720947
17736,-0.0019607844296842813,-4.855391979217529
17737,-0.0029411765281111,-4.916666507720947
17738,-0.013725490309298038,-4.941176414489746
17739,0.00637254910543561,-4.973039150238037
17740,-0.018137255683541298,-5.098039150238037
17741,-0.00637254910543561,-5.147058963775635
17742,-0.0117647061124444,-5.149509906768799
17743,-0.014705882407724857,-5.223039150238037
17744,-0.014215686358511448,-5.301470756530762
17745,-0.007843137718737125,-5.281862735748291
17746,-0.0034313725773245096,-5.31862735748291
17747,-0.00637254910543561,-5.26225471496582
17748,0.009313725866377354,-5.200980186462402
17749,-0.022058824077248573,-5.196078300476074
17750,0.011274510063230991,-5.01225471496582
17751,-0.01274509821087122,-4.938725471496582
17752,0.01274509821087122,-4.740196228027344
17753,-0.0049019609577953815,-4.583333492279053
17754,0.009803921915590763,-4.360294342041016
17755,0.0029411765281111,-4.122549057006836
17756,0.007352941203862429,-3.8210785388946533
17757,-0.0024509804788976908,-3.529411792755127
17758,0.0058823530562222,-3.215686321258545
17759,0.0117647061124444,-2.8848040103912354
17760,0.0049019609577953815,-2.588235378265381
17761,0.01617647148668766,-2.1764705181121826
17762,0.007843137718737125,-1.816176414489746
17763,0.01617647148668766,-1.5465686321258545
17764,0.014705882407724857,-1.2132352590560913
17765,0.008823529817163944,-0.9117646813392639
17766,0.0058823530562222,-0.6176470518112183
17767,0.01764705963432789,-0.3014705777168274
17768,0.0049019609577953815,-0.0416666679084301
17769,0.01225490216165781,0.18872548639774323
17770,0.0,0.38235294818878174
17771,0.0029411765281111,0.5514705777168274
17772,-0.00147058826405555,0.7279411554336548
17773,-0.0009803922148421407,0.811274528503418
17774,-0.0004901961074210703,0.9313725233078003
17775,0.0049019609577953815,0.9975489974021912
17776,-0.008333333767950535,0.9754902124404907
17777,0.0009803922148421407,0.9632353186607361
17778,-0.0034313725773245096,0.9852941036224365
17779,-0.004411764908581972,0.8995097875595093
17780,-0.010784314014017582,0.8921568393707275
17781,-0.013725490309298038,0.8161764740943909
17782,-0.003921568859368563,0.7941176295280457
17783,0.0,0.7377451062202454
17784,-0.010784314014017582,0.7009803652763367
17785,-0.008333333767950535,0.6053921580314636
17786,-0.01274509821087122,0.6176470518112183
17787,-0.018137255683541298,0.6274510025978088
17788,0.005392157007008791,0.6299019455909729
17789,-0.019117647781968117,0.6495097875595093
17790,0.01715686358511448,0.781862735748291
17791,-0.010294117964804173,0.845588207244873
17792,-0.42009803652763367,0.968137264251709
17793,1.468137264251709,1.313725471496582
17794,-0.9495097994804382,1.3799020051956177
17795,1.1740195751190186,1.6666666269302368
17796,-0.4073529541492462,1.8897058963775635
17797,0.32499998807907104,2.1102941036224365
17798,-0.02450980432331562,2.433823585510254
17799,0.01764705963432789,2.718137264251709
17800,0.07941176742315292,3.088235378265381
17801,0.022058824077248573,3.4264705181121826
17802,0.0,3.754901885986328
17803,0.07598039507865906,4.122549057006836
17804,-0.037254903465509415,4.416666507720947
17805,0.054901961237192154,4.705882549285889
17806,-0.021078431978821754,5.01225471496582
17807,0.019607843831181526,5.279411792755127
17808,0.0,5.575980186462402
17809,0.026470588520169258,5.791666507720947
17810,-0.005392157007008791,5.975490093231201
17811,0.01568627543747425,6.102941036224365
17812,-0.0034313725773245096,6.227941036224365
17813,0.0009803922148421407,6.303921699523926
17814,-0.00147058826405555,6.355391979217529
17815,0.0,6.325980186462402
17816,-0.004411764908581972,6.311274528503418
17817,-0.010784314014017582,6.284313678741455
17818,-0.0029411765281111,6.154411792755127
17819,-0.011274510063230991,6.102941036224365
17820,-0.010294117964804173,5.997549057006836
17821,-0.008823529817163944,5.845588207244873
17822,-0.014215686358511448,5.659313678741455
17823,-0.013235294260084629,5.526960849761963
17824,-0.013235294260084629,5.384803771972656
17825,-0.013725490309298038,5.25
17826,-0.0117647061124444,5.100490093231201
17827,-0.007843137718737125,5.049019813537598
17828,-0.01568627543747425,4.946078300476074
17829,-0.013235294260084629,4.914215564727783
17830,-0.006862745154649019,4.879901885986328
17831,-0.014215686358511448,4.926470756530762
17832,-0.0117647061124444,4.933823585510254
17833,-0.006862745154649019,4.992647171020508
17834,0.00637254910543561,5.144608020782471
17835,0.008333333767950535,5.303921699523926
17836,0.0009803922148421407,5.446078300476074
17837,0.007843137718737125,5.644608020782471
17838,0.01617647148668766,5.879901885986328
17839,0.0117647061124444,6.122549057006836
17840,0.010294117964804173,6.450980186462402
17841,0.0009803922148421407,6.691176414489746
17842,0.007352941203862429,7.026960849761963
17843,0.010784314014017582,7.321078300476074
17844,0.018137255683541298,7.600490093231201
17845,0.005392157007008791,7.889705657958984
17846,0.0004901961074210703,8.18137264251709
17847,0.013235294260084629,8.428921699523926
17848,0.010784314014017582,8.551470756530762
17849,0.0049019609577953815,8.828431129455566
17850,0.008823529817163944,8.941176414489746
17851,0.005392157007008791,9.046568870544434
17852,0.003921568859368563,9.139705657958984
17853,0.0049019609577953815,9.191176414489746
17854,-0.0049019609577953815,9.171568870544434
17855,-0.01274509821087122,9.144607543945312
17856,-0.0019607844296842813,9.039216041564941
17857,-0.010294117964804173,8.921568870544434
17858,-0.01715686358511448,8.757352828979492
17859,0.011274510063230991,8.590685844421387
17860,-0.030392156913876534,8.394607543945312
17861,-0.01617647148668766,8.176470756530762
17862,-0.009803921915590763,7.870098114013672
17863,-0.036274511367082596,7.629901885986328
17864,-0.17990195751190186,7.340686321258545
17865,-0.5,7.110294342041016
17866,0.3343137204647064,6.933823585510254
17867,-0.48725488781929016,6.664215564727783
17868,0.2348039150238037,6.485294342041016
17869,-0.2401960790157318,6.338235378265381
17870,-0.029901960864663124,6.183823585510254
17871,0.0019607844296842813,6.110294342041016
17872,-0.07205882668495178,6.039215564727783
17873,0.01666666753590107,6.036764621734619
17874,-0.029411764815449715,6.044117450714111
17875,-0.026470588520169258,6.129901885986328
17876,0.007843137718737125,6.220588207244873
17877,-0.02500000037252903,6.365196228027344
17878,-0.0029411765281111,6.509803771972656
17879,-0.00147058826405555,6.75
17880,-0.007352941203862429,6.968137264251709
17881,0.020588235929608345,7.254901885986328
17882,-0.0009803922148421407,7.509803771972656
17883,0.01715686358511448,7.799019813537598
17884,0.011274510063230991,8.09313678741455
17885,0.005392157007008791,8.340685844421387
17886,0.015196078456938267,8.622549057006836
17887,0.011274510063230991,8.889705657958984
17888,0.00637254910543561,9.078431129455566
17889,0.013235294260084629,9.284314155578613
17890,0.008823529817163944,9.44362735748291
17891,-0.010294117964804173,9.519607543945312
17892,-0.003921568859368563,9.644607543945312
17893,-0.007843137718737125,9.629901885986328
17894,-0.013235294260084629,9.615196228027344
17895,-0.01715686358511448,9.51225471496582
17896,-0.0034313725773245096,9.40686321258545
17897,-0.007352941203862429,9.286765098571777
17898,-0.013725490309298038,9.08088207244873
17899,-0.010784314014017582,8.857843399047852
17900,-0.013725490309298038,8.575980186462402
17901,-0.01568627543747425,8.230392456054688
17902,-0.01764705963432789,7.968137264251709
17903,-0.02549019642174244,7.617647171020508
17904,-0.022058824077248573,7.267157077789307
17905,-0.030392156913876534,6.926470756530762
17906,-0.013235294260084629,6.610294342041016
17907,-0.023039216175675392,6.36274528503418
17908,-0.009803921915590763,6.002450942993164
17909,-0.027941176667809486,5.757352828979492
17910,-0.011274510063230991,5.517157077789307
17911,0.019117647781968117,5.343137264251709
17912,0.035784315317869186,5.151960849761963
17913,0.03480392321944237,5.156862735748291
17914,-0.036274511367082596,5.029411792755127
17915,-0.0034313725773245096,5.0
17916,-0.0034313725773245096,5.063725471496582
17917,-0.01666666753590107,5.147058963775635
17918,0.013235294260084629,5.311274528503418
17919,0.02549019642174244,5.492647171020508
17920,-0.01274509821087122,5.752450942993164
17921,-0.01225490216165781,5.963235378265381
17922,0.01274509821087122,6.247549057006836
17923,0.022549020126461983,6.531862735748291
17924,0.003921568859368563,6.835784435272217
17925,0.008823529817163944,7.139705657958984
17926,-0.0004901961074210703,7.43137264251709
17927,0.011274510063230991,7.725490093231201
17928,0.01274509821087122,8.036765098571777
17929,0.01274509821087122,8.259803771972656
17930,0.007352941203862429,8.44362735748291
17931,0.01617647148668766,8.625
17932,0.011274510063230991,8.740196228027344
17933,0.0004901961074210703,8.789216041564941
17934,0.0029411765281111,8.803921699523926
17935,0.013725490309298038,8.754901885986328
17936,0.0034313725773245096,8.654411315917969
17937,0.0,8.563725471496582
17938,-0.008823529817163944,8.301470756530762
17939,-0.010784314014017582,8.066176414489746
17940,-0.007352941203862429,7.789215564727783
17941,-0.019117647781968117,7.438725471496582
17942,-0.019607843831181526,7.093137264251709
17943,-0.029411764815449715,6.688725471496582
17944,-0.021568628028035164,6.269608020782471
17945,-0.02450980432331562,5.857842922210693
17946,-0.009313725866377354,5.477941036224365
17947,-0.02401960827410221,5.046568393707275
17948,0.01568627543747425,4.678921699523926
17949,0.021078431978821754,4.299019813537598
17950,-0.030392156913876534,3.9852941036224365
17951,0.005392157007008791,3.752450942993164
17952,-0.01666666753590107,3.473039150238037
17953,-0.0117647061124444,3.2892158031463623
17954,-0.0009803922148421407,3.188725471496582
17955,-0.0049019609577953815,3.0857841968536377
17956,-0.004411764908581972,3.1029412746429443
17957,0.0009803922148421407,3.1470587253570557
17958,0.0,3.2083332538604736
17959,0.0,3.4166667461395264
17960,0.00147058826405555,3.6446077823638916
17961,0.007352941203862429,3.9215686321258545
17962,0.01666666753590107,4.213235378265381
17963,0.010784314014017582,4.531862735748291
17964,0.003921568859368563,4.899509906768799
17965,0.010784314014017582,5.259803771972656
17966,0.019607843831181526,5.659313678741455
17967,0.020098039880394936,5.960784435272217
17968,0.021078431978821754,6.350490093231201
17969,0.013235294260084629,6.649509906768799
17970,0.009803921915590763,6.990196228027344
17971,0.021078431978821754,7.242647171020508
17972,-0.004411764908581972,7.411764621734619
17973,0.010784314014017582,7.61274528503418
17974,0.0058823530562222,7.678921699523926
17975,0.00637254910543561,7.723039150238037
17976,0.013725490309298038,7.725490093231201
17977,0.02598039247095585,7.595588207244873
17978,0.005392157007008791,7.426470756530762
17979,0.0019607844296842813,7.19362735748291
17980,-0.03431372717022896,6.963235378265381
17981,-0.009803921915590763,6.607842922210693
17982,-0.022549020126461983,6.220588207244873
17983,-0.01568627543747425,5.830882549285889
17984,-0.03333333507180214,5.360294342041016
17985,-0.029901960864663124,4.857842922210693
17986,-0.02549019642174244,4.404411792755127
17987,-0.02598039247095585,3.933823585510254
17988,-0.035784315317869186,3.4289214611053467
17989,-0.029901960864663124,2.9558823108673096
17990,-0.028921568766236305,2.5392158031463623
17991,-0.037745099514722824,2.1397058963775635
17992,-0.03529411926865578,1.8235293626785278
17993,-0.021568628028035164,1.5245097875595093
17994,-0.0313725508749485,1.3284313678741455
17995,-0.028921568766236305,1.125
17996,-0.013725490309298038,1.0416666269302368
17997,0.0034313725773245096,1.0367647409439087
17998,0.09264706075191498,1.1151961088180542
17999,-0.05245098099112511,1.2058823108673096
18000,0.03382353112101555,1.4117647409439087
18001,-0.023039216175675392,1.656862735748291
18002,0.003921568859368563,1.9583333730697632
18003,0.01764705963432789,2.3308823108673096
18004,0.014705882407724857,2.7401959896087646
18005,0.029901960864663124,3.132352828979492
18006,0.0313725508749485,3.620098114013672
18007,0.01715686358511448,4.049019813537598
18008,0.03186274692416191,4.55637264251709
18009,0.023039216175675392,4.997549057006836
18010,0.02450980432331562,5.416666507720947
18011,0.022549020126461983,5.813725471496582
18012,0.01715686358511448,6.154411792755127
18013,0.022058824077248573,6.468137264251709
18014,0.007352941203862429,6.730391979217529
18015,0.008333333767950535,6.828431606292725
18016,0.004411764908581972,6.924019813537598
18017,0.0029411765281111,6.958333492279053
18018,-0.00637254910543561,6.882352828979492
18019,-0.009803921915590763,6.740196228027344
18020,-0.006862745154649019,6.544117450714111
18021,-0.011274510063230991,6.240196228027344
18022,-0.01764705963432789,5.882352828979492
18023,-0.010294117964804173,5.475490093231201
18024,-0.026470588520169258,5.014705657958984
18025,-0.014705882407724857,4.463235378265381
18026,-0.045588236302137375,3.9240195751190186
18027,-0.03186274692416191,3.345588207244873
18028,-0.04117647185921669,2.779411792755127
18029,-0.020588235929608345,2.2328431606292725
18030,-0.03872549161314964,1.6642156839370728
18031,-0.027450980618596077,1.127450942993164
18032,-0.0235294122248888,0.6397058963775635
18033,-0.037254903465509415,0.20588235557079315
18034,-0.02549019642174244,-0.14705882966518402
18035,-0.021078431978821754,-0.4387255012989044
18036,-0.022549020126461983,-0.7156862616539001
18037,-0.026960784569382668,-0.8529411554336548
18038,-0.005392157007008791,-0.8725489974021912
18039,-0.01274509821087122,-0.8284313678741455
18040,-0.003921568859368563,-0.7132353186607361
18041,0.005392157007008791,-0.5245097875595093
18042,0.0019607844296842813,-0.2867647111415863
18043,0.006862745154649019,0.11274509876966476
18044,0.015196078456938267,0.5416666865348816
18045,0.02401960827410221,1.0122549533843994
18046,0.022058824077248573,1.5269607305526733
18047,0.026960784569382668,2.1029412746429443
18048,0.022549020126461983,2.654411792755127
18049,0.0313725508749485,3.2352941036224365
18050,0.029411764815449715,3.808823585510254
18051,0.02500000037252903,4.370098114013672
18052,0.03186274692416191,4.894608020782471
18053,0.018627451732754707,5.357842922210693
18054,0.02450980432331562,5.76225471496582
18055,0.0235294122248888,6.161764621734619
18056,0.01617647148668766,6.409313678741455
18057,0.010294117964804173,6.620098114013672
18058,0.013235294260084629,6.725490093231201
18059,0.006862745154649019,6.725490093231201
18060,0.0009803922148421407,6.617647171020508
18061,0.0009803922148421407,6.446078300476074
18062,0.0004901961074210703,6.159313678741455
18063,-0.018627451732754707,5.73774528503418
18064,-0.019607843831181526,5.357842922210693
18065,-0.02598039247095585,4.823529243469238
18066,-0.022549020126461983,4.281862735748291
18067,-0.026470588520169258,3.656862735748291
18068,-0.03186274692416191,2.9779412746429443
18069,-0.027941176667809486,2.30637264251709
18070,-0.03480392321944237,1.5759804248809814
18071,-0.036764707416296005,0.9215686321258545
18072,-0.03921568766236305,0.2965686321258545
18073,-0.0313725508749485,-0.3921568691730499
18074,-0.044607844203710556,-0.9117646813392639
18075,-0.028921568766236305,-1.4313725233078003
18076,-0.02598039247095585,-1.8284313678741455
18077,-0.030392156913876534,-2.1985294818878174
18078,-0.026470588520169258,-2.441176414489746
18079,-0.02500000037252903,-2.5514705181121826
18080,-0.0235294122248888,-2.6372549533843994
18081,0.004411764908581972,-2.5147058963775635
18082,-0.010784314014017582,-2.382352828979492
18083,0.006862745154649019,-2.1078431606292725
18084,0.0,-1.7892156839370728
18085,0.020588235929608345,-1.313725471496582
18086,0.011274510063230991,-0.7769607901573181
18087,0.030882352963089943,-0.19117647409439087
18088,0.020098039880394936,0.4779411852359772
18089,0.03186274692416191,1.156862735748291
18090,0.03431372717022896,1.9019607305526733
18091,0.03921568766236305,2.6078431606292725
18092,0.03921568766236305,3.3284313678741455
18093,0.036764707416296005,4.017157077789307
18094,0.030392156913876534,4.656862735748291
18095,0.03382353112101555,5.252450942993164
18096,0.03333333507180214,5.799019813537598
18097,0.01225490216165781,6.220588207244873
18098,-0.009803921915590763,6.598039150238037
18099,0.028921568766236305,6.835784435272217
18100,-0.019607843831181526,6.982842922210693
18101,-0.01568627543747425,6.985294342041016
18102,-0.01617647148668766,6.892157077789307
18103,-0.014215686358511448,6.669117450714111
18104,-0.02500000037252903,6.350490093231201
18105,-0.021568628028035164,5.933823585510254
18106,-0.03186274692416191,5.409313678741455
18107,-0.03382353112101555,4.830882549285889
18108,-0.03529411926865578,4.188725471496582
18109,-0.03872549161314964,3.43137264251709
18110,-0.045588236302137375,2.600490093231201
18111,-0.04215686395764351,1.8259804248809814
18112,-0.04852941259741783,1.0073529481887817
18113,-0.04901960864663124,0.1568627506494522
18114,-0.04901960864663124,-0.6397058963775635
18115,-0.0519607849419117,-1.3946079015731812
18116,-0.04950980469584465,-2.0735294818878174
18117,-0.037745099514722824,-2.713235378265381
18118,-0.037745099514722824,-3.254901885986328
18119,-0.037254903465509415,-3.656862735748291
18120,-0.03235294297337532,-4.0
18121,-0.02500000037252903,-4.151960849761963
18122,-0.019607843831181526,-4.259803771972656
18123,-0.018137255683541298,-4.205882549285889
18124,0.0,-4.019608020782471
18125,0.0019607844296842813,-3.7377450466156006
18126,-0.0004901961074210703,-3.2990195751190186
18127,0.019607843831181526,-2.7892158031463623
18128,0.009313725866377354,-2.1397058963775635
18129,0.020588235929608345,-1.4313725233078003
18130,0.026960784569382668,-0.6274510025978088
18131,0.028431372717022896,0.13970588147640228
18132,0.028431372717022896,1.058823585510254
18133,0.04215686395764351,1.904411792755127
18134,0.052941177040338516,2.813725471496582
18135,0.01764705963432789,3.6691176891326904
18136,0.0519607849419117,4.51225471496582
18137,0.023039216175675392,5.23774528503418
18138,0.036274511367082596,5.865196228027344
18139,0.021078431978821754,6.522058963775635
18140,0.019607843831181526,6.960784435272217
18141,0.020098039880394936,7.350490093231201
18142,0.01715686358511448,7.56862735748291
18143,0.021568628028035164,7.678921699523926
18144,0.011274510063230991,7.647058963775635
18145,-0.0024509804788976908,7.453431606292725
18146,-0.0058823530562222,7.164215564727783
18147,-0.008333333767950535,6.732842922210693
18148,-0.022058824077248573,6.174019813537598
18149,-0.0470588244497776,5.473039150238037
18150,-0.01764705963432789,4.730391979217529
18151,-0.06470588594675064,3.8921568393707275
18152,0.27156862616539,2.9779412746429443
18153,-0.6107842922210693,1.941176414489746
18154,-0.845588207244873,0.9509803652763367
18155,0.30588236451148987,0.09068627655506134
18156,-0.8764705657958984,-0.9485294222831726
18157,0.06078431382775307,-1.875
18158,-0.21617646515369415,-2.7279412746429443
18159,-0.14411765336990356,-3.473039150238037
18160,-0.05147058889269829,-4.171568393707275
18161,-0.12843137979507446,-4.754901885986328
18162,-0.03186274692416191,-5.198529243469238
18163,-0.061274509876966476,-5.529411792755127
18164,-0.03529411926865578,-5.747549057006836
18165,-0.030392156913876534,-5.811274528503418
18166,-0.014215686358511448,-5.632352828979492
18167,-0.01274509821087122,-5.365196228027344
18168,-0.0058823530562222,-4.955882549285889
18169,-0.006862745154649019,-4.480391979217529
18170,0.018137255683541298,-3.7990195751190186
18171,0.02401960827410221,-3.066176414489746
18172,0.03284313902258873,-2.1642158031463623
18173,0.04019607976078987,-1.2058823108673096
18174,0.04313725605607033,-0.2450980395078659
18175,0.05147058889269829,0.7867646813392639
18176,0.05098039284348488,1.8210784196853638
18177,0.05147058889269829,2.899509906768799
18178,0.04411764815449715,3.9166667461395264
18179,0.054411765187978745,4.860294342041016
18180,0.04803921654820442,5.772058963775635
18181,0.04313725605607033,6.544117450714111
18182,0.03529411926865578,7.252450942993164
18183,0.07941176742315292,7.799019813537598
18184,0.04264706000685692,8.171568870544434
18185,0.03921568766236305,8.463234901428223
18186,0.0029411765281111,8.59313678741455
18187,0.006862745154649019,8.504901885986328
18188,0.0117647061124444,8.375
18189,-0.0235294122248888,7.980391979217529
18190,-0.01715686358511448,7.463235378265381
18191,-0.03235294297337532,6.835784435272217
18192,-0.036274511367082596,6.071078300476074
18193,-0.030882352963089943,5.176470756530762
18194,-0.0470588244497776,4.203431606292725
18195,-0.054901961237192154,3.127450942993164
18196,-0.06078431382775307,2.0098040103912354
18197,-0.05784313753247261,0.8970588445663452
18198,-0.05931372568011284,-0.25245097279548645
18199,-0.05539215728640556,-1.3627450466156006
18200,-0.05882352963089943,-2.411764621734619
18201,-0.06519608199596405,-3.401960849761963
18202,-0.06568627804517746,-4.377450942993164
18203,-0.06029411777853966,-5.171568393707275
18204,-0.06323529779911041,-5.875
18205,-0.046078432351350784,-6.375
18206,-0.04754902049899101,-6.784313678741455
18207,-0.037254903465509415,-7.066176414489746
18208,-0.03186274692416191,-7.110294342041016
18209,0.0019607844296842813,-7.022058963775635
18210,0.026470588520169258,-6.776960849761963
18211,-0.020098039880394936,-6.352941036224365
18212,0.03235294297337532,-5.774509906768799
18213,0.019607843831181526,-5.098039150238037
18214,0.0416666679084301,-4.218137264251709
18215,0.03284313902258873,-3.274509906768799
18216,0.044607844203710556,-2.223039150238037
18217,0.04901960864663124,-1.0808823108673096
18218,0.052941177040338516,0.06617647409439087
18219,0.054901961237192154,1.247549057006836
18220,0.05980392172932625,2.4166667461395264
18221,0.06029411777853966,3.6372549533843994
18222,0.061274509876966476,4.727941036224365
18223,0.054411765187978745,5.764705657958984
18224,0.061274509876966476,6.75
18225,0.054901961237192154,7.514705657958984
18226,0.037254903465509415,8.252450942993164
18227,0.038235295563936234,8.786765098571777
18228,0.027450980618596077,9.18137264251709
18229,0.1147058829665184,9.377450942993164
18230,-0.66813725233078,9.389705657958984
18231,0.1460784375667572,9.296568870544434
18232,-0.1196078434586525,9.019607543945312
18233,-0.10049019753932953,8.522058486938477
18234,0.0029411765281111,7.906862735748291
18235,-0.09215686470270157,7.125
18236,-0.08137255162000656,6.218137264251709
18237,-0.008333333767950535,5.208333492279053
18238,-0.11323529481887817,4.051470756530762
18239,-0.03970588371157646,2.872549057006836
18240,-0.08235294371843338,1.6715686321258545
18241,-0.06323529779911041,0.4019607901573181
18242,-0.09068627655506134,-0.8627451062202454
18243,-0.07156863063573837,-2.0710785388946533
18244,-0.0882352963089943,-3.223039150238037
18245,-0.07058823853731155,-4.291666507720947
18246,-0.07598039507865906,-5.299019813537598
18247,-0.06323529779911041,-6.183823585510254
18248,-0.06715686619281769,-6.879901885986328
18249,-0.054411765187978745,-7.470588207244873
18250,-0.045588236302137375,-7.852941036224365
18251,-0.023039216175675392,-8.115196228027344
18252,-0.030392156913876534,-8.16911792755127
18253,-0.013725490309298038,-7.997549057006836
18254,-0.00637254910543561,-7.703431606292725
18255,-0.006862745154649019,-7.240196228027344
18256,0.018137255683541298,-6.615196228027344
18257,0.019607843831181526,-5.769608020782471
18258,0.021568628028035164,-4.879901885986328
18259,0.03872549161314964,-3.8578431606292725
18260,0.05000000074505806,-2.686274528503418
18261,0.04411764815449715,-1.5
18262,0.052941177040338516,-0.23774509131908417
18263,0.05686274543404579,1.0490195751190186
18264,0.061764705926179886,2.2990195751190186
18265,0.061274509876966476,3.561274528503418
18266,0.05539215728640556,4.740196228027344
18267,0.06666667014360428,5.848039150238037
18268,0.045098040252923965,6.86274528503418
18269,0.04901960864663124,7.774509906768799
18270,0.05147058889269829,8.53186321258545
18271,0.037254903465509415,9.122549057006836
18272,0.030392156913876534,9.595588684082031
18273,0.026470588520169258,9.811274528503418
18274,0.019607843831181526,9.953431129455566
18275,0.0034313725773245096,9.848039627075195
18276,-0.00147058826405555,9.573529243469238
18277,-0.01764705963432789,9.102941513061523
18278,-0.022549020126461983,8.55637264251709
18279,-0.029411764815449715,7.764705657958984
18280,-0.0313725508749485,6.801470756530762
18281,-0.06519608199596405,5.875
18282,-0.0470588244497776,4.723039150238037
18283,-0.0730392187833786,3.529411792755127
18284,-0.07156863063573837,2.2328431606292725
18285,-0.06470588594675064,0.970588207244873
18286,-0.0784313753247261,-0.2965686321258545
18287,0.19411765038967133,-1.5882352590560913
18288,1.1441175937652588,-2.6764705181121826
18289,-0.7039215564727783,-3.9558823108673096
18290,1.0872548818588257,-4.953431606292725
18291,-0.5691176652908325,-5.911764621734619
18292,0.38872548937797546,-6.759803771972656
18293,-0.17941176891326904,-7.367647171020508
18294,0.026960784569382668,-7.946078300476074
18295,0.038235295563936234,-8.28186321258545
18296,-0.05245098099112511,-8.465685844421387
18297,0.01568627543747425,-8.441176414489746
18298,0.01225490216165781,-8.25
18299,-0.027450980618596077,-7.928921699523926
18300,0.05833333358168602,-7.375
18301,0.0117647061124444,-6.708333492279053
18302,0.029411764815449715,-5.88725471496582
18303,0.037745099514722824,-4.977941036224365
18304,0.04362745210528374,-3.904411792755127
18305,0.04901960864663124,-2.7696077823638916
18306,0.08774510025978088,-1.5686274766921997
18307,0.015196078456938267,-0.3137255012989044
18308,0.09852941334247589,0.8995097875595093
18309,0.03431372717022896,2.159313678741455
18310,0.07696078717708588,3.3235294818878174
18311,0.054901961237192154,4.522058963775635
18312,0.05882352963089943,5.620098114013672
18313,0.06029411777853966,6.553921699523926
18314,0.0573529414832592,7.497549057006836
18315,0.03970588371157646,8.210783958435059
18316,0.04117647185921669,8.784314155578613
18317,0.03186274692416191,9.213234901428223
18318,0.02450980432331562,9.507352828979492
18319,0.015196078456938267,9.651960372924805
18320,0.0009803922148421407,9.55637264251709
18321,-0.007352941203862429,9.39950942993164
18322,-0.00637254910543561,9.034314155578613
18323,-0.01764705963432789,8.53186321258545
18324,-0.02549019642174244,7.840686321258545
18325,-0.037254903465509415,7.014705657958984
18326,-0.04950980469584465,6.078431606292725
18327,-0.04264706000685692,5.095588207244873
18328,-0.05000000074505806,4.009803771972656
18329,-0.054901961237192154,2.882352828979492
18330,-0.061274509876966476,1.7034313678741455
18331,-0.0681372582912445,0.5220588445663452
18332,-0.08137255162000656,-0.6642156839370728
18333,-0.06715686619281769,-1.7696079015731812
18334,-0.07549019902944565,-2.909313678741455
18335,-0.061274509876966476,-3.901960849761963
18336,-0.061274509876966476,-4.865196228027344
18337,-0.06078431382775307,-5.678921699523926
18338,-0.0519607849419117,-6.31862735748291
18339,-0.053431373089551926,-6.960784435272217
18340,-0.03970588371157646,-7.350490093231201
18341,-0.03480392321944237,-7.678921699523926
18342,-0.026470588520169258,-7.830882549285889
18343,-0.019607843831181526,-7.784313678741455
18344,-0.013235294260084629,-7.644608020782471
18345,-0.007843137718737125,-7.299019813537598
18346,0.0004901961074210703,-6.833333492279053
18347,0.00637254910543561,-6.313725471496582
18348,0.02549019642174244,-5.585784435272217
18349,0.02598039247095585,-4.754901885986328
18350,0.03431372717022896,-3.8921568393707275
18351,0.03284313902258873,-2.8921568393707275
18352,0.04215686395764351,-1.8504902124404907
18353,0.05245098099112511,-0.8333333134651184
18354,0.046568628400564194,0.24264705181121826
18355,0.045588236302137375,1.3014706373214722
18356,0.062254901975393295,2.367647171020508
18357,0.0779411792755127,3.411764621734619
18358,-0.013235294260084629,4.360294342041016
18359,-0.25245097279548645,5.198529243469238
18360,0.4578431248664856,6.041666507720947
18361,-0.4740196168422699,6.764705657958984
18362,0.33676469326019287,7.357842922210693
18363,-0.12401960790157318,7.884803771972656
18364,-0.010294117964804173,8.147058486938477
18365,0.05000000074505806,8.401960372924805
18366,-0.026470588520169258,8.473039627075195
18367,0.023039216175675392,8.470588684082031
18368,0.004411764908581972,8.311274528503418
18369,-0.061274509876966476,7.958333492279053
18370,0.01666666753590107,7.546568393707275
18371,-0.038235295563936234,7.009803771972656
18372,-0.0235294122248888,6.392157077789307
18373,-0.03186274692416191,5.686274528503418
18374,-0.0470588244497776,4.872549057006836
18375,-0.045588236302137375,3.9558823108673096
18376,-0.05245098099112511,3.05637264251709
18377,-0.053921569138765335,2.1397058963775635
18378,-0.062254901975393295,1.1789215803146362
18379,-0.0573529414832592,0.22058823704719543
18380,-0.06029411777853966,-0.7377451062202454
18381,-0.05686274543404579,-1.6470588445663452
18382,-0.05833333358168602,-2.473039150238037
18383,-0.05833333358168602,-3.3602941036224365
18384,-0.05833333358168602,-4.044117450714111
18385,-0.0416666679084301,-4.700980186462402
18386,-0.04411764815449715,-5.313725471496582
18387,-0.03284313902258873,-5.727941036224365
18388,-0.038235295563936234,-6.066176414489746
18389,-0.03431372717022896,-6.389705657958984
18390,-0.02500000037252903,-6.5
18391,-0.02450980432331562,-6.529411792755127
18392,-0.009803921915590763,-6.470588207244873
18393,-0.0019607844296842813,-6.284313678741455
18394,-0.0034313725773245096,-5.975490093231201
18395,0.0004901961074210703,-5.583333492279053
18396,-0.0029411765281111,-5.073529243469238
18397,0.014215686358511448,-4.531862735748291
18398,0.018627451732754707,-3.872549057006836
18399,0.029411764815449715,-3.1151959896087646
18400,0.02450980432331562,-2.406862735748291
18401,0.029411764815449715,-1.561274528503418
18402,0.03529411926865578,-0.7524510025978088
18403,0.03529411926865578,0.11274509876966476
18404,0.03382353112101555,1.002450942993164
18405,0.03921568766236305,1.8039215803146362
18406,0.05049019679427147,2.656862735748291
18407,0.03235294297337532,3.4289214611053467
18408,0.03970588371157646,4.13725471496582
18409,0.021568628028035164,4.884803771972656
18410,0.022058824077248573,5.539215564727783
18411,0.003921568859368563,6.036764621734619
18412,0.027941176667809486,6.492647171020508
18413,0.0029411765281111,6.882352828979492
18414,0.027941176667809486,7.176470756530762
18415,0.010294117964804173,7.348039150238037
18416,0.007843137718737125,7.473039150238037
18417,-0.00147058826405555,7.475490093231201
18418,0.010784314014017582,7.365196228027344
18419,-0.010294117964804173,7.13725471496582
18420,-0.008823529817163944,6.88725471496582
18421,-0.022058824077248573,6.455882549285889
18422,-0.020588235929608345,5.970588207244873
18423,-0.029411764815449715,5.392157077789307
18424,-0.028921568766236305,4.764705657958984
18425,-0.03284313902258873,4.090686321258545
18426,-0.035784315317869186,3.367647171020508
18427,-0.02598039247095585,2.5514705181121826
18428,-0.04068627581000328,1.7720588445663452
18429,-0.04019607976078987,0.8872548937797546
18430,-0.045098040252923965,0.053921569138765335
18431,-0.05147058889269829,-0.7769607901573181
18432,-0.04215686395764351,-1.6127450466156006
18433,-0.045588236302137375,-2.382352828979492
18434,-0.036274511367082596,-3.1421568393707275
18435,-0.046078432351350784,-3.784313678741455
18436,-0.03921568766236305,-4.465686321258545
18437,-0.03382353112101555,-5.029411792755127
18438,-0.0009803922148421407,-5.522058963775635
18439,0.006862745154649019,-5.919117450714111
18440,-0.030392156913876534,-6.225490093231201
18441,0.003921568859368563,-6.43137264251709
18442,-0.011274510063230991,-6.536764621734619
18443,-0.0049019609577953815,-6.526960849761963
18444,0.013235294260084629,-6.453431606292725
18445,-0.0117647061124444,-6.240196228027344
18446,0.01274509821087122,-5.901960849761963
18447,0.01764705963432789,-5.514705657958984
18448,0.018627451732754707,-5.017157077789307
18449,0.013725490309298038,-4.411764621734619
18450,0.02500000037252903,-3.745098114013672
18451,0.0313725508749485,-3.0392158031463623
18452,0.03284313902258873,-2.188725471496582
18453,0.03872549161314964,-1.345588207244873
18454,0.05588235333561897,-0.5073529481887817
18455,0.04362745210528374,0.4117647111415863
18456,0.05049019679427147,1.3382352590560913
18457,0.04068627581000328,2.254901885986328
18458,0.05539215728640556,3.1446077823638916
18459,0.054901961237192154,4.0
18460,0.0573529414832592,4.811274528503418
18461,0.04019607976078987,5.56862735748291
18462,0.04852941259741783,6.247549057006836
18463,0.03529411926865578,6.906862735748291
18464,0.027941176667809486,7.416666507720947
18465,0.0117647061124444,7.838235378265381
18466,0.03529411926865578,8.19362735748291
18467,0.02450980432331562,8.389705657958984
18468,0.007352941203862429,8.495098114013672
18469,0.02549019642174244,8.48774528503418
18470,0.01568627543747425,8.30637264251709
18471,0.008333333767950535,8.03186321258545
18472,-0.02450980432331562,7.703431606292725
18473,-0.01666666753590107,7.235294342041016
18474,-0.020588235929608345,6.566176414489746
18475,-0.03382353112101555,5.850490093231201
18476,-0.03480392321944237,5.139705657958984
18477,-0.05000000074505806,4.276960849761963
18478,-0.04264706000685692,3.3553922176361084
18479,-0.04901960864663124,2.401960849761963
18480,-0.053921569138765335,1.4534313678741455
18481,-0.04901960864663124,0.4264705777168274
18482,-0.04950980469584465,-0.5882353186607361
18483,-0.07009804248809814,-1.5735293626785278
18484,-0.04901960864663124,-2.566176414489746
18485,-0.05245098099112511,-3.4803922176361084
18486,-0.061764705926179886,-4.360294342041016
18487,-0.053431373089551926,-5.125
18488,-0.05588235333561897,-5.821078300476074
18489,-0.04754902049899101,-6.509803771972656
18490,-0.03970588371157646,-7.044117450714111
18491,-0.03872549161314964,-7.438725471496582
18492,-0.02450980432331562,-7.688725471496582
18493,-0.026470588520169258,-7.877450942993164
18494,-0.018137255683541298,-7.914215564727783
18495,-0.014705882407724857,-7.813725471496582
18496,-0.008823529817163944,-7.578431606292725
18497,-0.003921568859368563,-7.220588207244873
18498,0.014215686358511448,-6.725490093231201
18499,0.019117647781968117,-6.156862735748291
18500,0.02598039247095585,-5.424019813537598
18501,0.023039216175675392,-4.644608020782471
18502,0.037254903465509415,-3.8333332538604736
18503,0.03186274692416191,-2.882352828979492
18504,0.03970588371157646,-1.9264706373214722
18505,0.04215686395764351,-0.8627451062202454
18506,0.04313725605607033,0.1764705926179886
18507,0.05147058889269829,1.2279411554336548
18508,0.052941177040338516,2.2941176891326904
18509,0.05588235333561897,3.286764621734619
18510,0.05049019679427147,4.301470756530762
18511,0.054411765187978745,5.230391979217529
18512,0.0470588244497776,6.058823585510254
18513,0.04264706000685692,6.840686321258545
18514,0.038235295563936234,7.517157077789307
18515,0.0681372582912445,8.151960372924805
18516,0.011274510063230991,8.566176414489746
18517,0.03284313902258873,8.909314155578613
18518,0.008333333767950535,9.166666984558105
18519,0.010294117964804173,9.230392456054688
18520,0.010294117964804173,9.230392456054688
18521,0.0009803922148421407,9.041666984558105
18522,-0.010294117964804173,8.742647171020508
18523,-0.021568628028035164,8.311274528503418
18524,-0.030882352963089943,7.811274528503418
18525,-0.036274511367082596,7.196078300476074
18526,-0.04264706000685692,6.48774528503418
18527,-0.03186274692416191,5.63725471496582
18528,-0.054411765187978745,4.776960849761963
18529,-0.04215686395764351,3.8284313678741455
18530,-0.05637254938483238,2.872549057006836
18531,-0.05098039284348488,1.8995097875595093
18532,-0.06568627804517746,0.8946078419685364
18533,-0.0681372582912445,-0.16911764442920685
18534,-0.05882352963089943,-1.1397058963775635
18535,-0.06666667014360428,-2.1029412746429443
18536,-0.06519608199596405,-3.0220587253570557
18537,-0.053921569138765335,-3.867647171020508
18538,-0.06029411777853966,-4.705882549285889
18539,-0.052941177040338516,-5.397058963775635
18540,-0.05049019679427147,-6.026960849761963
18541,-0.04852941259741783,-6.524509906768799
18542,0.04019607976078987,-6.955882549285889
18543,0.01764705963432789,-7.191176414489746
18544,0.018627451732754707,-7.436274528503418
18545,-0.019117647781968117,-7.553921699523926
18546,-0.010294117964804173,-7.551470756530762
18547,-0.014215686358511448,-7.38725471496582
18548,-0.013235294260084629,-7.13725471496582
18549,0.014215686358511448,-6.784313678741455
18550,0.013725490309298038,-6.323529243469238
18551,0.008333333767950535,-5.786764621734619
18552,0.023039216175675392,-5.188725471496582
18553,0.03382353112101555,-4.458333492279053
18554,0.037745099514722824,-3.811274528503418
18555,0.027450980618596077,-2.9558823108673096
18556,0.037745099514722824,-2.0857841968536377
18557,0.03431372717022896,-1.2450979948043823
18558,0.03382353112101555,-0.3946078419685364
18559,0.052941177040338516,0.5539215803146362
18560,0.04264706000685692,1.4166666269302368
18561,0.04411764815449715,2.279411792755127
18562,0.04068627581000328,3.066176414489746
18563,0.03480392321944237,3.8602941036224365
18564,0.05539215728640556,4.590686321258545
18565,0.03529411926865578,5.267157077789307
18566,0.037745099514722824,5.919117450714111
18567,0.038235295563936234,6.485294342041016
18568,0.022549020126461983,6.906862735748291
18569,0.028921568766236305,7.311274528503418
18570,0.0313725508749485,7.571078300476074
18571,0.021568628028035164,7.796568393707275
18572,0.010784314014017582,7.948529243469238
18573,0.007843137718737125,7.936274528503418
18574,0.008333333767950535,7.835784435272217
18575,-0.00147058826405555,7.718137264251709
18576,-0.0117647061124444,7.450980186462402
18577,-0.0058823530562222,7.147058963775635
18578,-0.03186274692416191,6.757352828979492
18579,-0.0117647061124444,6.267157077789307
18580,-0.028921568766236305,5.708333492279053
18581,-0.044607844203710556,5.159313678741455
18582,-0.03529411926865578,4.526960849761963
18583,-0.02500000037252903,3.81862735748291
18584,-0.028431372717022896,3.095588207244873
18585,-0.036764707416296005,2.3651959896087646
18586,-0.038235295563936234,1.622549057006836
18587,-0.03921568766236305,0.8308823704719543
18588,-0.0470588244497776,0.06372549384832382
18589,-0.04901960864663124,-0.7058823704719543
18590,-0.030392156913876534,-1.465686321258545
18591,-0.04117647185921669,-2.191176414489746
18592,-0.036764707416296005,-2.840686321258545
18593,-0.030392156913876534,-3.502450942993164
18594,-0.038235295563936234,-4.102941036224365
18595,-0.03382353112101555,-4.666666507720947
18596,-0.0416666679084301,-5.166666507720947
18597,-0.030392156913876534,-5.632352828979492
18598,-0.026960784569382668,-5.938725471496582
18599,-0.020588235929608345,-6.227941036224365
18600,-0.020098039880394936,-6.473039150238037
18601,-0.020098039880394936,-6.580882549285889
18602,-0.009803921915590763,-6.654411792755127
18603,-0.01225490216165781,-6.627450942993164
18604,-0.003921568859368563,-6.482842922210693
18605,-0.0029411765281111,-6.31862735748291
18606,0.0034313725773245096,-5.990196228027344
18607,0.0058823530562222,-5.647058963775635
18608,0.010294117964804173,-5.23774528503418
18609,0.021568628028035164,-4.781862735748291
18610,0.013235294260084629,-4.196078300476074
18611,0.02549019642174244,-3.5416667461395264
18612,0.026470588520169258,-2.8259804248809814
18613,0.035784315317869186,-2.1348040103912354
18614,0.04117647185921669,-1.3651961088180542
18615,0.03333333507180214,-0.5490196347236633
18616,0.03529411926865578,0.22549019753932953
18617,0.04117647185921669,1.122549057006836
18618,0.04411764815449715,1.8872549533843994
18619,0.045098040252923965,2.7009804248809814
18620,0.04264706000685692,3.4779412746429443
18621,0.045588236302137375,4.259803771972656
18622,0.04117647185921669,5.014705657958984
18623,0.04313725605607033,5.708333492279053
18624,0.03235294297337532,6.325980186462402
18625,0.04068627581000328,6.870098114013672
18626,0.026470588520169258,7.365196228027344
18627,0.0235294122248888,7.811274528503418
18628,0.026470588520169258,8.171568870544434
18629,0.006862745154649019,8.40686321258545
18630,0.01666666753590107,8.585783958435059
18631,0.0019607844296842813,8.578431129455566
18632,0.01617647148668766,8.566176414489746
18633,-0.0117647061124444,8.394607543945312
18634,-0.007352941203862429,8.132352828979492
18635,-0.013725490309298038,7.789215564727783
18636,-0.027941176667809486,7.421568393707275
18637,-0.029411764815449715,6.835784435272217
18638,-0.0235294122248888,6.257352828979492
18639,-0.027941176667809486,5.551470756530762
18640,-0.053921569138765335,4.791666507720947
18641,-0.0235294122248888,4.024509906768799
18642,-0.06078431382775307,3.183823585510254
18643,-0.0519607849419117,2.2941176891326904
18644,-0.0416666679084301,1.3578431606292725
18645,-0.046568628400564194,0.4313725531101227
18646,1.4965686798095703,-0.3137255012989044
18647,0.3176470696926117,-1.3186274766921997
18648,0.19068627059459686,-2.3333332538604736
18649,0.5534313917160034,-3.1151959896087646
18650,-0.09754902124404907,-4.014705657958984
18651,0.17450980842113495,-4.772058963775635
18652,0.061274509876966476,-5.490196228027344
18653,-0.045098040252923965,-6.110294342041016
18654,0.05980392172932625,-6.661764621734619
18655,-0.03970588371157646,-7.11274528503418
18656,0.036764707416296005,-7.495098114013672
18657,-0.027941176667809486,-7.745098114013672
18658,0.003921568859368563,-7.901960849761963
18659,0.0034313725773245096,-7.914215564727783
18660,0.006862745154649019,-7.901960849761963
18661,0.010784314014017582,-7.754901885986328
18662,0.01715686358511448,-7.433823585510254
18663,0.007352941203862429,-7.100490093231201
18664,0.021078431978821754,-6.69362735748291
18665,0.01764705963432789,-6.129901885986328
18666,0.020098039880394936,-5.497549057006836
18667,0.03872549161314964,-4.784313678741455
18668,0.04019607976078987,-4.039215564727783
18669,0.03970588371157646,-3.213235378265381
18670,0.036274511367082596,-2.3529412746429443
18671,0.036764707416296005,-1.502450942993164
18672,0.0941176488995552,-0.5122548937797546
18673,0.0470588244497776,0.3284313678741455
18674,0.05588235333561897,1.2745097875595093
18675,0.04215686395764351,2.1348040103912354
18676,0.0470588244497776,3.0441176891326904
18677,0.05833333358168602,3.882352828979492
18678,0.04313725605607033,4.639705657958984
18679,0.03431372717022896,5.401960849761963
18680,0.03235294297337532,6.066176414489746
18681,0.053431373089551926,6.666666507720947
18682,0.01617647148668766,7.223039150238037
18683,0.03480392321944237,7.654411792755127
18684,0.01764705963432789,8.022058486938477
18685,0.021078431978821754,8.267156600952148
18686,0.01225490216165781,8.45588207244873
18687,0.008333333767950535,8.561274528503418
18688,0.010784314014017582,8.55637264251709
18689,-0.00147058826405555,8.44362735748291
18690,-0.0024509804788976908,8.289216041564941
18691,-0.008333333767950535,8.026960372924805
18692,-0.006862745154649019,7.708333492279053
18693,-0.014215686358511448,7.281862735748291
18694,-0.02500000037252903,6.821078300476074
18695,-0.02500000037252903,6.25
18696,-0.03333333507180214,5.661764621734619
18697,-0.03186274692416191,4.995098114013672
18698,-0.04019607976078987,4.296568393707275
18699,-0.04117647185921669,3.5857841968536377
18700,-0.04215686395764351,2.875
18701,-0.03529411926865578,2.090686321258545
18702,0.0034313725773245096,1.3382352590560913
18703,-0.0235294122248888,0.5833333134651184
18704,-0.045098040252923965,-0.19117647409439087
18705,-0.028921568766236305,-0.9093137383460999
18706,-0.04215686395764351,-1.6421568393707275
18707,-0.035784315317869186,-2.31862735748291
18708,-0.0235294122248888,-3.0122549533843994
18709,-0.05147058889269829,-3.617647171020508
18710,-0.037254903465509415,-4.19362735748291
18711,-0.03970588371157646,-4.696078300476074
18712,-0.03431372717022896,-5.154411792755127
18713,-0.035784315317869186,-5.580882549285889
18714,-0.04117647185921669,-5.88725471496582
18715,0.18578431010246277,-6.171568393707275
18716,-0.2696078419685364,-6.38725471496582
18717,-0.1661764681339264,-6.600490093231201
18718,0.20588235557079315,-6.583333492279053
18719,-0.2132352888584137,-6.68137264251709
18720,0.10245098173618317,-6.602941036224365
18721,-0.027941176667809486,-6.495098114013672
18722,-0.04264706000685692,-6.311274528503418
18723,0.06911765038967133,-6.022058963775635
18724,-0.045588236302137375,-5.769608020782471
18725,0.019607843831181526,-5.392157077789307
18726,0.015196078456938267,-4.960784435272217
18727,0.014215686358511448,-4.475490093231201
18728,0.009313725866377354,-3.9485294818878174
18729,0.06029411777853966,-3.43137264251709
18730,0.0,-2.8308823108673096
18731,0.054901961237192154,-2.1348040103912354
18732,0.02450980432331562,-1.5098038911819458
18733,0.04068627581000328,-0.8014705777168274
18734,0.030392156913876534,-0.10049019753932953
18735,0.0416666679084301,0.6299019455909729
18736,0.04019607976078987,1.3823529481887817
18737,0.03333333507180214,2.0808823108673096
18738,0.027450980618596077,2.8235294818878174
18739,0.04019607976078987,3.531862735748291
18740,0.035784315317869186,4.169117450714111
18741,0.03186274692416191,4.784313678741455
18742,0.04313725605607033,5.450980186462402
18743,0.0416666679084301,6.049019813537598
18744,0.029411764815449715,6.526960849761963
18745,0.026960784569382668,7.01225471496582
18746,0.02450980432331562,7.424019813537598
18747,0.018137255683541298,7.823529243469238
18748,0.01225490216165781,8.049019813537598
18749,0.006862745154649019,8.240196228027344
18750,0.014215686358511448,8.41911792755127
18751,0.0058823530562222,8.453431129455566
18752,0.0009803922148421407,8.453431129455566
18753,-0.006862745154649019,8.31862735748291
18754,-0.009803921915590763,8.161765098571777
18755,-0.019607843831181526,7.872549057006836
18756,-0.020098039880394936,7.48774528503418
18757,-0.023039216175675392,7.13725471496582
18758,-0.026960784569382668,6.656862735748291
18759,-0.03333333507180214,6.058823585510254
18760,-0.0416666679084301,5.426470756530762
18761,-0.028921568766236305,4.747549057006836
18762,-0.04264706000685692,4.014705657958984
18763,-0.046568628400564194,3.2622549533843994
18764,-0.04264706000685692,2.436274528503418
18765,-0.038235295563936234,1.6102941036224365
18766,-0.05637254938483238,0.779411792755127
18767,-0.046568628400564194,-0.07352941483259201
18768,-0.046568628400564194,-0.9264705777168274
18769,-0.046078432351350784,-1.7745097875595093
18770,-0.06029411777853966,-2.593137264251709
18771,-0.05637254938483238,-3.3627450466156006
18772,-0.054901961237192154,-4.100490093231201
18773,-0.05637254938483238,-4.796568393707275
18774,-0.035784315317869186,-5.426470756530762
18775,-0.05147058889269829,-6.024509906768799
18776,-0.02450980432331562,-6.526960849761963
18777,-0.05882352963089943,-6.980391979217529
18778,-0.03235294297337532,-7.299019813537598
18779,-0.027941176667809486,-7.627450942993164
18780,-0.6200980544090271,-7.828431606292725
18781,-0.3240196108818054,-7.941176414489746
18782,0.19656862318515778,-7.811274528503418
18783,-0.7132353186607361,-7.857842922210693
18784,0.5436274409294128,-7.558823585510254
18785,-0.4362744987010956,-7.404411792755127
18786,0.21029411256313324,-7.05637264251709
18787,-0.13823530077934265,-6.61274528503418
18788,-0.03333333507180214,-6.156862735748291
18789,0.07205882668495178,-5.583333492279053
18790,-0.044607844203710556,-4.977941036224365
18791,0.03235294297337532,-4.360294342041016
18792,0.022549020126461983,-3.598039150238037
18793,0.0049019609577953815,-2.8308823108673096
18794,0.05245098099112511,-2.1151959896087646
18795,0.01274509821087122,-1.313725471496582
18796,0.022058824077248573,-0.46568626165390015
18797,0.05098039284348488,0.281862735748291
18798,0.07156863063573837,1.0882352590560913
18799,0.0058823530562222,1.877450942993164
18800,0.07107843458652496,2.5784313678741455
18801,0.008333333767950535,3.4460785388946533
18802,0.0519607849419117,4.083333492279053
18803,0.028921568766236305,4.705882549285889
18804,0.03333333507180214,5.36274528503418
18805,0.029411764815449715,5.906862735748291
18806,0.02450980432331562,6.401960849761963
18807,0.01666666753590107,6.80637264251709
18808,0.021078431978821754,7.200980186462402
18809,0.01715686358511448,7.546568393707275
18810,0.019607843831181526,7.764705657958984
18811,0.02598039247095585,7.953431606292725
18812,0.010294117964804173,8.063725471496582
18813,0.008823529817163944,8.125
18814,0.0058823530562222,8.129901885986328
18815,0.0,8.083333015441895
18816,-0.007843137718737125,7.867647171020508
18817,-0.009803921915590763,7.691176414489746
18818,-0.010294117964804173,7.44362735748291
18819,-0.018137255683541298,7.129901885986328
18820,-0.011274510063230991,6.821078300476074
18821,-0.019607843831181526,6.375
18822,-0.02598039247095585,5.914215564727783
18823,-0.02598039247095585,5.455882549285889
18824,-0.021078431978821754,4.938725471496582
18825,-0.0313725508749485,4.36274528503418
18826,-0.03284313902258873,3.816176414489746
18827,-0.036274511367082596,3.220588207244873
18828,-0.03431372717022896,2.5710785388946533
18829,-0.0416666679084301,1.9730392694473267
18830,-0.04313725605607033,1.2990195751190186
18831,-0.03970588371157646,0.656862735748291
18832,-0.03480392321944237,0.019607843831181526
18833,-0.04019607976078987,-0.6102941036224365
18834,-0.04950980469584465,-1.2867647409439087
18835,-0.045588236302137375,-1.877450942993164
18836,-0.04215686395764351,-2.4583332538604736
18837,-0.038235295563936234,-3.0441176891326904
18838,-0.044607844203710556,-3.6470587253570557
18839,-0.045588236302137375,-4.127450942993164
18840,-0.03872549161314964,-4.63725471496582
18841,-0.036274511367082596,-5.100490093231201
18842,-0.030392156913876534,-5.546568393707275
18843,-0.02598039247095585,-5.936274528503418
18844,-0.03284313902258873,-6.225490093231201
18845,-0.03186274692416191,-6.539215564727783
18846,-0.020098039880394936,-6.757352828979492
18847,-0.02500000037252903,-6.919117450714111
18848,-0.0049019609577953815,-7.024509906768799
18849,-0.03529411926865578,-7.093137264251709
18850,0.011274510063230991,-7.075980186462402
18851,0.0887254923582077,-6.975490093231201
18852,-0.5661764740943909,-6.960784435272217
18853,0.3754901885986328,-6.651960849761963
18854,-0.22794117033481598,-6.404411792755127
18855,0.06421568989753723,-6.100490093231201
18856,0.014705882407724857,-5.654411792755127
18857,-0.07352941483259201,-5.232842922210693
18858,0.062254901975393295,-4.76225471496582
18859,0.01666666753590107,-4.213235378265381
18860,-0.01225490216165781,-3.598039150238037
18861,0.07156863063573837,-2.936274528503418
18862,0.0034313725773245096,-2.2720587253570557
18863,0.05637254938483238,-1.5367647409439087
18864,0.021568628028035164,-0.8014705777168274
18865,0.030882352963089943,-0.06862745434045792
18866,0.04313725605607033,0.6911764740943909
18867,0.03333333507180214,1.4852941036224365
18868,0.04362745210528374,2.281862735748291
18869,0.04215686395764351,3.0098040103912354
18870,0.044607844203710556,3.776960849761963
18871,0.04264706000685692,4.460784435272217
18872,0.03284313902258873,5.223039150238037
18873,0.03872549161314964,5.833333492279053
18874,0.029901960864663124,6.441176414489746
18875,0.03431372717022896,6.958333492279053
18876,0.03382353112101555,7.475490093231201
18877,0.02401960827410221,7.882352828979492
18878,0.02450980432331562,8.27450942993164
18879,0.029901960864663124,8.52450942993164
18880,0.019607843831181526,8.764705657958984
18881,0.0034313725773245096,8.916666984558105
18882,0.009313725866377354,8.953431129455566
18883,0.01225490216165781,8.946078300476074
18884,-0.0049019609577953815,8.894607543945312
18885,0.0,8.740196228027344
18886,-0.0058823530562222,8.507352828979492
18887,-0.021568628028035164,8.188725471496582
18888,-0.014215686358511448,7.821078300476074
18889,-0.018137255683541298,7.389705657958984
18890,-0.03186274692416191,6.93137264251709
18891,-0.0313725508749485,6.372549057006836
18892,-0.03235294297337532,5.767157077789307
18893,-0.027941176667809486,5.090686321258545
18894,-0.029411764815449715,4.497549057006836
18895,-0.03235294297337532,3.8235294818878174
18896,-0.03431372717022896,3.100490093231201
18897,-0.03480392321944237,2.338235378265381
18898,-0.036764707416296005,1.6397058963775635
18899,-0.0416666679084301,0.9215686321258545
18900,-0.05000000074505806,0.21568627655506134
18901,-0.045588236302137375,-0.4852941036224365
18902,-0.04362745210528374,-1.1740195751190186
18903,-0.045588236302137375,-1.875
18904,0.00147058826405555,-2.495098114013672
18905,0.010294117964804173,-3.1421568393707275
18906,0.003921568859368563,-3.6666667461395264
18907,-0.0519607849419117,-4.232842922210693
18908,-0.03284313902258873,-4.727941036224365
18909,-0.028921568766236305,-5.144608020782471
18910,-0.05882352963089943,-5.519608020782471
18911,-0.014705882407724857,-5.870098114013672
18912,-0.027450980618596077,-6.110294342041016
18913,-0.02500000037252903,-6.360294342041016
18914,-0.021078431978821754,-6.541666507720947
18915,-0.014215686358511448,-6.723039150238037
18916,-0.01225490216165781,-6.821078300476074
18917,-0.0117647061124444,-6.852941036224365
18918,-0.010294117964804173,-6.828431606292725
18919,-0.0019607844296842813,-6.75
18920,0.0024509804788976908,-6.686274528503418
18921,-0.0009803922148421407,-6.51225471496582
18922,0.009313725866377354,-6.31862735748291
18923,0.00637254910543561,-6.115196228027344
18924,0.01225490216165781,-5.845588207244873
18925,0.01225490216165781,-5.522058963775635
18926,0.015196078456938267,-5.139705657958984
18927,0.019117647781968117,-4.808823585510254
18928,0.00637254910543561,-4.350490093231201
18929,0.014705882407724857,-3.9142158031463623
18930,0.01764705963432789,-3.4191176891326904
18931,0.027450980618596077,-2.936274528503418
18932,0.02549019642174244,-2.3848040103912354
18933,0.022549020126461983,-1.9191176891326904
18934,0.03284313902258873,-1.2965686321258545
18935,0.02401960827410221,-0.7034313678741455
18936,0.03872549161314964,-0.09068627655506134
18937,0.029411764815449715,0.49754902720451355
18938,0.027941176667809486,1.0980392694473267
18939,0.03970588371157646,1.6666666269302368
18940,0.026960784569382668,2.31862735748291
18941,0.027941176667809486,2.9166667461395264
18942,0.03333333507180214,3.534313678741455
18943,0.03970588371157646,4.132352828979492
18944,0.04019607976078987,4.708333492279053
18945,0.03186274692416191,5.276960849761963
18946,0.03284313902258873,5.772058963775635
18947,0.02549019642174244,6.279411792755127
18948,0.01568627543747425,6.754901885986328
18949,0.020588235929608345,7.139705657958984
18950,0.013725490309298038,7.544117450714111
18951,0.007843137718737125,7.850490093231201
18952,0.019117647781968117,8.154411315917969
18953,0.02500000037252903,8.328431129455566
18954,0.0058823530562222,8.563725471496582
18955,0.010294117964804173,8.642156600952148
18956,0.007843137718737125,8.71813678741455
18957,0.006862745154649019,8.69362735748291
18958,0.006862745154649019,8.61274528503418
18959,0.0024509804788976908,8.52450942993164
18960,-0.0029411765281111,8.269607543945312
18961,-0.0058823530562222,8.02450942993164
18962,-0.0019607844296842813,7.715686321258545
18963,-0.021568628028035164,7.316176414489746
18964,-0.007352941203862429,6.848039150238037
18965,-0.03186274692416191,6.394608020782471
18966,-0.010784314014017582,5.833333492279053
18967,-0.02598039247095585,5.230391979217529
18968,-0.03431372717022896,4.610294342041016
18969,-0.03235294297337532,3.9901959896087646
18970,-0.035784315317869186,3.279411792755127
18971,-0.04411764815449715,2.566176414489746
18972,-0.036764707416296005,1.8504902124404907
18973,-0.03235294297337532,1.125
18974,-0.04068627581000328,0.3897058963775635
18975,-0.044607844203710556,-0.3602941036224365
18976,-0.04117647185921669,-1.0416666269302368
18977,-0.04117647185921669,-1.7720588445663452
18978,-0.030392156913876534,-2.4583332538604736
18979,-0.035784315317869186,-3.0759804248809814
18980,-0.054411765187978745,-3.7328431606292725
18981,-0.04215686395764351,-4.308823585510254
18982,-0.030882352963089943,-4.789215564727783
18983,-0.030882352963089943,-5.294117450714111
18984,-0.03970588371157646,-5.732842922210693
18985,-0.03529411926865578,-6.144608020782471
18986,0.01225490216165781,-6.492647171020508
18987,-0.03186274692416191,-6.720588207244873
18988,-0.008823529817163944,-6.963235378265381
18989,-0.018627451732754707,-7.117647171020508
18990,-0.010294117964804173,-7.240196228027344
18991,-0.007352941203862429,-7.269608020782471
18992,-0.008823529817163944,-7.348039150238037
18993,-0.004411764908581972,-7.232842922210693
18994,-0.0019607844296842813,-7.132352828979492
18995,-0.0019607844296842813,-7.05637264251709
18996,-0.00637254910543561,-6.825980186462402
18997,-0.00147058826405555,-6.61274528503418
18998,0.003921568859368563,-6.313725471496582
18999,0.01764705963432789,-5.995098114013672
19000,0.013725490309298038,-5.691176414489746
19001,0.020098039880394936,-5.26225471496582
19002,0.014705882407724857,-4.860294342041016
19003,0.01666666753590107,-4.458333492279053
19004,0.026960784569382668,-4.029411792755127
19005,0.02549019642174244,-3.5098040103912354
19006,0.026960784569382668,-3.0392158031463623
19007,0.022058824077248573,-2.563725471496582
19008,0.026470588520169258,-2.024509906768799
19009,0.022549020126461983,-1.5171568393707275
19010,0.022058824077248573,-0.9803921580314636
19011,0.014215686358511448,-0.42401960492134094
19012,0.054901961237192154,0.05637254938483238
19013,0.03431372717022896,0.6299019455909729
19014,0.04019607976078987,1.1617647409439087
19015,0.01666666753590107,1.7058823108673096
19016,-0.004411764908581972,2.2279412746429443
19017,0.01666666753590107,2.7622549533843994
19018,0.010784314014017582,3.276960849761963
19019,-0.005392157007008791,3.7671568393707275
19020,0.013725490309298038,4.272058963775635
19021,0.0,4.76225471496582
19022,0.020588235929608345,5.215686321258545
19023,0.01617647148668766,5.651960849761963
19024,0.014215686358511448,6.095588207244873
19025,0.013725490309298038,6.492647171020508
19026,0.0117647061124444,6.86274528503418
19027,0.019607843831181526,7.159313678741455
19028,0.010294117964804173,7.455882549285889
19029,0.021568628028035164,7.776960849761963
19030,0.011274510063230991,8.007352828979492
19031,0.007843137718737125,8.16911792755127
19032,-0.0024509804788976908,8.325980186462402
19033,0.006862745154649019,8.421568870544434
19034,0.014215686358511448,8.492647171020508
19035,-0.0009803922148421407,8.477941513061523
19036,-0.005392157007008791,8.46813678741455
19037,-0.008333333767950535,8.303921699523926
19038,-0.0034313725773245096,8.186274528503418
19039,0.07401961088180542,8.029411315917969
19040,0.06568627804517746,7.742647171020508
19041,0.019117647781968117,7.394608020782471
19042,0.013235294260084629,7.080882549285889
19043,0.00147058826405555,6.664215564727783
19044,-0.019117647781968117,6.196078300476074
19045,-0.019607843831181526,5.705882549285889
19046,-0.019117647781968117,5.176470756530762
19047,-0.029411764815449715,4.573529243469238
19048,-0.030882352963089943,4.063725471496582
19049,-0.03235294297337532,3.370098114013672
19050,-0.028431372717022896,2.7303922176361084
19051,-0.026470588520169258,2.0514705181121826
19052,-0.037254903465509415,1.3627450466156006
19053,-0.04411764815449715,0.7303921580314636
19054,-0.046568628400564194,0.022058824077248573
19055,-0.04117647185921669,-0.6642156839370728
19056,-0.03872549161314964,-1.345588207244873
19057,-0.04313725605607033,-1.9877450466156006
19058,-0.0313725508749485,-2.6151959896087646
19059,-0.046568628400564194,-3.2401959896087646
19060,-0.03872549161314964,-3.7916667461395264
19061,-0.035784315317869186,-4.328431606292725
19062,-0.035784315317869186,-4.838235378265381
19063,-0.036274511367082596,-5.296568393707275
19064,-0.036274511367082596,-5.688725471496582
19065,-0.026960784569382668,-6.075980186462402
19066,-0.02598039247095585,-6.389705657958984
19067,-0.030392156913876534,-6.700980186462402
19068,-0.027941176667809486,-6.899509906768799
19069,-0.030882352963089943,-7.075980186462402
19070,-0.01617647148668766,-7.210784435272217
19071,-0.01568627543747425,-7.289215564727783
19072,-0.01225490216165781,-7.316176414489746
19073,-0.0049019609577953815,-7.267157077789307
19074,-0.018137255683541298,-7.252450942993164
19075,-0.0009803922148421407,-7.144608020782471
19076,-0.00147058826405555,-6.98774528503418
19077,-0.0009803922148421407,-6.850490093231201
19078,-0.00147058826405555,-6.644608020782471
19079,0.00637254910543561,-6.328431606292725
19080,0.00637254910543561,-6.102941036224365
19081,0.004411764908581972,-5.813725471496582
19082,0.0,-5.48774528503418
19083,0.014215686358511448,-5.139705657958984
19084,0.021078431978821754,-4.725490093231201
19085,0.014705882407724857,-4.345588207244873
19086,0.00637254910543561,-3.936274528503418
19087,0.014705882407724857,-3.5171568393707275
19088,0.01715686358511448,-3.0735294818878174
19089,0.009313725866377354,-2.651960849761963
19090,0.019117647781968117,-2.2034313678741455
19091,0.026960784569382668,-1.7426470518112183
19092,0.01715686358511448,-1.279411792755127
19093,0.022549020126461983,-0.7769607901573181
19094,0.01666666753590107,-0.30392158031463623
19095,0.020098039880394936,0.16911764442920685
19096,0.022058824077248573,0.6397058963775635
19097,0.022058824077248573,1.156862735748291
19098,0.021568628028035164,1.6519607305526733
19099,0.02549019642174244,2.1666667461395264
19100,0.02500000037252903,2.6421568393707275
19101,0.029411764815449715,3.149509906768799
19102,0.01764705963432789,3.622549057006836
19103,0.027450980618596077,4.169117450714111
19104,0.018627451732754707,4.605391979217529
19105,0.03480392321944237,5.034313678741455
19106,0.022549020126461983,5.492647171020508
19107,0.018627451732754707,5.906862735748291
19108,0.01666666753590107,6.355391979217529
19109,0.027941176667809486,6.735294342041016
19110,0.03431372717022896,7.107842922210693
19111,0.03284313902258873,7.438725471496582
19112,0.022058824077248573,7.730391979217529
19113,0.01617647148668766,8.007352828979492
19114,0.0117647061124444,8.264705657958984
19115,0.011274510063230991,8.438725471496582
19116,0.01764705963432789,8.575980186462402
19117,0.01274509821087122,8.68137264251709
19118,0.011274510063230991,8.791666984558105
19119,0.009313725866377354,8.791666984558105
19120,0.02401960827410221,8.713234901428223
19121,-0.01225490216165781,8.64950942993164
19122,0.01274509821087122,8.553921699523926
19123,-0.019117647781968117,8.325980186462402
19124,-0.00637254910543561,8.08088207244873
19125,-0.018137255683541298,7.825980186462402
19126,-0.010294117964804173,7.485294342041016
19127,-0.01764705963432789,7.061274528503418
19128,-0.009803921915590763,6.720588207244873
19129,-0.021568628028035164,6.269608020782471
19130,-0.02401960827410221,5.745098114013672
19131,-0.027941176667809486,5.196078300476074
19132,-0.06960784643888474,4.683823585510254
19133,-0.022549020126461983,4.107842922210693
19134,-0.06421568989753723,3.536764621734619
19135,-0.020098039880394936,2.93137264251709
19136,-0.052941177040338516,2.30637264251709
19137,-0.0313725508749485,1.7034313678741455
19138,-0.7583333253860474,1.0
19139,-1.3558824062347412,0.3480392098426819
19140,0.7147058844566345,-0.09558823704719543
19141,-1.2240196466445923,-0.75
19142,0.28970587253570557,-1.2892156839370728
19143,-0.3014705777168274,-1.8504902124404907
19144,-0.07941176742315292,-2.370098114013672
19145,-0.11176470667123795,-2.8651959896087646
19146,-0.09215686470270157,-3.3627450466156006
19147,-0.07254902273416519,-3.7941176891326904
19148,-0.04215686395764351,-4.223039150238037
19149,-0.06911765038967133,-4.593137264251709
19150,-0.04068627581000328,-4.955882549285889
19151,-0.038235295563936234,-5.284313678741455
19152,-0.03921568766236305,-5.522058963775635
19153,-0.0313725508749485,-5.81862735748291
19154,-0.045588236302137375,-6.009803771972656
19155,-0.01764705963432789,-6.252450942993164
19156,-0.018627451732754707,-6.428921699523926
19157,-0.0235294122248888,-6.497549057006836
19158,-0.010294117964804173,-6.602941036224365
19159,-0.023039216175675392,-6.710784435272217
19160,-0.018137255683541298,-6.740196228027344
19161,-0.019117647781968117,-6.789215564727783
19162,-0.014705882407724857,-6.769608020782471
19163,-0.003921568859368563,-6.76225471496582
19164,-0.01225490216165781,-6.718137264251709
19165,0.0,-6.686274528503418
19166,-0.0004901961074210703,-6.575980186462402
19167,-0.0034313725773245096,-6.44362735748291
19168,0.0029411765281111,-6.316176414489746
19169,0.0009803922148421407,-6.230391979217529
19170,-0.00637254910543561,-5.960784435272217
19171,0.00147058826405555,-5.796568393707275
19172,-0.0034313725773245096,-5.598039150238037
19173,0.02549019642174244,-5.321078300476074
19174,-0.03235294297337532,-5.088235378265381
19175,0.0313725508749485,-4.791666507720947
19176,-0.004411764908581972,-4.507352828979492
19177,0.014705882407724857,-4.144608020782471
19178,0.0019607844296842813,-3.784313678741455
19179,0.0117647061124444,-3.3921568393707275
19180,0.01764705963432789,-2.9607841968536377
19181,0.0049019609577953815,-2.56862735748291
19182,0.011274510063230991,-2.1029412746429443
19183,0.02450980432331562,-1.6495097875595093
19184,0.01617647148668766,-1.0833333730697632
19185,0.01715686358511448,-0.5980392098426819
19186,0.022058824077248573,-0.06372549384832382
19187,0.02549019642174244,0.4950980246067047
19188,0.02450980432331562,1.0514706373214722
19189,0.026960784569382668,1.5735293626785278
19190,0.019607843831181526,2.161764621734619
19191,0.027450980618596077,2.776960849761963
19192,0.019607843831181526,3.3039214611053467
19193,0.026960784569382668,3.813725471496582
19194,0.01666666753590107,4.38725471496582
19195,0.028921568766236305,4.879901885986328
19196,0.027450980618596077,5.411764621734619
19197,0.01617647148668766,5.933823585510254
19198,0.02598039247095585,6.392157077789307
19199,0.01666666753590107,6.799019813537598
19200,0.020098039880394936,7.169117450714111
19201,0.01274509821087122,7.5
19202,0.0235294122248888,7.86274528503418
19203,0.014215686358511448,8.117647171020508
19204,0.01225490216165781,8.31862735748291
19205,0.01666666753590107,8.514705657958984
19206,0.005392157007008791,8.629901885986328
19207,0.07009804248809814,8.76225471496582
19208,-0.7191176414489746,8.732843399047852
19209,0.16764706373214722,8.764705657958984
19210,-0.15539215505123138,8.816176414489746
19211,-0.07990196347236633,8.727941513061523
19212,0.009803921915590763,8.651960372924805
19213,-0.062254901975393295,8.41911792755127
19214,-0.04411764815449715,8.267156600952148
19215,0.03431372717022896,8.034314155578613
19216,-0.07401961088180542,7.799019813537598
19217,-0.0024509804788976908,7.55637264251709
19218,-0.04411764815449715,7.245098114013672
19219,-0.014215686358511448,6.906862735748291
19220,-0.029411764815449715,6.566176414489746
19221,-0.036274511367082596,6.220588207244873
19222,-0.026470588520169258,5.86274528503418
19223,-0.0313725508749485,5.497549057006836
19224,-0.026960784569382668,5.161764621734619
19225,-0.04950980469584465,4.703431606292725
19226,-0.021568628028035164,4.321078300476074
19227,-0.030882352963089943,3.9485294818878174
19228,-0.022058824077248573,3.5416667461395264
19229,-0.030882352963089943,3.120098114013672
19230,-0.029411764815449715,2.7107841968536377
19231,-0.02401960827410221,2.3284313678741455
19232,-0.02549019642174244,1.941176414489746
19233,-0.020098039880394936,1.5245097875595093
19234,-0.0235294122248888,1.1348038911819458
19235,-0.026470588520169258,0.7279411554336548
19236,-0.03333333507180214,0.30882352590560913
19237,-0.02598039247095585,-0.05882352963089943
19238,-0.04264706000685692,-0.4313725531101227
19239,-0.026470588520169258,-0.8799019455909729
19240,-0.029901960864663124,-1.2647058963775635
19241,-0.03872549161314964,-1.6519607305526733
19242,-0.027941176667809486,-2.0220587253570557
19243,-0.02500000037252903,-2.4240195751190186
19244,-0.030882352963089943,-2.8333332538604736
19245,-0.028921568766236305,-3.2377450466156006
19246,-0.02549019642174244,-3.6127450466156006
19247,-0.03235294297337532,-4.051470756530762
19248,-0.030392156913876534,-4.426470756530762
19249,-0.029901960864663124,-4.816176414489746
19250,-0.028921568766236305,-5.161764621734619
19251,-0.028431372717022896,-5.539215564727783
19252,-0.019117647781968117,-5.870098114013672
19253,-0.030392156913876534,-6.200980186462402
19254,-0.0235294122248888,-6.492647171020508
19255,-0.01715686358511448,-6.767157077789307
19256,-0.014215686358511448,-7.019608020782471
19257,-0.022058824077248573,-7.276960849761963
19258,-0.020098039880394936,-7.44362735748291
19259,-0.01666666753590107,-7.61274528503418
19260,-0.018137255683541298,-7.754901885986328
19261,-0.026470588520169258,-7.784313678741455
19262,-0.018137255683541298,-7.870098114013672
19263,-0.00637254910543561,-7.813725471496582
19264,-0.008333333767950535,-7.759803771972656
19265,-0.011274510063230991,-7.713235378265381
19266,-0.0004901961074210703,-7.536764621734619
19267,-0.0024509804788976908,-7.411764621734619
19268,0.0,-7.252450942993164
19269,-0.0058823530562222,-6.98774528503418
19270,0.021078431978821754,-6.69362735748291
19271,-0.006862745154649019,-6.409313678741455
19272,0.10147058963775635,-6.066176414489746
19273,1.0700980424880981,-5.634803771972656
19274,-1.0284314155578613,-5.343137264251709
19275,1.225000023841858,-4.840686321258545
19276,-0.8715686202049255,-4.455882549285889
19277,0.4676470458507538,-4.0
19278,-0.12843137979507446,-3.526960849761963
19279,0.1039215698838234,-3.029411792755127
19280,0.07500000298023224,-2.5196077823638916
19281,-0.007843137718737125,-2.0833332538604736
19282,0.04901960864663124,-1.5563725233078003
19283,0.07500000298023224,-1.1200979948043823
19284,-0.03382353112101555,-0.6299019455909729
19285,0.06862745434045792,-0.16911764442920685
19286,0.007843137718737125,0.20588235557079315
19287,0.03480392321944237,0.6715686321258545
19288,0.026470588520169258,1.1470588445663452
19289,0.018137255683541298,1.529411792755127
19290,0.01274509821087122,1.9240195751190186
19291,0.03480392321944237,2.3039214611053467
19292,-0.0049019609577953815,2.691176414489746
19293,0.04950980469584465,2.995098114013672
19294,-0.006862745154649019,3.3897058963775635
19295,-0.008333333767950535,3.7279412746429443
19296,0.022058824077248573,4.024509906768799
19297,-0.0009803922148421407,4.308823585510254
19298,0.009313725866377354,4.607842922210693
19299,0.011274510063230991,4.892157077789307
19300,0.0058823530562222,5.171568393707275
19301,0.01568627543747425,5.438725471496582
19302,0.009313725866377354,5.676470756530762
19303,0.009313725866377354,5.968137264251709
19304,0.01617647148668766,6.242647171020508
19305,0.006862745154649019,6.419117450714111
19306,0.008823529817163944,6.696078300476074
19307,0.015196078456938267,6.901960849761963
19308,0.005392157007008791,7.154411792755127
19309,0.013725490309298038,7.348039150238037
19310,0.0049019609577953815,7.544117450714111
19311,0.009803921915590763,7.725490093231201
19312,0.009313725866377354,7.894608020782471
19313,0.00637254910543561,8.10049057006836
19314,0.009313725866377354,8.269607543945312
19315,0.00147058826405555,8.345588684082031
19316,0.009803921915590763,8.421568870544434
19317,-0.0019607844296842813,8.536765098571777
19318,0.0117647061124444,8.571078300476074
19319,0.01274509821087122,8.575980186462402
19320,-0.03186274692416191,8.573529243469238
19321,0.0009803922148421407,8.51225471496582
19322,-0.013235294260084629,8.428921699523926
19323,-0.010294117964804173,8.345588684082031
19324,-0.0034313725773245096,8.166666984558105
19325,-0.013725490309298038,7.995098114013672
19326,-0.013235294260084629,7.767157077789307
19327,-0.013235294260084629,7.51225471496582
19328,-0.022058824077248573,7.247549057006836
19329,-0.01225490216165781,6.960784435272217
19330,-0.023039216175675392,6.622549057006836
19331,-0.018627451732754707,6.200980186462402
19332,-0.02450980432331562,5.823529243469238
19333,-0.01764705963432789,5.382352828979492
19334,-0.03382353112101555,4.921568393707275
19335,-0.0313725508749485,4.460784435272217
19336,-0.02401960827410221,4.024509906768799
19337,-0.037745099514722824,3.5833332538604736
19338,-0.03970588371157646,3.0759804248809814
19339,-0.03431372717022896,2.536764621734619
19340,-0.03333333507180214,2.0759804248809814
19341,-0.022549020126461983,1.6029411554336548
19342,-0.05686274543404579,1.0833333730697632
19343,0.10833333432674408,0.6323529481887817
19344,0.5401960611343384,0.1985294073820114
19345,-0.46078431606292725,-0.29901960492134094
19346,0.4426470696926117,-0.6666666865348816
19347,-0.12156862765550613,-1.0808823108673096
19348,0.03186274692416191,-1.5171568393707275
19349,0.05833333358168602,-1.8823529481887817
19350,-0.04852941259741783,-2.2303922176361084
19351,0.02500000037252903,-2.5490195751190186
19352,-0.020098039880394936,-2.8848040103912354
19353,-0.06617647409439087,-3.125
19354,0.022549020126461983,-3.4166667461395264
19355,-0.035784315317869186,-3.6985294818878174
19356,-0.008823529817163944,-3.9460785388946533
19357,-0.01617647148668766,-4.171568393707275
19358,-0.0235294122248888,-4.389705657958984
19359,-0.018137255683541298,-4.627450942993164
19360,-0.020588235929608345,-4.80637264251709
19361,-0.01225490216165781,-5.0
19362,-0.011274510063230991,-5.245098114013672
19363,-0.02549019642174244,-5.370098114013672
19364,-0.028431372717022896,-5.546568393707275
19365,-0.01764705963432789,-5.75
19366,-0.022058824077248573,-5.93137264251709
19367,-0.019607843831181526,-6.105391979217529
19368,-0.026960784569382668,-6.291666507720947
19369,-0.023039216175675392,-6.436274528503418
19370,-0.01715686358511448,-6.600490093231201
19371,-0.01764705963432789,-6.696078300476074
19372,-0.0235294122248888,-6.835784435272217
19373,-0.008333333767950535,-6.982842922210693
19374,-0.010784314014017582,-7.125
19375,-0.015196078456938267,-7.205882549285889
19376,-0.015196078456938267,-7.296568393707275
19377,-0.022058824077248573,-7.343137264251709
19378,-0.0235294122248888,-7.377450942993164
19379,-0.007843137718737125,-7.392157077789307
19380,-0.01764705963432789,-7.377450942993164
19381,-0.007352941203862429,-7.345588207244873
19382,-0.0019607844296842813,-7.294117450714111
19383,-0.0049019609577953815,-7.227941036224365
19384,-0.011274510063230991,-7.095588207244873
19385,0.00637254910543561,-6.914215564727783
19386,0.003921568859368563,-6.774509906768799
19387,0.00147058826405555,-6.495098114013672
19388,0.0024509804788976908,-6.213235378265381
19389,0.003921568859368563,-6.0
19390,-0.0029411765281111,-5.647058963775635
19391,0.020098039880394936,-5.335784435272217
19392,0.015196078456938267,-4.980391979217529
19393,0.008333333767950535,-4.593137264251709
19394,0.005392157007008791,-4.223039150238037
19395,0.01225490216165781,-3.7990195751190186
19396,0.05098039284348488,-3.308823585510254
19397,0.05049019679427147,-2.867647171020508
19398,0.06862745434045792,-2.409313678741455
19399,0.014705882407724857,-2.024509906768799
19400,0.03529411926865578,-1.5049020051956177
19401,0.01715686358511448,-1.0784313678741455
19402,0.003921568859368563,-0.6323529481887817
19403,0.0117647061124444,-0.18382352590560913
19404,0.03529411926865578,0.25735294818878174
19405,0.0117647061124444,0.6470588445663452
19406,0.04019607976078987,1.0563725233078003
19407,0.013235294260084629,1.433823585510254
19408,0.022549020126461983,1.816176414489746
19409,0.014705882407724857,2.1470587253570557
19410,0.02549019642174244,2.470588207244873
19411,0.020098039880394936,2.838235378265381
19412,0.022549020126461983,3.100490093231201
19413,0.0117647061124444,3.3897058963775635
19414,0.02500000037252903,3.6764705181121826
19415,0.013235294260084629,3.8921568393707275
19416,0.0009803922148421407,4.125
19417,0.009313725866377354,4.409313678741455
19418,0.01617647148668766,4.571078300476074
19419,0.01617647148668766,4.791666507720947
19420,0.004411764908581972,4.968137264251709
19421,0.007352941203862429,5.220588207244873
19422,0.01225490216165781,5.397058963775635
19423,0.015196078456938267,5.61274528503418
19424,0.01225490216165781,5.828431606292725
19425,0.019607843831181526,6.002450942993164
19426,0.013725490309298038,6.247549057006836
19427,0.0019607844296842813,6.480391979217529
19428,0.019607843831181526,6.632352828979492
19429,0.008823529817163944,6.835784435272217
19430,0.01617647148668766,7.024509906768799
19431,0.01225490216165781,7.254901885986328
19432,0.01617647148668766,7.458333492279053
19433,0.008333333767950535,7.723039150238037
19434,0.0117647061124444,7.865196228027344
19435,0.022058824077248573,7.997549057006836
19436,0.007843137718737125,8.20588207244873
19437,0.008333333767950535,8.357843399047852
19438,0.018137255683541298,8.502450942993164
19439,0.00637254910543561,8.620098114013672
19440,0.011274510063230991,8.723039627075195
19441,0.003921568859368563,8.78186321258545
19442,0.0,8.825980186462402
19443,0.004411764908581972,8.877450942993164
19444,0.011274510063230991,8.86274528503418
19445,-0.00637254910543561,8.857843399047852
19446,0.013725490309298038,8.759803771972656
19447,0.004411764908581972,8.642156600952148
19448,-0.008333333767950535,8.551470756530762
19449,-0.014215686358511448,8.409314155578613
19450,0.0049019609577953815,8.164216041564941
19451,-0.008823529817163944,8.009803771972656
19452,-0.010294117964804173,7.708333492279053
19453,-0.010294117964804173,7.399509906768799
19454,-0.01666666753590107,7.18137264251709
19455,-0.01666666753590107,6.843137264251709
19456,-0.00637254910543561,6.541666507720947
19457,-0.04068627581000328,6.198529243469238
19458,-0.0058823530562222,5.816176414489746
19459,-0.03235294297337532,5.473039150238037
19460,-0.027941176667809486,5.061274528503418
19461,-0.02549019642174244,4.669117450714111
19462,-0.020098039880394936,4.294117450714111
19463,-0.018137255683541298,3.9485294818878174
19464,-0.020098039880394936,3.588235378265381
19465,-0.01617647148668766,3.245098114013672
19466,-0.01715686358511448,2.875
19467,-0.020588235929608345,2.502450942993164
19468,-0.028921568766236305,2.254901885986328
19469,-0.01666666753590107,1.9166666269302368
19470,-0.023039216175675392,1.5980392694473267
19471,-0.023039216175675392,1.3186274766921997
19472,-0.014215686358511448,1.0563725233078003
19473,-0.01715686358511448,0.8039215803146362
19474,-0.010294117964804173,0.529411792755127
19475,-0.02549019642174244,0.28431373834609985
19476,-0.015196078456938267,0.06617647409439087
19477,-0.022058824077248573,-0.16911764442920685
19478,-0.026470588520169258,-0.42892158031463623
19479,-0.02598039247095585,-0.6151960492134094
19480,-0.02401960827410221,-0.8210784196853638
19481,-0.014215686358511448,-1.061274528503418
19482,-0.027941176667809486,-1.3186274766921997
19483,-0.021078431978821754,-1.5245097875595093
19484,-0.021568628028035164,-1.7916666269302368
19485,-0.018137255683541298,-2.0196077823638916
19486,-0.021078431978821754,-2.316176414489746
19487,-0.0117647061124444,-2.566176414489746
19488,-0.01764705963432789,-2.8872549533843994
19489,-0.018627451732754707,-3.1446077823638916
19490,-0.01764705963432789,-3.495098114013672
19491,-0.022549020126461983,-3.7352941036224365
19492,-0.026470588520169258,-4.093137264251709
19493,-0.02500000037252903,-4.411764621734619
19494,-0.020588235929608345,-4.723039150238037
19495,-0.01666666753590107,-5.061274528503418
19496,-0.01666666753590107,-5.382352828979492
19497,-0.028431372717022896,-5.671568393707275
19498,-0.02598039247095585,-5.953431606292725
19499,-0.02401960827410221,-6.235294342041016
19500,-0.03333333507180214,-6.544117450714111
19501,0.00637254910543561,-6.840686321258545
19502,-0.011274510063230991,-7.017157077789307
19503,-0.003921568859368563,-7.276960849761963
19504,-0.0049019609577953815,-7.465686321258545
19505,-0.007843137718737125,-7.639705657958984
19506,-0.009803921915590763,-7.786764621734619
19507,-0.018627451732754707,-7.865196228027344
19508,-0.0235294122248888,-7.914215564727783
19509,-0.0034313725773245096,-7.98774528503418
19510,-0.0058823530562222,-7.98774528503418
19511,-0.018137255683541298,-7.946078300476074
19512,-0.018137255683541298,-7.924019813537598
19513,0.0009803922148421407,-7.857842922210693
19514,-0.010784314014017582,-7.759803771972656
19515,0.008823529817163944,-7.654411792755127
19516,-0.0009803922148421407,-7.519608020782471
19517,-0.0029411765281111,-7.348039150238037
19518,0.0,-7.186274528503418
19519,-0.0009803922148421407,-7.007352828979492
19520,-0.0049019609577953815,-6.794117450714111
19521,0.0,-6.595588207244873
19522,0.005392157007008791,-6.401960849761963
19523,0.005392157007008791,-6.166666507720947
19524,0.006862745154649019,-5.977941036224365
19525,0.0019607844296842813,-5.764705657958984
19526,0.009313725866377354,-5.625
19527,0.015196078456938267,-5.421568393707275
19528,0.00147058826405555,-5.269608020782471
19529,0.0,-5.071078300476074
19530,0.00637254910543561,-4.911764621734619
19531,0.10882353037595749,-4.725490093231201
19532,0.04901960864663124,-4.588235378265381
19533,0.045098040252923965,-4.504901885986328
19534,0.0313725508749485,-4.333333492279053
19535,0.027450980618596077,-4.220588207244873
19536,0.010784314014017582,-4.13725471496582
19537,0.007352941203862429,-3.995098114013672
19538,-0.004411764908581972,-3.875
19539,0.011274510063230991,-3.7009804248809814
19540,0.0,-3.5539214611053467
19541,0.008823529817163944,-3.470588207244873
19542,0.004411764908581972,-3.2892158031463623
19543,0.007843137718737125,-3.100490093231201
19544,0.008333333767950535,-2.899509906768799
19545,0.0117647061124444,-2.7303922176361084
19546,0.003921568859368563,-2.4558823108673096
19547,0.0058823530562222,-2.245098114013672
19548,0.0009803922148421407,-1.9583333730697632
19549,0.007352941203862429,-1.6740195751190186
19550,0.01568627543747425,-1.3210784196853638
19551,0.007843137718737125,-1.0245097875595093
19552,0.014705882407724857,-0.6593137383460999
19553,0.014705882407724857,-0.3014705777168274
19554,0.020098039880394936,0.09068627655506134
19555,0.027450980618596077,0.5049019455909729
19556,0.02598039247095585,0.9142156839370728
19557,0.01715686358511448,1.340686321258545
19558,0.03186274692416191,1.7132352590560913
19559,0.015196078456938267,2.0735294818878174
19560,0.03872549161314964,2.502450942993164
19561,0.030882352963089943,2.9191176891326904
19562,0.019117647781968117,3.279411792755127
19563,0.030882352963089943,3.659313678741455
19564,-0.008333333767950535,3.997549057006836
19565,0.0313725508749485,4.340686321258545
19566,0.010784314014017582,4.688725471496582
19567,0.01715686358511448,4.911764621734619
19568,0.010784314014017582,5.227941036224365
19569,0.01568627543747425,5.436274528503418
19570,0.006862745154649019,5.686274528503418
19571,0.020588235929608345,5.848039150238037
19572,0.009313725866377354,6.031862735748291
19573,0.0049019609577953815,6.186274528503418
19574,-0.0034313725773245096,6.274509906768799
19575,-0.0034313725773245096,6.377450942993164
19576,0.0058823530562222,6.495098114013672
19577,-0.0024509804788976908,6.482842922210693
19578,0.0029411765281111,6.61274528503418
19579,-0.007843137718737125,6.669117450714111
19580,0.0004901961074210703,6.671568393707275
19581,0.008333333767950535,6.740196228027344
19582,-0.0049019609577953815,6.727941036224365
19583,0.0049019609577953815,6.772058963775635
19584,0.0029411765281111,6.838235378265381
19585,0.0,6.843137264251709
19586,-0.0009803922148421407,6.982842922210693
19587,-0.00147058826405555,6.970588207244873
19588,-0.008333333767950535,7.014705657958984
19589,-0.0009803922148421407,7.107842922210693
19590,0.0,7.220588207244873
19591,0.006862745154649019,7.333333492279053
19592,0.0,7.426470756530762
19593,0.0024509804788976908,7.580882549285889
19594,0.010294117964804173,7.713235378265381
19595,0.008333333767950535,7.875
19596,0.007843137718737125,8.002450942993164
19597,-0.00147058826405555,8.132352828979492
19598,0.009313725866377354,8.303921699523926
19599,0.007352941203862429,8.404411315917969
19600,0.0034313725773245096,8.541666984558105
19601,0.00637254910543561,8.634803771972656
19602,0.0049019609577953815,8.732843399047852
19603,-0.0029411765281111,8.78186321258545
19604,0.0004901961074210703,8.879901885986328
19605,0.008823529817163944,8.916666984558105
19606,0.0024509804788976908,8.926470756530762
19607,0.004411764908581972,8.921568870544434
19608,-0.005392157007008791,8.865196228027344
19609,0.0,8.76225471496582
19610,-0.0019607844296842813,8.69362735748291
19611,-0.009313725866377354,8.573529243469238
19612,-0.015196078456938267,8.433823585510254
19613,-0.01225490216165781,8.171568870544434
19614,-0.05931372568011284,8.01225471496582
19615,-0.01225490216165781,7.830882549285889
19616,-0.04313725605607033,7.546568393707275
19617,-0.0117647061124444,7.242647171020508
19618,-0.029411764815449715,6.995098114013672
19619,-0.020588235929608345,6.691176414489746
19620,-0.03235294297337532,6.416666507720947
19621,-0.013235294260084629,6.100490093231201
19622,-0.05147058889269829,5.791666507720947
19623,0.006862745154649019,5.473039150238037
19624,-0.021568628028035164,5.23774528503418
19625,-0.02549019642174244,4.94362735748291
19626,-0.0004901961074210703,4.696078300476074
19627,-0.04313725605607033,4.433823585510254
19628,0.013235294260084629,4.25
19629,-0.046568628400564194,4.004901885986328
19630,0.003921568859368563,3.7720587253570557
19631,-0.01764705963432789,3.622549057006836
19632,-0.010784314014017582,3.44362735748291
19633,1.9142156839370728,3.475490093231201
19634,-0.7455882430076599,3.1740195751190186
19635,1.0696078538894653,3.090686321258545
19636,-0.0936274528503418,3.0196077823638916
19637,0.23088234663009644,2.8897058963775635
19638,0.07647059112787247,2.8014705181121826
19639,0.06519608199596405,2.683823585510254
19640,0.020588235929608345,2.598039150238037
19641,0.05931372568011284,2.5416667461395264
19642,-0.010294117964804173,2.406862735748291
19643,0.0416666679084301,2.3235294818878174
19644,-0.01617647148668766,2.215686321258545
19645,0.02401960827410221,2.0465686321258545
19646,-0.0019607844296842813,1.9117647409439087
19647,0.008823529817163944,1.720588207244873
19648,-0.03529411926865578,1.5171568393707275
19649,0.0019607844296842813,1.3063725233078003
19650,-0.01225490216165781,1.125
19651,-0.02500000037252903,0.8284313678741455
19652,-0.013235294260084629,0.6053921580314636
19653,-0.02401960827410221,0.28431373834609985
19654,-0.015196078456938267,-0.0416666679084301
19655,-0.015196078456938267,-0.3700980246067047
19656,-0.027941176667809486,-0.6470588445663452
19657,-0.02401960827410221,-1.0735293626785278
19658,-0.029411764815449715,-1.4436274766921997
19659,-0.0235294122248888,-1.8063725233078003
19660,-0.021568628028035164,-2.1372549533843994
19661,-0.018627451732754707,-2.4803922176361084
19662,-0.028921568766236305,-2.8308823108673096
19663,-0.02549019642174244,-3.223039150238037
19664,-0.0313725508749485,-3.531862735748291
19665,-0.028921568766236305,-3.870098114013672
19666,-0.0235294122248888,-4.127450942993164
19667,-0.028431372717022896,-4.394608020782471
19668,-0.021078431978821754,-4.651960849761963
19669,-0.0117647061124444,-4.81862735748291
19670,-0.03480392321944237,-5.051470756530762
19671,-0.004411764908581972,-5.178921699523926
19672,-0.030882352963089943,-5.321078300476074
19673,-0.014215686358511448,-5.438725471496582
19674,-0.01764705963432789,-5.48774528503418
19675,-0.0235294122248888,-5.563725471496582
19676,-0.013235294260084629,-5.598039150238037
19677,-0.022549020126461983,-5.634803771972656
19678,-0.006862745154649019,-5.629901885986328
19679,-0.007352941203862429,-5.627450942993164
19680,-0.0034313725773245096,-5.617647171020508
19681,0.0,-5.573529243469238
19682,-0.027450980618596077,-5.580882549285889
19683,-0.005392157007008791,-5.526960849761963
19684,-0.019607843831181526,-5.546568393707275
19685,-0.0004901961074210703,-5.502450942993164
19686,-0.0058823530562222,-5.514705657958984
19687,-0.004411764908581972,-5.580882549285889
19688,-0.01568627543747425,-5.541666507720947
19689,-0.014215686358511448,-5.598039150238037
19690,-0.013235294260084629,-5.69362735748291
19691,-0.015196078456938267,-5.794117450714111
19692,-0.01617647148668766,-5.938725471496582
19693,-0.02500000037252903,-6.093137264251709
19694,-0.019117647781968117,-6.171568393707275
19695,-0.035784315317869186,-6.411764621734619
19696,0.21568627655506134,-6.531862735748291
19697,0.5558823347091675,-6.661764621734619
19698,-0.4892156720161438,-6.941176414489746
19699,0.48235294222831726,-7.127450942993164
19700,-0.1558823585510254,-7.345588207244873
19701,0.06617647409439087,-7.549019813537598
19702,0.0470588244497776,-7.727941036224365
19703,-0.01568627543747425,-7.840686321258545
19704,0.014705882407724857,-8.04411792755127
19705,0.008333333767950535,-8.203431129455566
19706,-0.04215686395764351,-8.335783958435059
19707,0.018137255683541298,-8.404411315917969
19708,-0.014705882407724857,-8.409314155578613
19709,-0.00637254910543561,-8.502450942993164
19710,-0.01225490216165781,-8.48774528503418
19711,-0.008823529817163944,-8.526960372924805
19712,-0.0024509804788976908,-8.397058486938477
19713,-0.0019607844296842813,-8.379901885986328
19714,-0.006862745154649019,-8.227941513061523
19715,-0.0049019609577953815,-8.10049057006836
19716,-0.006862745154649019,-7.950980186462402
19717,0.014215686358511448,-7.76225471496582
19718,-0.0024509804788976908,-7.534313678741455
19719,0.0009803922148421407,-7.299019813537598
19720,0.0009803922148421407,-7.036764621734619
19721,-0.0019607844296842813,-6.889705657958984
19722,-0.006862745154649019,-6.647058963775635
19723,0.0058823530562222,-6.448529243469238
19724,-0.0029411765281111,-6.132352828979492
19725,0.0049019609577953815,-5.948529243469238
19726,-0.010294117964804173,-5.73774528503418
19727,0.0,-5.605391979217529
19728,0.005392157007008791,-5.409313678741455
19729,-0.0004901961074210703,-5.220588207244873
19730,-0.00147058826405555,-5.132352828979492
19731,0.00147058826405555,-5.066176414489746
19732,0.0009803922148421407,-4.965686321258545
19733,0.0024509804788976908,-4.904411792755127
19734,-0.0117647061124444,-4.901960849761963
19735,-0.0029411765281111,-4.877450942993164
19736,-0.004411764908581972,-4.909313678741455
19737,-0.008333333767950535,-4.894608020782471
19738,0.0009803922148421407,-4.948529243469238
19739,-0.01225490216165781,-5.017157077789307
19740,-0.014705882407724857,-5.085784435272217
19741,-0.006862745154649019,-5.132352828979492
19742,-0.011274510063230991,-5.218137264251709
19743,-0.010294117964804173,-5.205882549285889
19744,-0.00637254910543561,-5.257352828979492
19745,-0.008333333767950535,-5.311274528503418
19746,-0.01225490216165781,-5.279411792755127
19747,-0.014215686358511448,-5.225490093231201
19748,-0.0034313725773245096,-5.191176414489746
19749,-0.008823529817163944,-5.166666507720947
19750,-0.005392157007008791,-5.115196228027344
19751,-0.007352941203862429,-4.914215564727783
19752,0.0024509804788976908,-4.759803771972656
19753,0.007352941203862429,-4.553921699523926
19754,0.010784314014017582,-4.343137264251709
19755,0.0,-4.05637264251709
19756,0.007843137718737125,-3.8039214611053467
19757,0.01617647148668766,-3.5098040103912354
19758,0.0024509804788976908,-3.2107841968536377
19759,0.01225490216165781,-2.906862735748291
19760,0.01225490216165781,-2.561274528503418
19761,0.019117647781968117,-2.2009804248809814
19762,0.0058823530562222,-1.8602941036224365
19763,0.02500000037252903,-1.5220588445663452
19764,-0.0009803922148421407,-1.2230392694473267
19765,0.028431372717022896,-0.904411792755127
19766,0.028921568766236305,-0.6495097875595093
19767,-1.6259803771972656,-0.40931373834609985
19768,0.875,-0.08088235557079315
19769,-1.3441176414489746,0.14705882966518402
19770,0.4230392277240753,0.3799019753932953
19771,-0.31470587849617004,0.5735294222831726
19772,0.019117647781968117,0.6764705777168274
19773,-0.019607843831181526,0.843137264251709
19774,-0.10490196198225021,0.8897058963775635
19775,-0.0049019609577953815,0.9509803652763367
19776,0.013725490309298038,0.9950980544090271
19777,-0.06911765038967133,0.9828431606292725
19778,0.03921568766236305,0.970588207244873
19779,-0.07450980693101883,0.9142156839370728
19780,0.03480392321944237,0.875
19781,-0.044607844203710556,0.8259803652763367
19782,0.0024509804788976908,0.7941176295280457
19783,-0.01715686358511448,0.75
19784,-0.010784314014017582,0.6838235259056091
19785,-0.008823529817163944,0.6274510025978088
19786,-0.005392157007008791,0.5906862616539001
19787,-0.006862745154649019,0.6299019455909729
19788,0.0024509804788976908,0.6593137383460999
19789,-0.004411764908581972,0.6936274766921997
19790,-0.0024509804788976908,0.7401960492134094
19791,0.0029411765281111,0.845588207244873
19792,-0.008333333767950535,0.9901960492134094
19793,0.00637254910543561,1.2058823108673096
19794,0.0034313725773245096,1.3823529481887817
19795,0.008823529817163944,1.6004902124404907
19796,-0.0009803922148421407,1.8578431606292725
19797,0.0117647061124444,2.1421568393707275
19798,0.0058823530562222,2.404411792755127
19799,0.005392157007008791,2.747549057006836
19800,0.015196078456938267,3.058823585510254
19801,0.020098039880394936,3.3970587253570557
19802,0.01274509821087122,3.781862735748291
19803,0.013235294260084629,4.117647171020508
19804,0.005392157007008791,4.416666507720947
19805,0.027941176667809486,4.73774528503418
19806,0.006862745154649019,5.004901885986328
19807,0.023039216175675392,5.338235378265381
19808,0.00637254910543561,5.536764621734619
19809,0.01666666753590107,5.73774528503418
19810,0.01666666753590107,5.948529243469238
19811,0.007843137718737125,6.095588207244873
19812,0.009803921915590763,6.210784435272217
19813,-0.00147058826405555,6.286764621734619
19814,-0.006862745154649019,6.343137264251709
19815,-0.0009803922148421407,6.375
19816,-0.011274510063230991,6.335784435272217
19817,-0.0019607844296842813,6.26225471496582
19818,-0.003921568859368563,6.198529243469238
19819,-0.01225490216165781,6.100490093231201
19820,-0.014215686358511448,5.965686321258545
19821,-0.009803921915590763,5.843137264251709
19822,-0.009313725866377354,5.674019813537598
19823,-0.0034313725773245096,5.544117450714111
19824,-0.01617647148668766,5.409313678741455
19825,0.0,5.245098114013672
19826,-0.014215686358511448,5.139705657958984
19827,-0.0009803922148421407,5.049019813537598
19828,-0.008333333767950535,4.982842922210693
19829,-0.003921568859368563,4.894608020782471
19830,-0.0029411765281111,4.865196228027344
19831,0.01715686358511448,4.928921699523926
19832,-0.05098039284348488,4.919117450714111
19833,0.02598039247095585,4.992647171020508
19834,-0.022058824077248573,5.11274528503418
19835,0.008823529817163944,5.267157077789307
19836,0.0,5.477941036224365
19837,0.0,5.647058963775635
19838,0.005392157007008791,5.894608020782471
19839,0.00637254910543561,6.25
19840,0.003921568859368563,6.416666507720947
19841,0.08578431606292725,6.740196228027344
19842,0.49803921580314636,7.093137264251709
19843,-0.18529412150382996,7.321078300476074
19844,0.17107842862606049,7.580882549285889
19845,0.20098039507865906,7.916666507720947
19846,-0.10784313827753067,8.18137264251709
19847,0.16519607603549957,8.421568870544434
19848,-0.019607843831181526,8.588234901428223
19849,0.03529411926865578,8.799019813537598
19850,0.06911765038967133,8.946078300476074
19851,-0.05049019679427147,9.066176414489746
19852,0.05539215728640556,9.196078300476074
19853,0.0009803922148421407,9.174019813537598
19854,0.00147058826405555,9.176470756530762
19855,0.0024509804788976908,9.09313678741455
19856,-0.007843137718737125,9.041666984558105
19857,-0.0029411765281111,8.916666984558105
19858,0.003921568859368563,8.730392456054688
19859,-0.003921568859368563,8.583333015441895
19860,-0.00637254910543561,8.333333015441895
19861,-0.01715686358511448,8.164216041564941
19862,-0.019117647781968117,7.899509906768799
19863,-0.009313725866377354,7.632352828979492
19864,-0.01715686358511448,7.399509906768799
19865,-0.014705882407724857,7.151960849761963
19866,-0.019607843831181526,6.889705657958984
19867,-0.013235294260084629,6.683823585510254
19868,-0.0049019609577953815,6.485294342041016
19869,-0.02401960827410221,6.333333492279053
19870,-0.018137255683541298,6.210784435272217
19871,-0.006862745154649019,6.095588207244873
19872,-0.018627451732754707,6.063725471496582
19873,-0.018627451732754707,6.031862735748291
19874,-0.003921568859368563,6.098039150238037
19875,-0.0009803922148421407,6.149509906768799
19876,0.0009803922148421407,6.240196228027344
19877,-0.008333333767950535,6.379901885986328
19878,0.0009803922148421407,6.571078300476074
19879,0.0,6.75
19880,-0.006862745154649019,6.995098114013672
19881,0.0117647061124444,7.272058963775635
19882,0.003921568859368563,7.475490093231201
19883,0.01617647148668766,7.781862735748291
19884,0.013235294260084629,8.120098114013672
19885,0.0049019609577953815,8.33088207244873
19886,0.0058823530562222,8.625
19887,0.02500000037252903,8.828431129455566
19888,0.021568628028035164,9.078431129455566
19889,-0.0004901961074210703,9.29411792755127
19890,0.018137255683541298,9.44362735748291
19891,0.0024509804788976908,9.563725471496582
19892,0.019607843831181526,9.617647171020508
19893,-0.0313725508749485,9.63725471496582
19894,0.014705882407724857,9.590685844421387
19895,-0.022549020126461983,9.539216041564941
19896,-0.026470588520169258,9.441176414489746
19897,-0.010784314014017582,9.254901885986328
19898,-0.029411764815449715,9.06862735748291
19899,-0.020098039880394936,8.80637264251709
19900,-0.020588235929608345,8.566176414489746
19901,-0.01715686358511448,8.257352828979492
19902,-0.021568628028035164,7.948529243469238
19903,-0.028431372717022896,7.575980186462402
19904,-0.020098039880394936,7.279411792755127
19905,-0.013725490309298038,6.926470756530762
19906,-0.014705882407724857,6.578431606292725
19907,-0.021078431978821754,6.274509906768799
19908,-0.013725490309298038,6.01225471496582
19909,-0.014215686358511448,5.732842922210693
19910,-0.01715686358511448,5.526960849761963
19911,-0.01666666753590107,5.333333492279053
19912,-0.011274510063230991,5.191176414489746
19913,-0.003921568859368563,5.115196228027344
19914,-0.020588235929608345,5.031862735748291
19915,0.0024509804788976908,5.034313678741455
19916,-0.01715686358511448,5.088235378265381
19917,0.003921568859368563,5.147058963775635
19918,-0.0034313725773245096,5.289215564727783
19919,-0.0019607844296842813,5.475490093231201
19920,0.003921568859368563,5.710784435272217
19921,0.01274509821087122,5.970588207244873
19922,0.019117647781968117,6.220588207244873
19923,0.013725490309298038,6.575980186462402
19924,0.013235294260084629,6.838235378265381
19925,0.021078431978821754,7.169117450714111
19926,0.01274509821087122,7.424019813537598
19927,0.013235294260084629,7.715686321258545
19928,0.018627451732754707,7.995098114013672
19929,0.014705882407724857,8.220588684082031
19930,0.020588235929608345,8.47549057006836
19931,0.006862745154649019,8.59313678741455
19932,0.0117647061124444,8.720588684082031
19933,-0.0034313725773245096,8.80637264251709
19934,0.00147058826405555,8.845588684082031
19935,-0.0004901961074210703,8.767156600952148
19936,0.0004901961074210703,8.659314155578613
19937,-0.0034313725773245096,8.492647171020508
19938,-0.010784314014017582,8.348039627075195
19939,-0.011274510063230991,8.05637264251709
19940,-0.003921568859368563,7.754901885986328
19941,-0.01666666753590107,7.43137264251709
19942,-0.01715686358511448,7.029411792755127
19943,-0.020588235929608345,6.720588207244873
19944,-0.028921568766236305,6.276960849761963
19945,-0.028431372717022896,5.884803771972656
19946,-0.023039216175675392,5.441176414489746
19947,-0.019117647781968117,5.105391979217529
19948,-0.015196078456938267,4.678921699523926
19949,-0.026470588520169258,4.384803771972656
19950,-0.0313725508749485,4.031862735748291
19951,-0.023039216175675392,3.7352941036224365
19952,-0.013235294260084629,3.5147058963775635
19953,-0.018627451732754707,3.3039214611053467
19954,-0.007843137718737125,3.1691176891326904
19955,-0.01274509821087122,3.0710785388946533
19956,-0.036274511367082596,3.1102941036224365
19957,0.0034313725773245096,3.149509906768799
19958,-0.01617647148668766,3.2622549533843994
19959,0.007843137718737125,3.4191176891326904
19960,0.005392157007008791,3.661764621734619
19961,0.006862745154649019,3.867647171020508
19962,0.008333333767950535,4.200980186462402
19963,0.014705882407724857,4.509803771972656
19964,0.0058823530562222,4.897058963775635
19965,0.008823529817163944,5.247549057006836
19966,0.020098039880394936,5.654411792755127
19967,0.010784314014017582,5.997549057006836
19968,0.020588235929608345,6.316176414489746
19969,0.014705882407724857,6.666666507720947
19970,0.01568627543747425,6.963235378265381
19971,0.019117647781968117,7.203431606292725
19972,0.021078431978821754,7.436274528503418
19973,0.01225490216165781,7.578431606292725
19974,0.01568627543747425,7.710784435272217
19975,0.009803921915590763,7.740196228027344
19976,0.0004901961074210703,7.664215564727783
19977,0.0004901961074210703,7.607842922210693
19978,0.0004901961074210703,7.414215564727783
19979,-0.027941176667809486,7.227941036224365
19980,0.021078431978821754,6.965686321258545
19981,-0.014215686358511448,6.583333492279053
19982,-0.009803921915590763,6.242647171020508
19983,-0.011274510063230991,5.81862735748291
19984,-0.02500000037252903,5.325980186462402
19985,-0.022058824077248573,4.924019813537598
19986,-0.019117647781968117,4.377450942993164
19987,-0.04117647185921669,3.8553922176361084
19988,0.014215686358511448,3.4215686321258545
19989,-0.01666666753590107,2.9607841968536377
19990,-0.009313725866377354,2.561274528503418
19991,-0.009803921915590763,2.183823585510254
19992,-0.03970588371157646,1.8308823108673096
19993,0.0,1.5245097875595093
19994,-0.046078432351350784,1.279411792755127
19995,-0.019117647781968117,1.1519607305526733
19996,-0.021568628028035164,1.0539215803146362
19997,-0.013235294260084629,1.063725471496582
19998,-0.009313725866377354,1.090686321258545
19999,-0.0058823530562222,1.2230392694473267
20000,-0.010294117964804173,1.4240195751190186
20001,-0.004411764908581972,1.6397058963775635
20002,0.008823529817163944,1.2965686321258545
20003,-0.08284313976764679,0.11519607901573181
